loop counter = (0, 0, 0, 0, 0, 0, 0, 0, 0, 0, 0, 0, 0, 0, 0, 0, 0, 0, 0, 0, 0, 0, 0, 1, 0, 199, 0, 25387, 406192, 1624768, 507740, 507740, 507740, 507740, 0, 0, 0, 0, 0, 0, 0, 16, 64, 20, 20, 20, 20, )
ba6abfbf 6792fd55 b381c0c5 5058d21b 99c47b66
time 0 = 15800 us
loop counter = (0, 0, 0, 0, 0, 0, 0, 0, 0, 0, 0, 0, 0, 0, 0, 0, 0, 0, 0, 0, 0, 0, 0, 1, 0, 265, 0, 33913, 542608, 2170432, 678260, 678260, 678260, 678260, 0, 0, 0, 0, 0, 0, 0, 16, 64, 20, 20, 20, 20, )
9bea5eba e709b23d 704f453b ec4237e1 fa86348a
time 0 = 19871 us
loop counter = (0, 0, 0, 0, 0, 0, 0, 0, 0, 0, 0, 0, 0, 0, 0, 0, 0, 0, 0, 0, 0, 0, 0, 1, 0, 437, 0, 55883, 894128, 3576512, 1117660, 1117660, 1117660, 1117660, 0, 0, 0, 0, 0, 0, 0, 16, 64, 20, 20, 20, 20, )
fe56fd70 c99ce696 21e10a32 86e650a7 b07948fc
time 0 = 33168 us
loop counter = (0, 0, 0, 0, 0, 0, 0, 0, 0, 0, 0, 0, 0, 0, 0, 0, 0, 0, 0, 0, 0, 0, 0, 1, 0, 550, 0, 70367, 1125872, 4503488, 1407340, 1407340, 1407340, 1407340, 0, 0, 0, 0, 0, 0, 0, 16, 64, 20, 20, 20, 20, )
cd71b6ad 26af0af1 af1f4db8 633211ec 1e87e390
time 0 = 41957 us
loop counter = (0, 0, 0, 0, 0, 0, 0, 0, 0, 0, 0, 0, 0, 0, 0, 0, 0, 0, 0, 0, 0, 0, 0, 1, 0, 166, 0, 21146, 338336, 1353344, 422920, 422920, 422920, 422920, 0, 0, 0, 0, 0, 0, 0, 16, 64, 20, 20, 20, 20, )
51912dcb dd3c2f83 ed491e20 16db850b 0e0b5434
time 0 = 12526 us
loop counter = (0, 0, 0, 0, 0, 0, 0, 0, 0, 0, 0, 0, 0, 0, 0, 0, 0, 0, 0, 0, 0, 0, 0, 1, 0, 579, 0, 73986, 1183776, 4735104, 1479720, 1479720, 1479720, 1479720, 1, 16, 64, 20, 20, 20, 20, 16, 64, 20, 20, 20, 20, )
94a7a23c 34de915d 94866add 33abec55 8685d625
time 0 = 43110 us
loop counter = (0, 0, 0, 0, 0, 0, 0, 0, 0, 0, 0, 0, 0, 0, 0, 0, 0, 0, 0, 0, 0, 0, 0, 1, 0, 323, 0, 41218, 659488, 2637952, 824360, 824360, 824360, 824360, 0, 0, 0, 0, 0, 0, 0, 16, 64, 20, 20, 20, 20, )
567694b5 5e0987cd 85e84049 0d127023 d0c7f75d
time 0 = 24029 us
loop counter = (0, 0, 0, 0, 0, 0, 0, 0, 0, 0, 0, 0, 0, 0, 0, 0, 0, 0, 0, 0, 0, 0, 0, 1, 0, 445, 0, 56959, 911344, 3645376, 1139180, 1139180, 1139180, 1139180, 0, 0, 0, 0, 0, 0, 0, 16, 64, 20, 20, 20, 20, )
f7cbbb6c 32788e35 0e3bcded accd6e1f d07da696
time 0 = 33211 us
loop counter = (0, 0, 0, 0, 0, 0, 0, 0, 0, 0, 0, 0, 0, 0, 0, 0, 0, 0, 0, 0, 0, 0, 0, 1, 0, 303, 0, 38744, 619904, 2479616, 774880, 774880, 774880, 774880, 0, 0, 0, 0, 0, 0, 0, 16, 64, 20, 20, 20, 20, )
bd7c9ceb 828c88ca 0d6a3502 a740e657 89cd3296
time 0 = 22613 us
loop counter = (0, 0, 0, 0, 0, 0, 0, 0, 0, 0, 0, 0, 0, 0, 0, 0, 0, 0, 0, 0, 0, 0, 0, 1, 0, 323, 0, 41302, 660832, 2643328, 826040, 826040, 826040, 826040, 0, 0, 0, 0, 0, 0, 0, 16, 64, 20, 20, 20, 20, )
2366a297 af47ec76 eca5f9c0 3afea830 e97a93dc
time 0 = 24122 us
loop counter = (0, 0, 0, 0, 0, 0, 0, 0, 0, 0, 0, 0, 0, 0, 0, 0, 0, 0, 0, 0, 0, 0, 0, 1, 0, 129, 0, 16472, 263552, 1054208, 329440, 329440, 329440, 329440, 0, 0, 0, 0, 0, 0, 0, 16, 64, 20, 20, 20, 20, )
4ec9120c 4be05a78 ade3c62f 404f5d5b 37664df4
time 0 = 9453 us
loop counter = (0, 0, 0, 0, 0, 0, 0, 0, 0, 0, 0, 0, 0, 0, 0, 0, 0, 0, 0, 0, 0, 0, 0, 1, 0, 308, 0, 39315, 629040, 2516160, 786300, 786300, 786300, 786300, 0, 0, 0, 0, 0, 0, 0, 16, 64, 20, 20, 20, 20, )
9456a904 13543bf2 0a587e05 59e63579 c261f98f
time 0 = 22908 us
loop counter = (0, 0, 0, 0, 0, 0, 0, 0, 0, 0, 0, 0, 0, 0, 0, 0, 0, 0, 0, 0, 0, 0, 0, 1, 0, 328, 0, 41937, 670992, 2683968, 838740, 838740, 838740, 838740, 0, 0, 0, 0, 0, 0, 0, 16, 64, 20, 20, 20, 20, )
2a9cd026 4a396b36 fc676c74 4f0a5701 412634bd
time 0 = 24108 us
loop counter = (0, 0, 0, 0, 0, 0, 0, 0, 0, 0, 0, 0, 0, 0, 0, 0, 0, 0, 0, 0, 0, 0, 0, 1, 0, 217, 0, 27667, 442672, 1770688, 553340, 553340, 553340, 553340, 0, 0, 0, 0, 0, 0, 0, 16, 64, 20, 20, 20, 20, )
cd43487f a1812746 49603c49 82ed0891 6810a525
time 0 = 16121 us
loop counter = (0, 0, 0, 0, 0, 0, 0, 0, 0, 0, 0, 0, 0, 0, 0, 0, 0, 0, 0, 0, 0, 0, 0, 1, 0, 20, 0, 2543, 40688, 162752, 50860, 50860, 50860, 50860, 0, 0, 0, 0, 0, 0, 0, 16, 64, 20, 20, 20, 20, )
a429c12c f6cad340 aa03515b 29918a6e 9708ae25
time 0 = 1507 us
loop counter = (0, 0, 0, 0, 0, 0, 0, 0, 0, 0, 0, 0, 0, 0, 0, 0, 0, 0, 0, 0, 0, 0, 0, 1, 0, 455, 0, 58144, 930304, 3721216, 1162880, 1162880, 1162880, 1162880, 1, 16, 64, 20, 20, 20, 20, 16, 64, 20, 20, 20, 20, )
5f672a63 9d793b5a 887e86f6 409b4437 f9f67b17
time 0 = 33971 us
loop counter = (0, 0, 0, 0, 0, 0, 0, 0, 0, 0, 0, 0, 0, 0, 0, 0, 0, 0, 0, 0, 0, 0, 0, 1, 0, 237, 0, 30280, 484480, 1937920, 605600, 605600, 605600, 605600, 0, 0, 0, 0, 0, 0, 0, 16, 64, 20, 20, 20, 20, )
041c963a 2f896f5c 9035fd58 3428b3c0 ff3ae1d1
time 0 = 17657 us
loop counter = (0, 0, 0, 0, 0, 0, 0, 0, 0, 0, 0, 0, 0, 0, 0, 0, 0, 0, 0, 0, 0, 0, 0, 1, 0, 42, 0, 5284, 84544, 338176, 105680, 105680, 105680, 105680, 0, 0, 0, 0, 0, 0, 0, 16, 64, 20, 20, 20, 20, )
6913c369 4fa5fce1 ac9a9e9e edaa1f27 dba4fa14
time 0 = 3017 us
loop counter = (0, 0, 0, 0, 0, 0, 0, 0, 0, 0, 0, 0, 0, 0, 0, 0, 0, 0, 0, 0, 0, 0, 0, 1, 0, 365, 0, 46630, 746080, 2984320, 932600, 932600, 932600, 932600, 0, 0, 0, 0, 0, 0, 0, 16, 64, 20, 20, 20, 20, )
50b43d83 4cb71815 f4b3bf71 4e24b39b b45bf4d7
time 0 = 27186 us
loop counter = (0, 0, 0, 0, 0, 0, 0, 0, 0, 0, 0, 0, 0, 0, 0, 0, 0, 0, 0, 0, 0, 0, 0, 1, 0, 137, 0, 17476, 279616, 1118464, 349520, 349520, 349520, 349520, 0, 0, 0, 0, 0, 0, 0, 16, 64, 20, 20, 20, 20, )
0cbcc0d2 9670403c 041fe8bc e19460df 92cd3a3a
time 0 = 10203 us
loop counter = (0, 0, 0, 0, 0, 0, 0, 0, 0, 0, 0, 0, 0, 0, 0, 0, 0, 0, 0, 0, 0, 0, 0, 1, 0, 398, 0, 50904, 814464, 3257856, 1018080, 1018080, 1018080, 1018080, 0, 0, 0, 0, 0, 0, 0, 16, 64, 20, 20, 20, 20, )
481d417c 6afd41fb 87225b48 de4eb1d3 1f28e3a7
time 0 = 29683 us
loop counter = (0, 0, 0, 0, 0, 0, 0, 0, 0, 0, 0, 0, 0, 0, 0, 0, 0, 0, 0, 0, 0, 0, 0, 1, 0, 7, 0, 881, 14096, 56384, 17620, 17620, 17620, 17620, 0, 0, 0, 0, 0, 0, 0, 16, 64, 20, 20, 20, 20, )
e9b47893 2ee0e774 ea7dee6a b65f9a81 95cf2368
time 0 = 547 us
loop counter = (0, 0, 0, 0, 0, 0, 0, 0, 0, 0, 0, 0, 0, 0, 0, 0, 0, 0, 0, 0, 0, 0, 0, 1, 0, 334, 0, 42748, 683968, 2735872, 854960, 854960, 854960, 854960, 0, 0, 0, 0, 0, 0, 0, 16, 64, 20, 20, 20, 20, )
0a199a14 6fecd691 5bc70215 ec11dd59 c6790aab
time 0 = 25004 us
loop counter = (0, 0, 0, 0, 0, 0, 0, 0, 0, 0, 0, 0, 0, 0, 0, 0, 0, 0, 0, 0, 0, 0, 0, 1, 0, 269, 0, 34353, 549648, 2198592, 687060, 687060, 687060, 687060, 0, 0, 0, 0, 0, 0, 0, 16, 64, 20, 20, 20, 20, )
4099c3a6 ef281959 37946d8b ab246fbc dc283abb
time 0 = 20036 us
loop counter = (0, 0, 0, 0, 0, 0, 0, 0, 0, 0, 0, 0, 0, 0, 0, 0, 0, 0, 0, 0, 0, 0, 0, 1, 0, 78, 0, 9916, 158656, 634624, 198320, 198320, 198320, 198320, 0, 0, 0, 0, 0, 0, 0, 16, 64, 20, 20, 20, 20, )
b5446511 481686ec 413540dc 1b6a80c4 ae9b90f0
time 0 = 5805 us
loop counter = (0, 0, 0, 0, 0, 0, 0, 0, 0, 0, 0, 0, 0, 0, 0, 0, 0, 0, 0, 0, 0, 0, 0, 1, 0, 300, 0, 38365, 613840, 2455360, 767300, 767300, 767300, 767300, 1, 16, 64, 20, 20, 20, 20, 16, 64, 20, 20, 20, 20, )
9451623f c8d41997 cc61b69d f5c1cb90 09837973
time 0 = 22405 us
loop counter = (0, 0, 0, 0, 0, 0, 0, 0, 0, 0, 0, 0, 0, 0, 0, 0, 0, 0, 0, 0, 0, 0, 0, 1, 0, 130, 0, 16636, 266176, 1064704, 332720, 332720, 332720, 332720, 0, 0, 0, 0, 0, 0, 0, 16, 64, 20, 20, 20, 20, )
a9c459b8 b28914fc 08ad5d03 371c32d3 59815ad0
time 0 = 9657 us
loop counter = (0, 0, 0, 0, 0, 0, 0, 0, 0, 0, 0, 0, 0, 0, 0, 0, 0, 0, 0, 0, 0, 0, 0, 1, 0, 425, 0, 54344, 869504, 3478016, 1086880, 1086880, 1086880, 1086880, 0, 0, 0, 0, 0, 0, 0, 16, 64, 20, 20, 20, 20, )
55d20992 b9d2b21b d823d3c2 0f3f1151 97506d41
time 0 = 32313 us
loop counter = (0, 0, 0, 0, 0, 0, 0, 0, 0, 0, 0, 0, 0, 0, 0, 0, 0, 0, 0, 0, 0, 0, 0, 1, 0, 443, 0, 56615, 905840, 3623360, 1132300, 1132300, 1132300, 1132300, 0, 0, 0, 0, 0, 0, 0, 16, 64, 20, 20, 20, 20, )
151691ae b5423b9a a57ab141 2630db0b a56ce278
time 0 = 33580 us
loop counter = (0, 0, 0, 0, 0, 0, 0, 0, 0, 0, 0, 0, 0, 0, 0, 0, 0, 0, 0, 0, 0, 0, 0, 1, 0, 339, 0, 43315, 693040, 2772160, 866300, 866300, 866300, 866300, 0, 0, 0, 0, 0, 0, 0, 16, 64, 20, 20, 20, 20, )
4d81f943 19b93554 19e37d44 1e23a1ea df4596dd
time 0 = 25907 us
loop counter = (0, 0, 0, 0, 0, 0, 0, 0, 0, 0, 0, 0, 0, 0, 0, 0, 0, 0, 0, 0, 0, 0, 0, 1, 0, 267, 0, 34151, 546416, 2185664, 683020, 683020, 683020, 683020, 0, 0, 0, 0, 0, 0, 0, 16, 64, 20, 20, 20, 20, )
7666bcf8 3b73ec85 c0e37882 1542b08b adf86ffe
time 0 = 20352 us
loop counter = (0, 0, 0, 0, 0, 0, 0, 0, 0, 0, 0, 0, 0, 0, 0, 0, 0, 0, 0, 0, 0, 0, 0, 1, 0, 172, 0, 21898, 350368, 1401472, 437960, 437960, 437960, 437960, 0, 0, 0, 0, 0, 0, 0, 16, 64, 20, 20, 20, 20, )
8bac70e1 cde2d5fa be45efae 03067d9a 58520a98
time 0 = 13016 us
loop counter = (0, 0, 0, 0, 0, 0, 0, 0, 0, 0, 0, 0, 0, 0, 0, 0, 0, 0, 0, 0, 0, 0, 0, 1, 0, 286, 0, 36486, 583776, 2335104, 729720, 729720, 729720, 729720, 0, 0, 0, 0, 0, 0, 0, 16, 64, 20, 20, 20, 20, )
b79665dc 14210b2d ed9469a7 42f571da 53510629
time 0 = 21676 us
loop counter = (0, 0, 0, 0, 0, 0, 0, 0, 0, 0, 0, 0, 0, 0, 0, 0, 0, 0, 0, 0, 0, 0, 0, 1, 0, 163, 0, 20753, 332048, 1328192, 415060, 415060, 415060, 415060, 0, 0, 0, 0, 0, 0, 0, 16, 64, 20, 20, 20, 20, )
e0994eea df25c61c df1dff2c 7a0ad042 5b31109c
time 0 = 12314 us
loop counter = (0, 0, 0, 0, 0, 0, 0, 0, 0, 0, 0, 0, 0, 0, 0, 0, 0, 0, 0, 0, 0, 0, 0, 1, 0, 439, 0, 56100, 897600, 3590400, 1122000, 1122000, 1122000, 1122000, 0, 0, 0, 0, 0, 0, 0, 16, 64, 20, 20, 20, 20, )
be1cefb9 769d91da 5c9e92ed 47a07e1c d87b9a93
time 0 = 32915 us
loop counter = (0, 0, 0, 0, 0, 0, 0, 0, 0, 0, 0, 0, 0, 0, 0, 0, 0, 0, 0, 0, 0, 0, 0, 1, 0, 91, 0, 11529, 184464, 737856, 230580, 230580, 230580, 230580, 0, 0, 0, 0, 0, 0, 0, 16, 64, 20, 20, 20, 20, )
93d7d26d 9cd43210 3a85bd2c 0037175c aea770a5
time 0 = 6897 us
loop counter = (0, 0, 0, 0, 0, 0, 0, 0, 0, 0, 0, 0, 0, 0, 0, 0, 0, 0, 0, 0, 0, 0, 0, 1, 0, 158, 0, 20099, 321584, 1286336, 401980, 401980, 401980, 401980, 0, 0, 0, 0, 0, 0, 0, 16, 64, 20, 20, 20, 20, )
cdd82bb1 30801754 f913b976 8a1bbf44 72d5eb4b
time 0 = 11831 us
loop counter = (0, 0, 0, 0, 0, 0, 0, 0, 0, 0, 0, 0, 0, 0, 0, 0, 0, 0, 0, 0, 0, 0, 0, 1, 0, 79, 0, 10064, 161024, 644096, 201280, 201280, 201280, 201280, 0, 0, 0, 0, 0, 0, 0, 16, 64, 20, 20, 20, 20, )
f4c5044f 89f92838 25d27c09 8c38e643 f7ddbaf0
time 0 = 6018 us
loop counter = (0, 0, 0, 0, 0, 0, 0, 0, 0, 0, 0, 0, 0, 0, 0, 0, 0, 0, 0, 0, 0, 0, 0, 1, 0, 306, 0, 39102, 625632, 2502528, 782040, 782040, 782040, 782040, 0, 0, 0, 0, 0, 0, 0, 16, 64, 20, 20, 20, 20, )
1a7a69c6 ed175cbc 904e86f3 ef8b1dfb 1ec1fe28
time 0 = 23337 us
loop counter = (0, 0, 0, 0, 0, 0, 0, 0, 0, 0, 0, 0, 0, 0, 0, 0, 0, 0, 0, 0, 0, 0, 0, 1, 0, 116, 0, 14826, 237216, 948864, 296520, 296520, 296520, 296520, 0, 0, 0, 0, 0, 0, 0, 16, 64, 20, 20, 20, 20, )
dec372fe 01eb6b25 e6f974e4 039c14ba 8258d121
time 0 = 8906 us
loop counter = (0, 0, 0, 0, 0, 0, 0, 0, 0, 0, 0, 0, 0, 0, 0, 0, 0, 0, 0, 0, 0, 0, 0, 1, 0, 73, 0, 9256, 148096, 592384, 185120, 185120, 185120, 185120, 0, 0, 0, 0, 0, 0, 0, 16, 64, 20, 20, 20, 20, )
97f5aea8 34262b00 f203fca4 3b006847 8bba532e
time 0 = 5508 us
loop counter = (0, 0, 0, 0, 0, 0, 0, 0, 0, 0, 0, 0, 0, 0, 0, 0, 0, 0, 0, 0, 0, 0, 0, 1, 0, 130, 0, 16515, 264240, 1056960, 330300, 330300, 330300, 330300, 1, 16, 64, 20, 20, 20, 20, 16, 64, 20, 20, 20, 20, )
4b71d45d a530ad76 a3d5d280 de8d1f2c a0f34090
time 0 = 9758 us
loop counter = (0, 0, 0, 0, 0, 0, 0, 0, 0, 0, 0, 0, 0, 0, 0, 0, 0, 0, 0, 0, 0, 0, 0, 1, 0, 332, 0, 42399, 678384, 2713536, 847980, 847980, 847980, 847980, 1, 16, 64, 20, 20, 20, 20, 16, 64, 20, 20, 20, 20, )
0d226ab2 659d4fd0 0a08bd2e f12c5b11 bc50c358
time 0 = 24856 us
loop counter = (0, 0, 0, 0, 0, 0, 0, 0, 0, 0, 0, 0, 0, 0, 0, 0, 0, 0, 0, 0, 0, 0, 0, 1, 0, 540, 0, 68996, 1103936, 4415744, 1379920, 1379920, 1379920, 1379920, 0, 0, 0, 0, 0, 0, 0, 16, 64, 20, 20, 20, 20, )
507385ae ace6f79c d07d3797 6b89c0d1 e8f2f784
time 0 = 42768 us
loop counter = (0, 0, 0, 0, 0, 0, 0, 0, 0, 0, 0, 0, 0, 0, 0, 0, 0, 0, 0, 0, 0, 0, 0, 1, 0, 515, 0, 65909, 1054544, 4218176, 1318180, 1318180, 1318180, 1318180, 0, 0, 0, 0, 0, 0, 0, 16, 64, 20, 20, 20, 20, )
97cc6a7a 2566fb18 0a5f24e0 1bb029d3 b9437fc3
time 0 = 38411 us
loop counter = (0, 0, 0, 0, 0, 0, 0, 0, 0, 0, 0, 0, 0, 0, 0, 0, 0, 0, 0, 0, 0, 0, 0, 1, 0, 338, 0, 43201, 691216, 2764864, 864020, 864020, 864020, 864020, 0, 0, 0, 0, 0, 0, 0, 16, 64, 20, 20, 20, 20, )
e59f4ba8 c95a6d07 7296d1eb 14c0d446 82f536e1
time 0 = 25334 us
loop counter = (0, 0, 0, 0, 0, 0, 0, 0, 0, 0, 0, 0, 0, 0, 0, 0, 0, 0, 0, 0, 0, 0, 0, 1, 0, 401, 0, 51235, 819760, 3279040, 1024700, 1024700, 1024700, 1024700, 0, 0, 0, 0, 0, 0, 0, 16, 64, 20, 20, 20, 20, )
f5645fa0 cd9f2b1b e4c9081d 2c1b62df 87770101
time 0 = 29866 us
loop counter = (0, 0, 0, 0, 0, 0, 0, 0, 0, 0, 0, 0, 0, 0, 0, 0, 0, 0, 0, 0, 0, 0, 0, 1, 0, 102, 0, 13032, 208512, 834048, 260640, 260640, 260640, 260640, 0, 0, 0, 0, 0, 0, 0, 16, 64, 20, 20, 20, 20, )
9dd80a10 443be5a6 4680151d 7f0e267a 3be54aad
time 0 = 7626 us
loop counter = (0, 0, 0, 0, 0, 0, 0, 0, 0, 0, 0, 0, 0, 0, 0, 0, 0, 0, 0, 0, 0, 0, 0, 1, 0, 218, 0, 27861, 445776, 1783104, 557220, 557220, 557220, 557220, 1, 16, 64, 20, 20, 20, 20, 16, 64, 20, 20, 20, 20, )
c530bb90 1bd99819 3c565110 43f8ce53 202db69b
time 0 = 16282 us
loop counter = (0, 0, 0, 0, 0, 0, 0, 0, 0, 0, 0, 0, 0, 0, 0, 0, 0, 0, 0, 0, 0, 0, 0, 1, 0, 72, 0, 9141, 146256, 585024, 182820, 182820, 182820, 182820, 0, 0, 0, 0, 0, 0, 0, 16, 64, 20, 20, 20, 20, )
4561826c 68ec49bd b95388c7 3a5c1825 904bcdcf
time 0 = 5325 us
loop counter = (0, 0, 0, 0, 0, 0, 0, 0, 0, 0, 0, 0, 0, 0, 0, 0, 0, 0, 0, 0, 0, 0, 0, 1, 0, 264, 0, 33671, 538736, 2154944, 673420, 673420, 673420, 673420, 0, 0, 0, 0, 0, 0, 0, 16, 64, 20, 20, 20, 20, )
f7da5ee4 85828ba3 ffd1f923 ee476826 0386f57f
time 0 = 19718 us
loop counter = (0, 0, 0, 0, 0, 0, 0, 0, 0, 0, 0, 0, 0, 0, 0, 0, 0, 0, 0, 0, 0, 0, 0, 1, 0, 200, 0, 25495, 407920, 1631680, 509900, 509900, 509900, 509900, 0, 0, 0, 0, 0, 0, 0, 16, 64, 20, 20, 20, 20, )
5014ef55 6beed2dc a18501cf c1a83a6a 7212beb6
time 0 = 14840 us
loop counter = (0, 0, 0, 0, 0, 0, 0, 0, 0, 0, 0, 0, 0, 0, 0, 0, 0, 0, 0, 0, 0, 0, 0, 1, 0, 249, 0, 31856, 509696, 2038784, 637120, 637120, 637120, 637120, 0, 0, 0, 0, 0, 0, 0, 16, 64, 20, 20, 20, 20, )
282a9223 6e3b7402 88b3e015 916c362a 1d4e5962
time 0 = 18529 us
loop counter = (0, 0, 0, 0, 0, 0, 0, 0, 0, 0, 0, 0, 0, 0, 0, 0, 0, 0, 0, 0, 0, 0, 0, 1, 0, 27, 0, 3351, 53616, 214464, 67020, 67020, 67020, 67020, 0, 0, 0, 0, 0, 0, 0, 16, 64, 20, 20, 20, 20, )
22b4789d 17fa4c7c f6e2a7ac d7a887a5 bd1d92ee
time 0 = 2016 us
loop counter = (0, 0, 0, 0, 0, 0, 0, 0, 0, 0, 0, 0, 0, 0, 0, 0, 0, 0, 0, 0, 0, 0, 0, 1, 0, 208, 0, 26517, 424272, 1697088, 530340, 530340, 530340, 530340, 0, 0, 0, 0, 0, 0, 0, 16, 64, 20, 20, 20, 20, )
fb9f6a56 afc7bf9d 7c6e4a70 11ef4a87 d8b466d5
time 0 = 15484 us
loop counter = (0, 0, 0, 0, 0, 0, 0, 0, 0, 0, 0, 0, 0, 0, 0, 0, 0, 0, 0, 0, 0, 0, 0, 1, 0, 285, 0, 36410, 582560, 2330240, 728200, 728200, 728200, 728200, 0, 0, 0, 0, 0, 0, 0, 16, 64, 20, 20, 20, 20, )
4ac54882 2970e45a 549faacf 1e5e1cdd 6bceba4f
time 0 = 21233 us
loop counter = (0, 0, 0, 0, 0, 0, 0, 0, 0, 0, 0, 0, 0, 0, 0, 0, 0, 0, 0, 0, 0, 0, 0, 1, 0, 413, 0, 52856, 845696, 3382784, 1057120, 1057120, 1057120, 1057120, 0, 0, 0, 0, 0, 0, 0, 16, 64, 20, 20, 20, 20, )
c7d424d6 502d9b27 49eaf0a8 8f7d4edd 02a76665
time 0 = 30863 us
loop counter = (0, 0, 0, 0, 0, 0, 0, 0, 0, 0, 0, 0, 0, 0, 0, 0, 0, 0, 0, 0, 0, 0, 0, 1, 0, 600, 0, 76712, 1227392, 4909568, 1534240, 1534240, 1534240, 1534240, 0, 0, 0, 0, 0, 0, 0, 16, 64, 20, 20, 20, 20, )
c6a87c49 9ca27c56 8be762f5 7c8d7d29 4646175f
time 0 = 45435 us
loop counter = (0, 0, 0, 0, 0, 0, 0, 0, 0, 0, 0, 0, 0, 0, 0, 0, 0, 0, 0, 0, 0, 0, 0, 1, 0, 322, 0, 41099, 657584, 2630336, 821980, 821980, 821980, 821980, 0, 0, 0, 0, 0, 0, 0, 16, 64, 20, 20, 20, 20, )
e8136e97 391af994 0c4a63c5 ae16e353 202a9821
time 0 = 24002 us
loop counter = (0, 0, 0, 0, 0, 0, 0, 0, 0, 0, 0, 0, 0, 0, 0, 0, 0, 0, 0, 0, 0, 0, 0, 1, 0, 422, 0, 54005, 864080, 3456320, 1080100, 1080100, 1080100, 1080100, 0, 0, 0, 0, 0, 0, 0, 16, 64, 20, 20, 20, 20, )
ec7ab8af 9589d384 dced3539 0e2ed900 145e584c
time 0 = 31493 us
loop counter = (0, 0, 0, 0, 0, 0, 0, 0, 0, 0, 0, 0, 0, 0, 0, 0, 0, 0, 0, 0, 0, 0, 0, 1, 0, 492, 0, 62889, 1006224, 4024896, 1257780, 1257780, 1257780, 1257780, 0, 0, 0, 0, 0, 0, 0, 16, 64, 20, 20, 20, 20, )
4b7212ff 40f34b03 064af38e fd111dab 5706659e
time 0 = 37365 us
loop counter = (0, 0, 0, 0, 0, 0, 0, 0, 0, 0, 0, 0, 0, 0, 0, 0, 0, 0, 0, 0, 0, 0, 0, 1, 0, 4, 0, 510, 8160, 32640, 10200, 10200, 10200, 10200, 0, 0, 0, 0, 0, 0, 0, 16, 64, 20, 20, 20, 20, )
d7ba7515 46de1368 79605275 326b5d32 2539cc76
time 0 = 335 us
loop counter = (0, 0, 0, 0, 0, 0, 0, 0, 0, 0, 0, 0, 0, 0, 0, 0, 0, 0, 0, 0, 0, 0, 0, 1, 0, 285, 0, 36407, 582512, 2330048, 728140, 728140, 728140, 728140, 0, 0, 0, 0, 0, 0, 0, 16, 64, 20, 20, 20, 20, )
2d0b465e 5ff110b8 df77c3bf ceec9942 552a157b
time 0 = 21470 us
loop counter = (0, 0, 0, 0, 0, 0, 0, 0, 0, 0, 0, 0, 0, 0, 0, 0, 0, 0, 0, 0, 0, 0, 0, 1, 0, 22, 0, 2696, 43136, 172544, 53920, 53920, 53920, 53920, 1, 16, 64, 20, 20, 20, 20, 16, 64, 20, 20, 20, 20, )
9db0072d 3757ea09 86faa245 098fff2f 415f17d4
time 0 = 1582 us
loop counter = (0, 0, 0, 0, 0, 0, 0, 0, 0, 0, 0, 0, 0, 0, 0, 0, 0, 0, 0, 0, 0, 0, 0, 1, 0, 204, 0, 26108, 417728, 1670912, 522160, 522160, 522160, 522160, 0, 0, 0, 0, 0, 0, 0, 16, 64, 20, 20, 20, 20, )
a071431c 52f0f435 6bfc6b87 2959779c f6b0fc3d
time 0 = 15518 us
loop counter = (0, 0, 0, 0, 0, 0, 0, 0, 0, 0, 0, 0, 0, 0, 0, 0, 0, 0, 0, 0, 0, 0, 0, 1, 0, 376, 0, 48043, 768688, 3074752, 960860, 960860, 960860, 960860, 0, 0, 0, 0, 0, 0, 0, 16, 64, 20, 20, 20, 20, )
7eb87ec0 8d062b08 c871f9df 319a34e1 299d3f8f
time 0 = 28629 us
loop counter = (0, 0, 0, 0, 0, 0, 0, 0, 0, 0, 0, 0, 0, 0, 0, 0, 0, 0, 0, 0, 0, 0, 0, 1, 0, 474, 0, 60658, 970528, 3882112, 1213160, 1213160, 1213160, 1213160, 0, 0, 0, 0, 0, 0, 0, 16, 64, 20, 20, 20, 20, )
a2c6540c 25169ffe a8d42cfd 7478d856 969dbf49
time 0 = 35985 us
loop counter = (0, 0, 0, 0, 0, 0, 0, 0, 0, 0, 0, 0, 0, 0, 0, 0, 0, 0, 0, 0, 0, 0, 0, 1, 0, 253, 0, 32302, 516832, 2067328, 646040, 646040, 646040, 646040, 0, 0, 0, 0, 0, 0, 0, 16, 64, 20, 20, 20, 20, )
9fed5dfc d56a7432 865b5877 0e3ea0e1 85f2b27e
time 0 = 18797 us
loop counter = (0, 0, 0, 0, 0, 0, 0, 0, 0, 0, 0, 0, 0, 0, 0, 0, 0, 0, 0, 0, 0, 0, 0, 1, 0, 279, 0, 35708, 571328, 2285312, 714160, 714160, 714160, 714160, 0, 0, 0, 0, 0, 0, 0, 16, 64, 20, 20, 20, 20, )
54aac2f6 41e93100 761e15b1 63b71039 4586717c
time 0 = 20819 us
loop counter = (0, 0, 0, 0, 0, 0, 0, 0, 0, 0, 0, 0, 0, 0, 0, 0, 0, 0, 0, 0, 0, 0, 0, 1, 0, 77, 0, 9740, 155840, 623360, 194800, 194800, 194800, 194800, 0, 0, 0, 0, 0, 0, 0, 16, 64, 20, 20, 20, 20, )
a018d424 d8365fa6 544236a2 5e3fde23 9889fb65
time 0 = 5684 us
loop counter = (0, 0, 0, 0, 0, 0, 0, 0, 0, 0, 0, 0, 0, 0, 0, 0, 0, 0, 0, 0, 0, 0, 0, 1, 0, 25, 0, 3120, 49920, 199680, 62400, 62400, 62400, 62400, 1, 16, 64, 20, 20, 20, 20, 16, 64, 20, 20, 20, 20, )
bcdef9ec 32e7f468 9e733dab 7ad57d4b 1768e730
time 0 = 1848 us
loop counter = (0, 0, 0, 0, 0, 0, 0, 0, 0, 0, 0, 0, 0, 0, 0, 0, 0, 0, 0, 0, 0, 0, 0, 1, 0, 62, 0, 7820, 125120, 500480, 156400, 156400, 156400, 156400, 0, 0, 0, 0, 0, 0, 0, 16, 64, 20, 20, 20, 20, )
ee627de8 5cdfc4eb c98dd5b0 678e84f0 7ef5c1d9
time 0 = 4578 us
loop counter = (0, 0, 0, 0, 0, 0, 0, 0, 0, 0, 0, 0, 0, 0, 0, 0, 0, 0, 0, 0, 0, 0, 0, 1, 0, 598, 0, 76502, 1224032, 4896128, 1530040, 1530040, 1530040, 1530040, 0, 0, 0, 0, 0, 0, 0, 16, 64, 20, 20, 20, 20, )
4b54239a 41a48169 40c2b214 864ba095 81d3a5ed
time 0 = 44683 us
loop counter = (0, 0, 0, 0, 0, 0, 0, 0, 0, 0, 0, 0, 0, 0, 0, 0, 0, 0, 0, 0, 0, 0, 0, 1, 0, 33, 0, 4145, 66320, 265280, 82900, 82900, 82900, 82900, 1, 16, 64, 20, 20, 20, 20, 16, 64, 20, 20, 20, 20, )
1a5446f6 c5747c22 b4590115 a36cf33a e09e2dc6
time 0 = 2376 us
loop counter = (0, 0, 0, 0, 0, 0, 0, 0, 0, 0, 0, 0, 0, 0, 0, 0, 0, 0, 0, 0, 0, 0, 0, 1, 0, 546, 0, 69801, 1116816, 4467264, 1396020, 1396020, 1396020, 1396020, 0, 0, 0, 0, 0, 0, 0, 16, 64, 20, 20, 20, 20, )
debaf45b eaa338cd 28933ca3 941ff99b f0ae65a2
time 0 = 40642 us
loop counter = (0, 0, 0, 0, 0, 0, 0, 0, 0, 0, 0, 0, 0, 0, 0, 0, 0, 0, 0, 0, 0, 0, 0, 1, 0, 70, 0, 8951, 143216, 572864, 179020, 179020, 179020, 179020, 0, 0, 0, 0, 0, 0, 0, 16, 64, 20, 20, 20, 20, )
0feafeb5 66c00dec efd389fd 63feb502 93c96353
time 0 = 5219 us
loop counter = (0, 0, 0, 0, 0, 0, 0, 0, 0, 0, 0, 0, 0, 0, 0, 0, 0, 0, 0, 0, 0, 0, 0, 1, 0, 253, 0, 32320, 517120, 2068480, 646400, 646400, 646400, 646400, 0, 0, 0, 0, 0, 0, 0, 16, 64, 20, 20, 20, 20, )
2bc47b8f cd39d398 80bd1c95 9799c695 09d31159
time 0 = 18741 us
loop counter = (0, 0, 0, 0, 0, 0, 0, 0, 0, 0, 0, 0, 0, 0, 0, 0, 0, 0, 0, 0, 0, 0, 0, 1, 0, 405, 0, 51719, 827504, 3310016, 1034380, 1034380, 1034380, 1034380, 0, 0, 0, 0, 0, 0, 0, 16, 64, 20, 20, 20, 20, )
b710880d 99aa63b0 261b042b 4543106f 91a5a964
time 0 = 30198 us
loop counter = (0, 0, 0, 0, 0, 0, 0, 0, 0, 0, 0, 0, 0, 0, 0, 0, 0, 0, 0, 0, 0, 0, 0, 1, 0, 29, 0, 3693, 59088, 236352, 73860, 73860, 73860, 73860, 0, 0, 0, 0, 0, 0, 0, 16, 64, 20, 20, 20, 20, )
52ed99f1 302cafe8 9f8049cf b5b6eed4 7d2938a2
time 0 = 2192 us
loop counter = (0, 0, 0, 0, 0, 0, 0, 0, 0, 0, 0, 0, 0, 0, 0, 0, 0, 0, 0, 0, 0, 0, 0, 1, 0, 421, 0, 53812, 860992, 3443968, 1076240, 1076240, 1076240, 1076240, 0, 0, 0, 0, 0, 0, 0, 16, 64, 20, 20, 20, 20, )
13368e50 c2b08164 a72c3a42 5e65e664 f6cefbbe
time 0 = 31528 us
loop counter = (0, 0, 0, 0, 0, 0, 0, 0, 0, 0, 0, 0, 0, 0, 0, 0, 0, 0, 0, 0, 0, 0, 0, 1, 0, 552, 0, 70591, 1129456, 4517824, 1411820, 1411820, 1411820, 1411820, 0, 0, 0, 0, 0, 0, 0, 16, 64, 20, 20, 20, 20, )
9f60d1c7 e83cb668 8960130c 48ec3059 8e4b6a69
time 0 = 41225 us
loop counter = (0, 0, 0, 0, 0, 0, 0, 0, 0, 0, 0, 0, 0, 0, 0, 0, 0, 0, 0, 0, 0, 0, 0, 1, 0, 98, 0, 12519, 200304, 801216, 250380, 250380, 250380, 250380, 1, 16, 64, 20, 20, 20, 20, 16, 64, 20, 20, 20, 20, )
0c8bfacd eb6b8abf ade225c5 2a3cdba5 8e7d8e15
time 0 = 7296 us
loop counter = (0, 0, 0, 0, 0, 0, 0, 0, 0, 0, 0, 0, 0, 0, 0, 0, 0, 0, 0, 0, 0, 0, 0, 1, 0, 337, 0, 43086, 689376, 2757504, 861720, 861720, 861720, 861720, 0, 0, 0, 0, 0, 0, 0, 16, 64, 20, 20, 20, 20, )
ef09ccba 73588235 df020f74 695c0147 9fa0d5a6
time 0 = 25178 us
loop counter = (0, 0, 0, 0, 0, 0, 0, 0, 0, 0, 0, 0, 0, 0, 0, 0, 0, 0, 0, 0, 0, 0, 0, 1, 0, 349, 0, 44654, 714464, 2857856, 893080, 893080, 893080, 893080, 0, 0, 0, 0, 0, 0, 0, 16, 64, 20, 20, 20, 20, )
c403edd4 299c7650 c007ec94 e34fdd79 0f2a4162
time 0 = 25983 us
loop counter = (0, 0, 0, 0, 0, 0, 0, 0, 0, 0, 0, 0, 0, 0, 0, 0, 0, 0, 0, 0, 0, 0, 0, 1, 0, 468, 0, 59897, 958352, 3833408, 1197940, 1197940, 1197940, 1197940, 0, 0, 0, 0, 0, 0, 0, 16, 64, 20, 20, 20, 20, )
adb6ab3d 3e7a0aef 7bdffffd e38b3ede 9537cad8
time 0 = 34942 us
loop counter = (0, 0, 0, 0, 0, 0, 0, 0, 0, 0, 0, 0, 0, 0, 0, 0, 0, 0, 0, 0, 0, 0, 0, 1, 0, 534, 0, 68297, 1092752, 4371008, 1365940, 1365940, 1365940, 1365940, 0, 0, 0, 0, 0, 0, 0, 16, 64, 20, 20, 20, 20, )
9b4fc1a5 38853aa1 41a0c80a ff1a3352 e523b3c8
time 0 = 39536 us
loop counter = (0, 0, 0, 0, 0, 0, 0, 0, 0, 0, 0, 0, 0, 0, 0, 0, 0, 0, 0, 0, 0, 0, 0, 1, 0, 282, 0, 36035, 576560, 2306240, 720700, 720700, 720700, 720700, 0, 0, 0, 0, 0, 0, 0, 16, 64, 20, 20, 20, 20, )
c292c0c6 88068a77 59dc8b2e e95b775b 6dc701d6
time 0 = 21048 us
loop counter = (0, 0, 0, 0, 0, 0, 0, 0, 0, 0, 0, 0, 0, 0, 0, 0, 0, 0, 0, 0, 0, 0, 0, 1, 0, 530, 0, 67762, 1084192, 4336768, 1355240, 1355240, 1355240, 1355240, 0, 0, 0, 0, 0, 0, 0, 16, 64, 20, 20, 20, 20, )
4c60b12a c8c87072 28080860 37c101d0 a398ff3d
time 0 = 39475 us
loop counter = (0, 0, 0, 0, 0, 0, 0, 0, 0, 0, 0, 0, 0, 0, 0, 0, 0, 0, 0, 0, 0, 0, 0, 1, 0, 136, 0, 17382, 278112, 1112448, 347640, 347640, 347640, 347640, 0, 0, 0, 0, 0, 0, 0, 16, 64, 20, 20, 20, 20, )
c8e9fd19 b904cc22 be4950cf 7a501280 5f74bf5b
time 0 = 10117 us
loop counter = (0, 0, 0, 0, 0, 0, 0, 0, 0, 0, 0, 0, 0, 0, 0, 0, 0, 0, 0, 0, 0, 0, 0, 1, 0, 25, 0, 3171, 50736, 202944, 63420, 63420, 63420, 63420, 0, 0, 0, 0, 0, 0, 0, 16, 64, 20, 20, 20, 20, )
1c467b7d d6874894 6c06436c 1f81fefa cfe9d5be
time 0 = 1895 us
loop counter = (0, 0, 0, 0, 0, 0, 0, 0, 0, 0, 0, 0, 0, 0, 0, 0, 0, 0, 0, 0, 0, 0, 0, 1, 0, 95, 0, 12095, 193520, 774080, 241900, 241900, 241900, 241900, 0, 0, 0, 0, 0, 0, 0, 16, 64, 20, 20, 20, 20, )
8f2d697e 1ddd1d6b 5e01afa7 dfd8e857 8ba9c60a
time 0 = 7070 us
loop counter = (0, 0, 0, 0, 0, 0, 0, 0, 0, 0, 0, 0, 0, 0, 0, 0, 0, 0, 0, 0, 0, 0, 0, 1, 0, 510, 0, 65259, 1044144, 4176576, 1305180, 1305180, 1305180, 1305180, 0, 0, 0, 0, 0, 0, 0, 16, 64, 20, 20, 20, 20, )
77bd2882 5e800606 e78e2ea8 0f39f732 63dcc1d7
time 0 = 38054 us
loop counter = (0, 0, 0, 0, 0, 0, 0, 0, 0, 0, 0, 0, 0, 0, 0, 0, 0, 0, 0, 0, 0, 0, 0, 1, 0, 434, 0, 55529, 888464, 3553856, 1110580, 1110580, 1110580, 1110580, 0, 0, 0, 0, 0, 0, 0, 16, 64, 20, 20, 20, 20, )
0edfba1a 89c00bf4 6070d757 d6ad5c90 ab4fd015
time 0 = 32351 us
loop counter = (0, 0, 0, 0, 0, 0, 0, 0, 0, 0, 0, 0, 0, 0, 0, 0, 0, 0, 0, 0, 0, 0, 0, 1, 0, 591, 0, 75646, 1210336, 4841344, 1512920, 1512920, 1512920, 1512920, 0, 0, 0, 0, 0, 0, 0, 16, 64, 20, 20, 20, 20, )
9aae340a 0db73cc3 82457fc5 d85a3f83 3ee09bcd
time 0 = 44116 us
loop counter = (0, 0, 0, 0, 0, 0, 0, 0, 0, 0, 0, 0, 0, 0, 0, 0, 0, 0, 0, 0, 0, 0, 0, 1, 0, 553, 0, 70749, 1131984, 4527936, 1414980, 1414980, 1414980, 1414980, 0, 0, 0, 0, 0, 0, 0, 16, 64, 20, 20, 20, 20, )
29e3a314 934f4b69 6bfe5161 b105f155 eff09749
time 0 = 41210 us
loop counter = (0, 0, 0, 0, 0, 0, 0, 0, 0, 0, 0, 0, 0, 0, 0, 0, 0, 0, 0, 0, 0, 0, 0, 1, 0, 473, 0, 60452, 967232, 3868928, 1209040, 1209040, 1209040, 1209040, 1, 16, 64, 20, 20, 20, 20, 16, 64, 20, 20, 20, 20, )
067f1f6a d3b209cf ea16e38a d107b480 31866fc4
time 0 = 35185 us
loop counter = (0, 0, 0, 0, 0, 0, 0, 0, 0, 0, 0, 0, 0, 0, 0, 0, 0, 0, 0, 0, 0, 0, 0, 1, 0, 169, 0, 21583, 345328, 1381312, 431660, 431660, 431660, 431660, 0, 0, 0, 0, 0, 0, 0, 16, 64, 20, 20, 20, 20, )
cddd8a42 59311810 d8a28e27 0ba09a2c 03ed8735
time 0 = 12572 us
loop counter = (0, 0, 0, 0, 0, 0, 0, 0, 0, 0, 0, 0, 0, 0, 0, 0, 0, 0, 0, 0, 0, 0, 0, 1, 0, 489, 0, 62569, 1001104, 4004416, 1251380, 1251380, 1251380, 1251380, 0, 0, 0, 0, 0, 0, 0, 16, 64, 20, 20, 20, 20, )
0662ffc7 f69db880 deaf2e50 76fac7e4 6ee3fb38
time 0 = 36587 us
loop counter = (0, 0, 0, 0, 0, 0, 0, 0, 0, 0, 0, 0, 0, 0, 0, 0, 0, 0, 0, 0, 0, 0, 0, 1, 0, 447, 0, 57153, 914448, 3657792, 1143060, 1143060, 1143060, 1143060, 0, 0, 0, 0, 0, 0, 0, 16, 64, 20, 20, 20, 20, )
e479e03e 50a126d5 6498372e 6820847e 8c3c6f8f
time 0 = 33286 us
loop counter = (0, 0, 0, 0, 0, 0, 0, 0, 0, 0, 0, 0, 0, 0, 0, 0, 0, 0, 0, 0, 0, 0, 0, 1, 0, 534, 0, 68256, 1092096, 4368384, 1365120, 1365120, 1365120, 1365120, 1, 16, 64, 20, 20, 20, 20, 16, 64, 20, 20, 20, 20, )
f7b6e52f 8d399895 abbb1dfc 683fa429 c96875e6
time 0 = 39978 us
