loop counter = (0, 0, 0, 0, 0, 0, 0, 0, 0, 0, 0, 0, 0, 0, 0, 0, 0, 0, 0, 0, 0, 0, 0, 1, 0, 243, 0, 31036, 496576, 1986304, 620720, 620720, 620720, 620720, 0, 0, 0, 0, 0, 0, 0, 16, 64, 20, 20, 20, 20, )
cb172bcb 3f5976bc a42f8af8 7f0a2566 a8dbbb43
time 0 = 18416 us
loop counter = (0, 0, 0, 0, 0, 0, 0, 0, 0, 0, 0, 0, 0, 0, 0, 0, 0, 0, 0, 0, 0, 0, 0, 1, 0, 304, 0, 38804, 620864, 2483456, 776080, 776080, 776080, 776080, 0, 0, 0, 0, 0, 0, 0, 16, 64, 20, 20, 20, 20, )
f37f54ed 0e3f3717 9dfc3378 1baf0425 04e0a845
time 0 = 22840 us
loop counter = (0, 0, 0, 0, 0, 0, 0, 0, 0, 0, 0, 0, 0, 0, 0, 0, 0, 0, 0, 0, 0, 0, 0, 1, 0, 168, 0, 21404, 342464, 1369856, 428080, 428080, 428080, 428080, 0, 0, 0, 0, 0, 0, 0, 16, 64, 20, 20, 20, 20, )
b90699fe e285611c 4cc42a43 9dcddd63 99b3065e
time 0 = 12667 us
loop counter = (0, 0, 0, 0, 0, 0, 0, 0, 0, 0, 0, 0, 0, 0, 0, 0, 0, 0, 0, 0, 0, 0, 0, 1, 0, 428, 0, 54664, 874624, 3498496, 1093280, 1093280, 1093280, 1093280, 0, 0, 0, 0, 0, 0, 0, 16, 64, 20, 20, 20, 20, )
ed075dda ef01ee4e 93b932d9 15988eae 38326481
time 0 = 32192 us
loop counter = (0, 0, 0, 0, 0, 0, 0, 0, 0, 0, 0, 0, 0, 0, 0, 0, 0, 0, 0, 0, 0, 0, 0, 1, 0, 38, 0, 4745, 75920, 303680, 94900, 94900, 94900, 94900, 0, 0, 0, 0, 0, 0, 0, 16, 64, 20, 20, 20, 20, )
2017f845 9721b377 4de6af51 7d61cabf 68bad624
time 0 = 2771 us
loop counter = (0, 0, 0, 0, 0, 0, 0, 0, 0, 0, 0, 0, 0, 0, 0, 0, 0, 0, 0, 0, 0, 0, 0, 1, 0, 35, 0, 4380, 70080, 280320, 87600, 87600, 87600, 87600, 0, 0, 0, 0, 0, 0, 0, 16, 64, 20, 20, 20, 20, )
d128a1de 1a561a75 20f83953 32e10cce 5e6cf45c
time 0 = 2518 us
loop counter = (0, 0, 0, 0, 0, 0, 0, 0, 0, 0, 0, 0, 0, 0, 0, 0, 0, 0, 0, 0, 0, 0, 0, 1, 0, 32, 0, 4020, 64320, 257280, 80400, 80400, 80400, 80400, 0, 0, 0, 0, 0, 0, 0, 16, 64, 20, 20, 20, 20, )
37322087 84ee5f20 c7cbf36a ff1d3a64 157b3f67
time 0 = 2349 us
loop counter = (0, 0, 0, 0, 0, 0, 0, 0, 0, 0, 0, 0, 0, 0, 0, 0, 0, 0, 0, 0, 0, 0, 0, 1, 0, 374, 0, 47767, 764272, 3057088, 955340, 955340, 955340, 955340, 0, 0, 0, 0, 0, 0, 0, 16, 64, 20, 20, 20, 20, )
fd7d654d 69a43380 f66b055c 9063ce8e 24458ec9
time 0 = 27879 us
loop counter = (0, 0, 0, 0, 0, 0, 0, 0, 0, 0, 0, 0, 0, 0, 0, 0, 0, 0, 0, 0, 0, 0, 0, 1, 0, 269, 0, 34343, 549488, 2197952, 686860, 686860, 686860, 686860, 0, 0, 0, 0, 0, 0, 0, 16, 64, 20, 20, 20, 20, )
7ebbac5c 8d0b8c48 57bccbab 3fb43e8d 52e53584
time 0 = 19943 us
loop counter = (0, 0, 0, 0, 0, 0, 0, 0, 0, 0, 0, 0, 0, 0, 0, 0, 0, 0, 0, 0, 0, 0, 0, 1, 0, 444, 0, 56732, 907712, 3630848, 1134640, 1134640, 1134640, 1134640, 0, 0, 0, 0, 0, 0, 0, 16, 64, 20, 20, 20, 20, )
9ac33d4e c0045b94 7c12a58f 905387dd d8099f05
time 0 = 33076 us
loop counter = (0, 0, 0, 0, 0, 0, 0, 0, 0, 0, 0, 0, 0, 0, 0, 0, 0, 0, 0, 0, 0, 0, 0, 1, 0, 340, 0, 43440, 695040, 2780160, 868800, 868800, 868800, 868800, 0, 0, 0, 0, 0, 0, 0, 16, 64, 20, 20, 20, 20, )
05b6e709 47ce7a0d 84d44e2e 0f797a85 70bc7cc1
time 0 = 25328 us
loop counter = (0, 0, 0, 0, 0, 0, 0, 0, 0, 0, 0, 0, 0, 0, 0, 0, 0, 0, 0, 0, 0, 0, 0, 1, 0, 274, 0, 35054, 560864, 2243456, 701080, 701080, 701080, 701080, 0, 0, 0, 0, 0, 0, 0, 16, 64, 20, 20, 20, 20, )
3025318c abb56ff9 a4881117 43f3f35d 32334c90
time 0 = 20421 us
loop counter = (0, 0, 0, 0, 0, 0, 0, 0, 0, 0, 0, 0, 0, 0, 0, 0, 0, 0, 0, 0, 0, 0, 0, 1, 0, 16, 0, 2018, 32288, 129152, 40360, 40360, 40360, 40360, 0, 0, 0, 0, 0, 0, 0, 16, 64, 20, 20, 20, 20, )
6740c3b1 15a37831 02227f12 dbdb2514 173f469e
time 0 = 1212 us
loop counter = (0, 0, 0, 0, 0, 0, 0, 0, 0, 0, 0, 0, 0, 0, 0, 0, 0, 0, 0, 0, 0, 0, 0, 1, 0, 51, 0, 6416, 102656, 410624, 128320, 128320, 128320, 128320, 0, 0, 0, 0, 0, 0, 0, 16, 64, 20, 20, 20, 20, )
88644ce7 dffc419a b7a06a50 4c98aeeb 64cb6b36
time 0 = 3752 us
loop counter = (0, 0, 0, 0, 0, 0, 0, 0, 0, 0, 0, 0, 0, 0, 0, 0, 0, 0, 0, 0, 0, 0, 0, 1, 0, 485, 0, 62004, 992064, 3968256, 1240080, 1240080, 1240080, 1240080, 0, 0, 0, 0, 0, 0, 0, 16, 64, 20, 20, 20, 20, )
79b5a6ee c6df7b54 161efcc8 b77975c8 a2a160c0
time 0 = 36150 us
loop counter = (0, 0, 0, 0, 0, 0, 0, 0, 0, 0, 0, 0, 0, 0, 0, 0, 0, 0, 0, 0, 0, 0, 0, 1, 0, 367, 0, 46930, 750880, 3003520, 938600, 938600, 938600, 938600, 0, 0, 0, 0, 0, 0, 0, 16, 64, 20, 20, 20, 20, )
ca7694f9 f9fa0758 dc3df333 0fb92ab4 4ed49af9
time 0 = 27353 us
loop counter = (0, 0, 0, 0, 0, 0, 0, 0, 0, 0, 0, 0, 0, 0, 0, 0, 0, 0, 0, 0, 0, 0, 0, 1, 0, 545, 0, 69722, 1115552, 4462208, 1394440, 1394440, 1394440, 1394440, 0, 0, 0, 0, 0, 0, 0, 16, 64, 20, 20, 20, 20, )
a1b15054 045b7f7e 782dcab7 5aac02e7 af4728fc
time 0 = 40600 us
loop counter = (0, 0, 0, 0, 0, 0, 0, 0, 0, 0, 0, 0, 0, 0, 0, 0, 0, 0, 0, 0, 0, 0, 0, 1, 0, 66, 0, 8352, 133632, 534528, 167040, 167040, 167040, 167040, 0, 0, 0, 0, 0, 0, 0, 16, 64, 20, 20, 20, 20, )
23e2712a e459a9f0 cb015a07 53e9fe4f 4074a164
time 0 = 4889 us
loop counter = (0, 0, 0, 0, 0, 0, 0, 0, 0, 0, 0, 0, 0, 0, 0, 0, 0, 0, 0, 0, 0, 0, 0, 1, 0, 90, 0, 11508, 184128, 736512, 230160, 230160, 230160, 230160, 0, 0, 0, 0, 0, 0, 0, 16, 64, 20, 20, 20, 20, )
8697b42e 5dd4a30e 75d0ad4d bd3ce419 4dca4f1d
time 0 = 7319 us
loop counter = (0, 0, 0, 0, 0, 0, 0, 0, 0, 0, 0, 0, 0, 0, 0, 0, 0, 0, 0, 0, 0, 0, 0, 1, 0, 65, 0, 8259, 132144, 528576, 165180, 165180, 165180, 165180, 0, 0, 0, 0, 0, 0, 0, 16, 64, 20, 20, 20, 20, )
76245494 005edfed 713dcd32 c0e648bd 2aa99eac
time 0 = 4817 us
loop counter = (0, 0, 0, 0, 0, 0, 0, 0, 0, 0, 0, 0, 0, 0, 0, 0, 0, 0, 0, 0, 0, 0, 0, 1, 0, 526, 0, 67210, 1075360, 4301440, 1344200, 1344200, 1344200, 1344200, 0, 0, 0, 0, 0, 0, 0, 16, 64, 20, 20, 20, 20, )
4692bdbb 29c9bd50 ebf63741 16b202f9 7f107e10
time 0 = 39908 us
loop counter = (0, 0, 0, 0, 0, 0, 0, 0, 0, 0, 0, 0, 0, 0, 0, 0, 0, 0, 0, 0, 0, 0, 0, 1, 0, 62, 0, 7852, 125632, 502528, 157040, 157040, 157040, 157040, 0, 0, 0, 0, 0, 0, 0, 16, 64, 20, 20, 20, 20, )
f6368815 db9294b7 14d7c4b6 7ecc681a c12aa40c
time 0 = 4606 us
loop counter = (0, 0, 0, 0, 0, 0, 0, 0, 0, 0, 0, 0, 0, 0, 0, 0, 0, 0, 0, 0, 0, 0, 0, 1, 0, 136, 0, 17342, 277472, 1109888, 346840, 346840, 346840, 346840, 0, 0, 0, 0, 0, 0, 0, 16, 64, 20, 20, 20, 20, )
f85068b0 b19e112b 2cd312af 5391b606 4910c610
time 0 = 10073 us
loop counter = (0, 0, 0, 0, 0, 0, 0, 0, 0, 0, 0, 0, 0, 0, 0, 0, 0, 0, 0, 0, 0, 0, 0, 1, 0, 436, 0, 55790, 892640, 3570560, 1115800, 1115800, 1115800, 1115800, 0, 0, 0, 0, 0, 0, 0, 16, 64, 20, 20, 20, 20, )
d5ec5454 5bbf92ab 8da57c2e f8182bc1 27b5a6d7
time 0 = 32570 us
loop counter = (0, 0, 0, 0, 0, 0, 0, 0, 0, 0, 0, 0, 0, 0, 0, 0, 0, 0, 0, 0, 0, 0, 0, 1, 0, 314, 0, 40093, 641488, 2565952, 801860, 801860, 801860, 801860, 0, 0, 0, 0, 0, 0, 0, 16, 64, 20, 20, 20, 20, )
f770aae7 ff1d7bee 5c77f2b0 9be03db8 da3619ce
time 0 = 23392 us
loop counter = (0, 0, 0, 0, 0, 0, 0, 0, 0, 0, 0, 0, 0, 0, 0, 0, 0, 0, 0, 0, 0, 0, 0, 1, 0, 134, 0, 17121, 273936, 1095744, 342420, 342420, 342420, 342420, 0, 0, 0, 0, 0, 0, 0, 16, 64, 20, 20, 20, 20, )
b885a235 851b1b71 a1435479 c99434f6 b0ef3b11
time 0 = 9958 us
loop counter = (0, 0, 0, 0, 0, 0, 0, 0, 0, 0, 0, 0, 0, 0, 0, 0, 0, 0, 0, 0, 0, 0, 0, 1, 0, 73, 0, 9316, 149056, 596224, 186320, 186320, 186320, 186320, 0, 0, 0, 0, 0, 0, 0, 16, 64, 20, 20, 20, 20, )
f3f05bb0 cc469f5b a899cfbb d5b914a1 cd18f481
time 0 = 5560 us
loop counter = (0, 0, 0, 0, 0, 0, 0, 0, 0, 0, 0, 0, 0, 0, 0, 0, 0, 0, 0, 0, 0, 0, 0, 1, 0, 26, 0, 3284, 52544, 210176, 65680, 65680, 65680, 65680, 0, 0, 0, 0, 0, 0, 0, 16, 64, 20, 20, 20, 20, )
402676d4 a0ac7186 e2c7cb05 ecd9eba1 1f389a68
time 0 = 1938 us
loop counter = (0, 0, 0, 0, 0, 0, 0, 0, 0, 0, 0, 0, 0, 0, 0, 0, 0, 0, 0, 0, 0, 0, 0, 1, 0, 500, 0, 63936, 1022976, 4091904, 1278720, 1278720, 1278720, 1278720, 1, 16, 64, 20, 20, 20, 20, 16, 64, 20, 20, 20, 20, )
ed63432e 7fac2786 3078f2bb c22662c4 d548fdbe
time 0 = 37932 us
loop counter = (0, 0, 0, 0, 0, 0, 0, 0, 0, 0, 0, 0, 0, 0, 0, 0, 0, 0, 0, 0, 0, 0, 0, 1, 0, 370, 0, 47332, 757312, 3029248, 946640, 946640, 946640, 946640, 0, 0, 0, 0, 0, 0, 0, 16, 64, 20, 20, 20, 20, )
38c15826 f025ab82 05490eba ed9ba0fb 03f97bff
time 0 = 28230 us
loop counter = (0, 0, 0, 0, 0, 0, 0, 0, 0, 0, 0, 0, 0, 0, 0, 0, 0, 0, 0, 0, 0, 0, 0, 1, 0, 52, 0, 6593, 105488, 421952, 131860, 131860, 131860, 131860, 0, 0, 0, 0, 0, 0, 0, 16, 64, 20, 20, 20, 20, )
936d6a24 a0a1611f 97cd3778 9a6f6b1f e72866e1
time 0 = 3955 us
loop counter = (0, 0, 0, 0, 0, 0, 0, 0, 0, 0, 0, 0, 0, 0, 0, 0, 0, 0, 0, 0, 0, 0, 0, 1, 0, 433, 0, 55322, 885152, 3540608, 1106440, 1106440, 1106440, 1106440, 0, 0, 0, 0, 0, 0, 0, 16, 64, 20, 20, 20, 20, )
f04fc4d5 8e3b0879 9bca5d31 fb641604 a3ffddf0
time 0 = 32859 us
loop counter = (0, 0, 0, 0, 0, 0, 0, 0, 0, 0, 0, 0, 0, 0, 0, 0, 0, 0, 0, 0, 0, 0, 0, 1, 0, 372, 0, 47560, 760960, 3043840, 951200, 951200, 951200, 951200, 1, 16, 64, 20, 20, 20, 20, 16, 64, 20, 20, 20, 20, )
6a18f506 796f0e41 ae253f08 43f48423 857bcd79
time 0 = 27776 us
loop counter = (0, 0, 0, 0, 0, 0, 0, 0, 0, 0, 0, 0, 0, 0, 0, 0, 0, 0, 0, 0, 0, 0, 0, 1, 0, 344, 0, 43939, 703024, 2812096, 878780, 878780, 878780, 878780, 0, 0, 0, 0, 0, 0, 0, 16, 64, 20, 20, 20, 20, )
cf62c31c cf7ad850 6c796222 86c7c483 4684d546
time 0 = 25612 us
loop counter = (0, 0, 0, 0, 0, 0, 0, 0, 0, 0, 0, 0, 0, 0, 0, 0, 0, 0, 0, 0, 0, 0, 0, 1, 0, 142, 0, 18099, 289584, 1158336, 361980, 361980, 361980, 361980, 1, 16, 64, 20, 20, 20, 20, 16, 64, 20, 20, 20, 20, )
d3177ba2 b7b744ef c3c2828c fd6c5cc3 7158ed10
time 0 = 10515 us
loop counter = (0, 0, 0, 0, 0, 0, 0, 0, 0, 0, 0, 0, 0, 0, 0, 0, 0, 0, 0, 0, 0, 0, 0, 1, 0, 330, 0, 42219, 675504, 2702016, 844380, 844380, 844380, 844380, 0, 0, 0, 0, 0, 0, 0, 16, 64, 20, 20, 20, 20, )
d0238ed2 5030dc1a 4631e25f be88fdb9 777869dd
time 0 = 24646 us
loop counter = (0, 0, 0, 0, 0, 0, 0, 0, 0, 0, 0, 0, 0, 0, 0, 0, 0, 0, 0, 0, 0, 0, 0, 1, 0, 190, 0, 24219, 387504, 1550016, 484380, 484380, 484380, 484380, 0, 0, 0, 0, 0, 0, 0, 16, 64, 20, 20, 20, 20, )
4fc983d8 ffc45a5f 48202726 17bcbd51 a51be5f1
time 0 = 14134 us
loop counter = (0, 0, 0, 0, 0, 0, 0, 0, 0, 0, 0, 0, 0, 0, 0, 0, 0, 0, 0, 0, 0, 0, 0, 1, 0, 241, 0, 30834, 493344, 1973376, 616680, 616680, 616680, 616680, 0, 0, 0, 0, 0, 0, 0, 16, 64, 20, 20, 20, 20, )
62ab9ec7 0a54ac5c 958e9ff4 c0205adb 918425db
time 0 = 17690 us
loop counter = (0, 0, 0, 0, 0, 0, 0, 0, 0, 0, 0, 0, 0, 0, 0, 0, 0, 0, 0, 0, 0, 0, 0, 1, 0, 109, 0, 13929, 222864, 891456, 278580, 278580, 278580, 278580, 0, 0, 0, 0, 0, 0, 0, 16, 64, 20, 20, 20, 20, )
379ffef8 2e19fa86 5a701f41 4e162b29 bd9fd5a3
time 0 = 8093 us
loop counter = (0, 0, 0, 0, 0, 0, 0, 0, 0, 0, 0, 0, 0, 0, 0, 0, 0, 0, 0, 0, 0, 0, 0, 1, 0, 19, 0, 2427, 38832, 155328, 48540, 48540, 48540, 48540, 0, 0, 0, 0, 0, 0, 0, 16, 64, 20, 20, 20, 20, )
38f1a1b8 959f3338 b0bf730b 88775a38 40644fff
time 0 = 1443 us
loop counter = (0, 0, 0, 0, 0, 0, 0, 0, 0, 0, 0, 0, 0, 0, 0, 0, 0, 0, 0, 0, 0, 0, 0, 1, 0, 66, 0, 8443, 135088, 540352, 168860, 168860, 168860, 168860, 0, 0, 0, 0, 0, 0, 0, 16, 64, 20, 20, 20, 20, )
b37e9432 9fd0a3be f8e88ca4 64788033 b87cfa09
time 0 = 4912 us
loop counter = (0, 0, 0, 0, 0, 0, 0, 0, 0, 0, 0, 0, 0, 0, 0, 0, 0, 0, 0, 0, 0, 0, 0, 1, 0, 7, 0, 877, 14032, 56128, 17540, 17540, 17540, 17540, 0, 0, 0, 0, 0, 0, 0, 16, 64, 20, 20, 20, 20, )
3fdf0f8c e0500268 03e52840 747f37e1 4306bc5e
time 0 = 548 us
loop counter = (0, 0, 0, 0, 0, 0, 0, 0, 0, 0, 0, 0, 0, 0, 0, 0, 0, 0, 0, 0, 0, 0, 0, 1, 0, 107, 0, 13608, 217728, 870912, 272160, 272160, 272160, 272160, 0, 0, 0, 0, 0, 0, 0, 16, 64, 20, 20, 20, 20, )
4fa1ebb6 abff02be 378cea0d 86291174 2f12c81e
time 0 = 7935 us
loop counter = (0, 0, 0, 0, 0, 0, 0, 0, 0, 0, 0, 0, 0, 0, 0, 0, 0, 0, 0, 0, 0, 0, 0, 1, 0, 79, 0, 10071, 161136, 644544, 201420, 201420, 201420, 201420, 0, 0, 0, 0, 0, 0, 0, 16, 64, 20, 20, 20, 20, )
f99c19bd 6392c7f4 f2f73fa4 a6300390 581249dc
time 0 = 5871 us
loop counter = (0, 0, 0, 0, 0, 0, 0, 0, 0, 0, 0, 0, 0, 0, 0, 0, 0, 0, 0, 0, 0, 0, 0, 1, 0, 386, 0, 49324, 789184, 3156736, 986480, 986480, 986480, 986480, 0, 0, 0, 0, 0, 0, 0, 16, 64, 20, 20, 20, 20, )
5cc859a7 e902e8e7 7adb7823 8f6d52db 8e0a2e35
time 0 = 29050 us
loop counter = (0, 0, 0, 0, 0, 0, 0, 0, 0, 0, 0, 0, 0, 0, 0, 0, 0, 0, 0, 0, 0, 0, 0, 1, 0, 457, 0, 58484, 935744, 3742976, 1169680, 1169680, 1169680, 1169680, 0, 0, 0, 0, 0, 0, 0, 16, 64, 20, 20, 20, 20, )
cb53529f f2aa9851 15fe198e a449ac40 e96b8f44
time 0 = 34168 us
loop counter = (0, 0, 0, 0, 0, 0, 0, 0, 0, 0, 0, 0, 0, 0, 0, 0, 0, 0, 0, 0, 0, 0, 0, 1, 0, 293, 0, 37384, 598144, 2392576, 747680, 747680, 747680, 747680, 0, 0, 0, 0, 0, 0, 0, 16, 64, 20, 20, 20, 20, )
19388edd 33d3ac14 fc558f96 d82588ed 641f25fe
time 0 = 21793 us
loop counter = (0, 0, 0, 0, 0, 0, 0, 0, 0, 0, 0, 0, 0, 0, 0, 0, 0, 0, 0, 0, 0, 0, 0, 1, 0, 404, 0, 51642, 826272, 3305088, 1032840, 1032840, 1032840, 1032840, 0, 0, 0, 0, 0, 0, 0, 16, 64, 20, 20, 20, 20, )
36443d1a a1b37e10 ac0d8066 b8762294 db3591f9
time 0 = 30176 us
loop counter = (0, 0, 0, 0, 0, 0, 0, 0, 0, 0, 0, 0, 0, 0, 0, 0, 0, 0, 0, 0, 0, 0, 0, 1, 0, 439, 0, 56136, 898176, 3592704, 1122720, 1122720, 1122720, 1122720, 0, 0, 0, 0, 0, 0, 0, 16, 64, 20, 20, 20, 20, )
6f555a75 06252499 aa3c4cfc 5734da03 c590a0f2
time 0 = 32743 us
loop counter = (0, 0, 0, 0, 0, 0, 0, 0, 0, 0, 0, 0, 0, 0, 0, 0, 0, 0, 0, 0, 0, 0, 0, 1, 0, 501, 0, 64070, 1025120, 4100480, 1281400, 1281400, 1281400, 1281400, 0, 0, 0, 0, 0, 0, 0, 16, 64, 20, 20, 20, 20, )
c371fabe 9c6789bf 2201465b c7ff3be3 88775fb9
time 0 = 37162 us
loop counter = (0, 0, 0, 0, 0, 0, 0, 0, 0, 0, 0, 0, 0, 0, 0, 0, 0, 0, 0, 0, 0, 0, 0, 1, 0, 217, 0, 27744, 443904, 1775616, 554880, 554880, 554880, 554880, 0, 0, 0, 0, 0, 0, 0, 16, 64, 20, 20, 20, 20, )
b04153c5 43eb4036 aa46be11 9dd02184 ffb3c603
time 0 = 16145 us
loop counter = (0, 0, 0, 0, 0, 0, 0, 0, 0, 0, 0, 0, 0, 0, 0, 0, 0, 0, 0, 0, 0, 0, 0, 1, 0, 543, 0, 69396, 1110336, 4441344, 1387920, 1387920, 1387920, 1387920, 0, 0, 0, 0, 0, 0, 0, 16, 64, 20, 20, 20, 20, )
e880440b 91075fdf a556e563 de182efb de29dba8
time 0 = 40575 us
loop counter = (0, 0, 0, 0, 0, 0, 0, 0, 0, 0, 0, 0, 0, 0, 0, 0, 0, 0, 0, 0, 0, 0, 0, 1, 0, 171, 0, 21769, 348304, 1393216, 435380, 435380, 435380, 435380, 0, 0, 0, 0, 0, 0, 0, 16, 64, 20, 20, 20, 20, )
502bfbff 23bf3ead 642998bb b98c9c0e a5886f3a
time 0 = 12654 us
loop counter = (0, 0, 0, 0, 0, 0, 0, 0, 0, 0, 0, 0, 0, 0, 0, 0, 0, 0, 0, 0, 0, 0, 0, 1, 0, 28, 0, 3531, 56496, 225984, 70620, 70620, 70620, 70620, 0, 0, 0, 0, 0, 0, 0, 16, 64, 20, 20, 20, 20, )
227663c5 b6637236 9c39473e eeb46122 18b43f8e
time 0 = 2071 us
loop counter = (0, 0, 0, 0, 0, 0, 0, 0, 0, 0, 0, 0, 0, 0, 0, 0, 0, 0, 0, 0, 0, 0, 0, 1, 0, 501, 0, 64001, 1024016, 4096064, 1280020, 1280020, 1280020, 1280020, 0, 0, 0, 0, 0, 0, 0, 16, 64, 20, 20, 20, 20, )
32c29d91 b5032726 2915d03a cd1433f5 f3737485
time 0 = 37424 us
loop counter = (0, 0, 0, 0, 0, 0, 0, 0, 0, 0, 0, 0, 0, 0, 0, 0, 0, 0, 0, 0, 0, 0, 0, 1, 0, 187, 0, 23809, 380944, 1523776, 476180, 476180, 476180, 476180, 0, 0, 0, 0, 0, 0, 0, 16, 64, 20, 20, 20, 20, )
a8fdbf04 7364027c 3f8e4e60 2a1e9395 e8c34dd6
time 0 = 13801 us
loop counter = (0, 0, 0, 0, 0, 0, 0, 0, 0, 0, 0, 0, 0, 0, 0, 0, 0, 0, 0, 0, 0, 0, 0, 1, 0, 367, 0, 46904, 750464, 3001856, 938080, 938080, 938080, 938080, 0, 0, 0, 0, 0, 0, 0, 16, 64, 20, 20, 20, 20, )
a747400a f08991d9 1e97e945 7416eac6 fb904da0
time 0 = 27441 us
loop counter = (0, 0, 0, 0, 0, 0, 0, 0, 0, 0, 0, 0, 0, 0, 0, 0, 0, 0, 0, 0, 0, 0, 0, 1, 0, 62, 0, 7932, 126912, 507648, 158640, 158640, 158640, 158640, 0, 0, 0, 0, 0, 0, 0, 16, 64, 20, 20, 20, 20, )
72924e2d 1df7de09 4111478f 58bd7eaa ee603e16
time 0 = 4668 us
loop counter = (0, 0, 0, 0, 0, 0, 0, 0, 0, 0, 0, 0, 0, 0, 0, 0, 0, 0, 0, 0, 0, 0, 0, 1, 0, 510, 0, 65199, 1043184, 4172736, 1303980, 1303980, 1303980, 1303980, 0, 0, 0, 0, 0, 0, 0, 16, 64, 20, 20, 20, 20, )
9ac6b070 a11bdb93 25f253cb aec4449a 517f7148
time 0 = 38023 us
loop counter = (0, 0, 0, 0, 0, 0, 0, 0, 0, 0, 0, 0, 0, 0, 0, 0, 0, 0, 0, 0, 0, 0, 0, 1, 0, 512, 0, 65478, 1047648, 4190592, 1309560, 1309560, 1309560, 1309560, 0, 0, 0, 0, 0, 0, 0, 16, 64, 20, 20, 20, 20, )
b2d16915 53967c20 adf4956f 36d12736 b468254b
time 0 = 38172 us
loop counter = (0, 0, 0, 0, 0, 0, 0, 0, 0, 0, 0, 0, 0, 0, 0, 0, 0, 0, 0, 0, 0, 0, 0, 1, 0, 510, 0, 65269, 1044304, 4177216, 1305380, 1305380, 1305380, 1305380, 0, 0, 0, 0, 0, 0, 0, 16, 64, 20, 20, 20, 20, )
2c5dd6af dffc7d35 e857f2e2 f8da958b d579429b
time 0 = 38041 us
loop counter = (0, 0, 0, 0, 0, 0, 0, 0, 0, 0, 0, 0, 0, 0, 0, 0, 0, 0, 0, 0, 0, 0, 0, 1, 0, 214, 0, 27366, 437856, 1751424, 547320, 547320, 547320, 547320, 0, 0, 0, 0, 0, 0, 0, 16, 64, 20, 20, 20, 20, )
a576ccd4 427c44c8 5aa9ef61 8e3a77a4 5296bad9
time 0 = 15921 us
loop counter = (0, 0, 0, 0, 0, 0, 0, 0, 0, 0, 0, 0, 0, 0, 0, 0, 0, 0, 0, 0, 0, 0, 0, 1, 0, 561, 0, 71773, 1148368, 4593472, 1435460, 1435460, 1435460, 1435460, 0, 0, 0, 0, 0, 0, 0, 16, 64, 20, 20, 20, 20, )
0399d88b a217c26e c6c48846 b8229b89 3f9b1769
time 0 = 41635 us
loop counter = (0, 0, 0, 0, 0, 0, 0, 0, 0, 0, 0, 0, 0, 0, 0, 0, 0, 0, 0, 0, 0, 0, 0, 1, 0, 334, 0, 42706, 683296, 2733184, 854120, 854120, 854120, 854120, 0, 0, 0, 0, 0, 0, 0, 16, 64, 20, 20, 20, 20, )
570c8443 ae25757a e71978b2 936dd579 6bee9660
time 0 = 24419 us
loop counter = (0, 0, 0, 0, 0, 0, 0, 0, 0, 0, 0, 0, 0, 0, 0, 0, 0, 0, 0, 0, 0, 0, 0, 1, 0, 219, 0, 27937, 446992, 1787968, 558740, 558740, 558740, 558740, 0, 0, 0, 0, 0, 0, 0, 16, 64, 20, 20, 20, 20, )
cb2760dc 44dd8e3e 757dea00 66d3258b 1397bbff
time 0 = 16316 us
loop counter = (0, 0, 0, 0, 0, 0, 0, 0, 0, 0, 0, 0, 0, 0, 0, 0, 0, 0, 0, 0, 0, 0, 0, 1, 0, 173, 0, 22097, 353552, 1414208, 441940, 441940, 441940, 441940, 0, 0, 0, 0, 0, 0, 0, 16, 64, 20, 20, 20, 20, )
00894a91 2aa6b0fb 1d6c97d2 66ecba37 a122b189
time 0 = 12860 us
loop counter = (0, 0, 0, 0, 0, 0, 0, 0, 0, 0, 0, 0, 0, 0, 0, 0, 0, 0, 0, 0, 0, 0, 0, 1, 0, 410, 0, 52417, 838672, 3354688, 1048340, 1048340, 1048340, 1048340, 0, 0, 0, 0, 0, 0, 0, 16, 64, 20, 20, 20, 20, )
5c015fec ebf36654 2d716b88 d59ae5d3 fc4281c7
time 0 = 30554 us
loop counter = (0, 0, 0, 0, 0, 0, 0, 0, 0, 0, 0, 0, 0, 0, 0, 0, 0, 0, 0, 0, 0, 0, 0, 1, 0, 242, 0, 30876, 494016, 1976064, 617520, 617520, 617520, 617520, 0, 0, 0, 0, 0, 0, 0, 16, 64, 20, 20, 20, 20, )
70eff98b b39b172a 31fd8418 56947aed f2add4c4
time 0 = 17990 us
loop counter = (0, 0, 0, 0, 0, 0, 0, 0, 0, 0, 0, 0, 0, 0, 0, 0, 0, 0, 0, 0, 0, 0, 0, 1, 0, 296, 0, 37879, 606064, 2424256, 757580, 757580, 757580, 757580, 0, 0, 0, 0, 0, 0, 0, 16, 64, 20, 20, 20, 20, )
5554781c 0017792d 187c4a1a 9481b99f f57c99c0
time 0 = 22065 us
loop counter = (0, 0, 0, 0, 0, 0, 0, 0, 0, 0, 0, 0, 0, 0, 0, 0, 0, 0, 0, 0, 0, 0, 0, 1, 0, 529, 0, 67587, 1081392, 4325568, 1351740, 1351740, 1351740, 1351740, 1, 16, 64, 20, 20, 20, 20, 16, 64, 20, 20, 20, 20, )
4f31d671 1e58107d 4a36807e f57f9a17 4bc58bc2
time 0 = 39515 us
loop counter = (0, 0, 0, 0, 0, 0, 0, 0, 0, 0, 0, 0, 0, 0, 0, 0, 0, 0, 0, 0, 0, 0, 0, 1, 0, 156, 0, 19924, 318784, 1275136, 398480, 398480, 398480, 398480, 0, 0, 0, 0, 0, 0, 0, 16, 64, 20, 20, 20, 20, )
7595c3cf c27faebf 02bd64be 0187e2a7 a3fb736c
time 0 = 11574 us
loop counter = (0, 0, 0, 0, 0, 0, 0, 0, 0, 0, 0, 0, 0, 0, 0, 0, 0, 0, 0, 0, 0, 0, 0, 1, 0, 530, 0, 67798, 1084768, 4339072, 1355960, 1355960, 1355960, 1355960, 0, 0, 0, 0, 0, 0, 0, 16, 64, 20, 20, 20, 20, )
a6ac9e69 eb373bef 09d8dc1d 884b74f1 f2a506bb
time 0 = 39646 us
loop counter = (0, 0, 0, 0, 0, 0, 0, 0, 0, 0, 0, 0, 0, 0, 0, 0, 0, 0, 0, 0, 0, 0, 0, 1, 0, 171, 0, 21793, 348688, 1394752, 435860, 435860, 435860, 435860, 0, 0, 0, 0, 0, 0, 0, 16, 64, 20, 20, 20, 20, )
dad7e59f a7ec5b9e e60fb000 a485f5d2 44cf5989
time 0 = 12728 us
loop counter = (0, 0, 0, 0, 0, 0, 0, 0, 0, 0, 0, 0, 0, 0, 0, 0, 0, 0, 0, 0, 0, 0, 0, 1, 0, 463, 0, 59143, 946288, 3785152, 1182860, 1182860, 1182860, 1182860, 0, 0, 0, 0, 0, 0, 0, 16, 64, 20, 20, 20, 20, )
601fa9d5 8c0ca3a0 98eab2d5 131e6b66 e0650c51
time 0 = 34188 us
loop counter = (0, 0, 0, 0, 0, 0, 0, 0, 0, 0, 0, 0, 0, 0, 0, 0, 0, 0, 0, 0, 0, 0, 0, 1, 0, 40, 0, 5067, 81072, 324288, 101340, 101340, 101340, 101340, 0, 0, 0, 0, 0, 0, 0, 16, 64, 20, 20, 20, 20, )
868e9d1e d2acb135 b48a716d 389804ea 6c3f6a62
time 0 = 2982 us
loop counter = (0, 0, 0, 0, 0, 0, 0, 0, 0, 0, 0, 0, 0, 0, 0, 0, 0, 0, 0, 0, 0, 0, 0, 1, 0, 238, 0, 30462, 487392, 1949568, 609240, 609240, 609240, 609240, 0, 0, 0, 0, 0, 0, 0, 16, 64, 20, 20, 20, 20, )
a263f093 7b9820f0 24ffc596 d80fac6a 7c31f14b
time 0 = 17796 us
loop counter = (0, 0, 0, 0, 0, 0, 0, 0, 0, 0, 0, 0, 0, 0, 0, 0, 0, 0, 0, 0, 0, 0, 0, 1, 0, 441, 0, 56432, 902912, 3611648, 1128640, 1128640, 1128640, 1128640, 0, 0, 0, 0, 0, 0, 0, 16, 64, 20, 20, 20, 20, )
c8bbd38c 9a5f506a 67ee6ee7 17d6106c ed48b2ce
time 0 = 32661 us
loop counter = (0, 0, 0, 0, 0, 0, 0, 0, 0, 0, 0, 0, 0, 0, 0, 0, 0, 0, 0, 0, 0, 0, 0, 1, 0, 125, 0, 15920, 254720, 1018880, 318400, 318400, 318400, 318400, 0, 0, 0, 0, 0, 0, 0, 16, 64, 20, 20, 20, 20, )
9ff416b4 2989e232 4d2cb145 d2c059b4 31deb62c
time 0 = 9263 us
loop counter = (0, 0, 0, 0, 0, 0, 0, 0, 0, 0, 0, 0, 0, 0, 0, 0, 0, 0, 0, 0, 0, 0, 0, 1, 0, 443, 0, 56617, 905872, 3623488, 1132340, 1132340, 1132340, 1132340, 0, 0, 0, 0, 0, 0, 0, 16, 64, 20, 20, 20, 20, )
d5c9af7f dc0956bd 0230da2a 1eb84e3b ffa962e2
time 0 = 33137 us
loop counter = (0, 0, 0, 0, 0, 0, 0, 0, 0, 0, 0, 0, 0, 0, 0, 0, 0, 0, 0, 0, 0, 0, 0, 1, 0, 198, 0, 25314, 405024, 1620096, 506280, 506280, 506280, 506280, 0, 0, 0, 0, 0, 0, 0, 16, 64, 20, 20, 20, 20, )
f59977a1 a3169a70 fbcad295 df634a64 777335c2
time 0 = 14775 us
loop counter = (0, 0, 0, 0, 0, 0, 0, 0, 0, 0, 0, 0, 0, 0, 0, 0, 0, 0, 0, 0, 0, 0, 0, 1, 0, 217, 0, 27690, 443040, 1772160, 553800, 553800, 553800, 553800, 0, 0, 0, 0, 0, 0, 0, 16, 64, 20, 20, 20, 20, )
941f05ec 6394e35c 51273167 b3f4f4f6 0cd24517
time 0 = 16113 us
loop counter = (0, 0, 0, 0, 0, 0, 0, 0, 0, 0, 0, 0, 0, 0, 0, 0, 0, 0, 0, 0, 0, 0, 0, 1, 0, 269, 0, 34361, 549776, 2199104, 687220, 687220, 687220, 687220, 1, 16, 64, 20, 20, 20, 20, 16, 64, 20, 20, 20, 20, )
39c86d40 12d38be5 892f24c3 a904f43d 6579d32c
time 0 = 20465 us
loop counter = (0, 0, 0, 0, 0, 0, 0, 0, 0, 0, 0, 0, 0, 0, 0, 0, 0, 0, 0, 0, 0, 0, 0, 1, 0, 579, 0, 74001, 1184016, 4736064, 1480020, 1480020, 1480020, 1480020, 0, 0, 0, 0, 0, 0, 0, 16, 64, 20, 20, 20, 20, )
11550c51 9ccd2014 884d7031 88bc3671 10478299
time 0 = 44000 us
loop counter = (0, 0, 0, 0, 0, 0, 0, 0, 0, 0, 0, 0, 0, 0, 0, 0, 0, 0, 0, 0, 0, 0, 0, 1, 0, 386, 0, 49368, 789888, 3159552, 987360, 987360, 987360, 987360, 0, 0, 0, 0, 0, 0, 0, 16, 64, 20, 20, 20, 20, )
33fdc042 11368d04 da6399e1 365ef655 b371d00d
time 0 = 29436 us
loop counter = (0, 0, 0, 0, 0, 0, 0, 0, 0, 0, 0, 0, 0, 0, 0, 0, 0, 0, 0, 0, 0, 0, 0, 1, 0, 421, 0, 53857, 861712, 3446848, 1077140, 1077140, 1077140, 1077140, 0, 0, 0, 0, 0, 0, 0, 16, 64, 20, 20, 20, 20, )
8ceaafdb 326d70ac dcfb54a2 5cb10890 c2b4038b
time 0 = 32083 us
loop counter = (0, 0, 0, 0, 0, 0, 0, 0, 0, 0, 0, 0, 0, 0, 0, 0, 0, 0, 0, 0, 0, 0, 0, 1, 0, 287, 0, 36638, 586208, 2344832, 732760, 732760, 732760, 732760, 0, 0, 0, 0, 0, 0, 0, 16, 64, 20, 20, 20, 20, )
a5594e00 708f3026 8f333991 01b1ef63 bc728fc9
time 0 = 21383 us
loop counter = (0, 0, 0, 0, 0, 0, 0, 0, 0, 0, 0, 0, 0, 0, 0, 0, 0, 0, 0, 0, 0, 0, 0, 1, 0, 470, 0, 60069, 961104, 3844416, 1201380, 1201380, 1201380, 1201380, 0, 0, 0, 0, 0, 0, 0, 16, 64, 20, 20, 20, 20, )
d2540691 5be84bcd ca59c22c ec18a1b1 97a216ff
time 0 = 35217 us
loop counter = (0, 0, 0, 0, 0, 0, 0, 0, 0, 0, 0, 0, 0, 0, 0, 0, 0, 0, 0, 0, 0, 0, 0, 1, 0, 4, 0, 387, 6192, 24768, 7740, 7740, 7740, 7740, 0, 0, 0, 0, 0, 0, 0, 16, 64, 20, 20, 20, 20, )
1ee00325 7edc7558 087f7162 389d941c 67ad537f
time 0 = 263 us
loop counter = (0, 0, 0, 0, 0, 0, 0, 0, 0, 0, 0, 0, 0, 0, 0, 0, 0, 0, 0, 0, 0, 0, 0, 1, 0, 373, 0, 47624, 761984, 3047936, 952480, 952480, 952480, 952480, 1, 16, 64, 20, 20, 20, 20, 16, 64, 20, 20, 20, 20, )
bb4b9e44 19d6edbb 3422b82e 88c71509 9e9131ac
time 0 = 27480 us
loop counter = (0, 0, 0, 0, 0, 0, 0, 0, 0, 0, 0, 0, 0, 0, 0, 0, 0, 0, 0, 0, 0, 0, 0, 1, 0, 224, 0, 28629, 458064, 1832256, 572580, 572580, 572580, 572580, 0, 0, 0, 0, 0, 0, 0, 16, 64, 20, 20, 20, 20, )
f05fd679 75bc344c 2e2f376f ea675286 a2a614aa
time 0 = 16679 us
loop counter = (0, 0, 0, 0, 0, 0, 0, 0, 0, 0, 0, 0, 0, 0, 0, 0, 0, 0, 0, 0, 0, 0, 0, 1, 0, 501, 0, 64049, 1024784, 4099136, 1280980, 1280980, 1280980, 1280980, 0, 0, 0, 0, 0, 0, 0, 16, 64, 20, 20, 20, 20, )
df644efa 45e87d00 b764a34b 0611f51b 04ef626a
time 0 = 37387 us
loop counter = (0, 0, 0, 0, 0, 0, 0, 0, 0, 0, 0, 0, 0, 0, 0, 0, 0, 0, 0, 0, 0, 0, 0, 1, 0, 299, 0, 38211, 611376, 2445504, 764220, 764220, 764220, 764220, 0, 0, 0, 0, 0, 0, 0, 16, 64, 20, 20, 20, 20, )
8a34f860 a548b539 9518785c f6a58a4f b7755d3c
time 0 = 22337 us
loop counter = (0, 0, 0, 0, 0, 0, 0, 0, 0, 0, 0, 0, 0, 0, 0, 0, 0, 0, 0, 0, 0, 0, 0, 1, 0, 74, 0, 9360, 149760, 599040, 187200, 187200, 187200, 187200, 0, 0, 0, 0, 0, 0, 0, 16, 64, 20, 20, 20, 20, )
e999e1b6 a25c9f60 764d2789 6069cc31 7ccadf87
time 0 = 5382 us
loop counter = (0, 0, 0, 0, 0, 0, 0, 0, 0, 0, 0, 0, 0, 0, 0, 0, 0, 0, 0, 0, 0, 0, 0, 1, 0, 410, 0, 52412, 838592, 3354368, 1048240, 1048240, 1048240, 1048240, 0, 0, 0, 0, 0, 0, 0, 16, 64, 20, 20, 20, 20, )
308ef73d c4104fbf 2e0f5080 7bf9b641 cdae48dc
time 0 = 30611 us
loop counter = (0, 0, 0, 0, 0, 0, 0, 0, 0, 0, 0, 0, 0, 0, 0, 0, 0, 0, 0, 0, 0, 0, 0, 1, 0, 236, 0, 30122, 481952, 1927808, 602440, 602440, 602440, 602440, 0, 0, 0, 0, 0, 0, 0, 16, 64, 20, 20, 20, 20, )
9ad774ef 1365f6d4 09fca5da 1e258f1d c843cfb3
time 0 = 17262 us
loop counter = (0, 0, 0, 0, 0, 0, 0, 0, 0, 0, 0, 0, 0, 0, 0, 0, 0, 0, 0, 0, 0, 0, 0, 1, 0, 278, 0, 35477, 567632, 2270528, 709540, 709540, 709540, 709540, 0, 0, 0, 0, 0, 0, 0, 16, 64, 20, 20, 20, 20, )
3c6754d0 73e4c84a 22b86452 137cc189 fbec4ddb
time 0 = 20716 us
loop counter = (0, 0, 0, 0, 0, 0, 0, 0, 0, 0, 0, 0, 0, 0, 0, 0, 0, 0, 0, 0, 0, 0, 0, 1, 0, 10, 0, 1179, 18864, 75456, 23580, 23580, 23580, 23580, 0, 0, 0, 0, 0, 0, 0, 16, 64, 20, 20, 20, 20, )
ecd54d92 d78237ff 31229b11 e8bf83ca 6c7e7b1e
time 0 = 716 us
loop counter = (0, 0, 0, 0, 0, 0, 0, 0, 0, 0, 0, 0, 0, 0, 0, 0, 0, 0, 0, 0, 0, 0, 0, 1, 0, 58, 0, 7423, 118768, 475072, 148460, 148460, 148460, 148460, 1, 16, 64, 20, 20, 20, 20, 16, 64, 20, 20, 20, 20, )
ef86244f e356681d 3dcf43f1 b58e4ecf 54135ca8
time 0 = 4351 us
loop counter = (0, 0, 0, 0, 0, 0, 0, 0, 0, 0, 0, 0, 0, 0, 0, 0, 0, 0, 0, 0, 0, 0, 0, 1, 0, 148, 0, 18840, 301440, 1205760, 376800, 376800, 376800, 376800, 0, 0, 0, 0, 0, 0, 0, 16, 64, 20, 20, 20, 20, )
0e2a2995 5c47499d ec6e2807 1e72c950 48fcc8c8
time 0 = 10966 us
loop counter = (0, 0, 0, 0, 0, 0, 0, 0, 0, 0, 0, 0, 0, 0, 0, 0, 0, 0, 0, 0, 0, 0, 0, 1, 0, 549, 0, 70266, 1124256, 4497024, 1405320, 1405320, 1405320, 1405320, 0, 0, 0, 0, 0, 0, 0, 16, 64, 20, 20, 20, 20, )
393f742b 13bdff3a 24cda092 48b09b79 2c26a575
time 0 = 40747 us
