loop counter = (0, 0, 0, 0, 0, 0, 0, 0, 0, 0, 0, 0, 0, 0, 0, 0, 0, 0, 0, 0, 0, 0, 0, 1, 0, 206, 0, 26331, 421296, 1685184, 526620, 526620, 526620, 526620, 0, 0, 0, 0, 0, 0, 0, 16, 64, 20, 20, 20, 20, )
e038aaf0 f6e2b798 ea7fbede 8317fb50 ff3b6098
time 0 = 15575 us
loop counter = (0, 0, 0, 0, 0, 0, 0, 0, 0, 0, 0, 0, 0, 0, 0, 0, 0, 0, 0, 0, 0, 0, 0, 1, 0, 310, 0, 39642, 634272, 2537088, 792840, 792840, 792840, 792840, 0, 0, 0, 0, 0, 0, 0, 16, 64, 20, 20, 20, 20, )
b35b00ba a8381146 e1965024 579bde46 631403e7
time 0 = 23677 us
loop counter = (0, 0, 0, 0, 0, 0, 0, 0, 0, 0, 0, 0, 0, 0, 0, 0, 0, 0, 0, 0, 0, 0, 0, 1, 0, 471, 0, 60265, 964240, 3856960, 1205300, 1205300, 1205300, 1205300, 0, 0, 0, 0, 0, 0, 0, 16, 64, 20, 20, 20, 20, )
456bd190 c4b226d2 699e0caa fc7a7655 4c6ebb21
time 0 = 37598 us
loop counter = (0, 0, 0, 0, 0, 0, 0, 0, 0, 0, 0, 0, 0, 0, 0, 0, 0, 0, 0, 0, 0, 0, 0, 1, 0, 246, 0, 31480, 503680, 2014720, 629600, 629600, 629600, 629600, 0, 0, 0, 0, 0, 0, 0, 16, 64, 20, 20, 20, 20, )
1aa8adf5 59f5773b faa1d0a4 2d03f44e 5cf959f3
time 0 = 18707 us
loop counter = (0, 0, 0, 0, 0, 0, 0, 0, 0, 0, 0, 0, 0, 0, 0, 0, 0, 0, 0, 0, 0, 0, 0, 1, 0, 317, 0, 40523, 648368, 2593472, 810460, 810460, 810460, 810460, 0, 0, 0, 0, 0, 0, 0, 16, 64, 20, 20, 20, 20, )
ed0f80c5 2564c32b 181ad47c f46e0dc9 473a310d
time 0 = 23612 us
loop counter = (0, 0, 0, 0, 0, 0, 0, 0, 0, 0, 0, 0, 0, 0, 0, 0, 0, 0, 0, 0, 0, 0, 0, 1, 0, 207, 0, 26441, 423056, 1692224, 528820, 528820, 528820, 528820, 0, 0, 0, 0, 0, 0, 0, 16, 64, 20, 20, 20, 20, )
87cf34ef aff8a66c 5207140f 52c7ea42 7a012f07
time 0 = 15691 us
loop counter = (0, 0, 0, 0, 0, 0, 0, 0, 0, 0, 0, 0, 0, 0, 0, 0, 0, 0, 0, 0, 0, 0, 0, 1, 0, 288, 0, 36819, 589104, 2356416, 736380, 736380, 736380, 736380, 0, 0, 0, 0, 0, 0, 0, 16, 64, 20, 20, 20, 20, )
20dfb0ae f222d8e1 7fc526e6 284df136 aead600a
time 0 = 21781 us
loop counter = (0, 0, 0, 0, 0, 0, 0, 0, 0, 0, 0, 0, 0, 0, 0, 0, 0, 0, 0, 0, 0, 0, 0, 1, 0, 85, 0, 10758, 172128, 688512, 215160, 215160, 215160, 215160, 0, 0, 0, 0, 0, 0, 0, 16, 64, 20, 20, 20, 20, )
d92101d3 0c6852ac 65f8b8d7 e4233b40 8f7a5d0c
time 0 = 6432 us
loop counter = (0, 0, 0, 0, 0, 0, 0, 0, 0, 0, 0, 0, 0, 0, 0, 0, 0, 0, 0, 0, 0, 0, 0, 1, 0, 231, 0, 29452, 471232, 1884928, 589040, 589040, 589040, 589040, 0, 0, 0, 0, 0, 0, 0, 16, 64, 20, 20, 20, 20, )
c99e4ab6 8d7e2e7c ceadd881 b7b6a268 000af051
time 0 = 17476 us
loop counter = (0, 0, 0, 0, 0, 0, 0, 0, 0, 0, 0, 0, 0, 0, 0, 0, 0, 0, 0, 0, 0, 0, 0, 1, 0, 477, 0, 61021, 976336, 3905344, 1220420, 1220420, 1220420, 1220420, 0, 0, 0, 0, 0, 0, 0, 16, 64, 20, 20, 20, 20, )
09e7239e c94a9b2c eddf4aee c004f30b d1ceef56
time 0 = 36091 us
loop counter = (0, 0, 0, 0, 0, 0, 0, 0, 0, 0, 0, 0, 0, 0, 0, 0, 0, 0, 0, 0, 0, 0, 0, 1, 0, 181, 0, 23136, 370176, 1480704, 462720, 462720, 462720, 462720, 0, 0, 0, 0, 0, 0, 0, 16, 64, 20, 20, 20, 20, )
a21485af cbb8f38b ffeb96cd 8945b529 24ce8c61
time 0 = 13408 us
loop counter = (0, 0, 0, 0, 0, 0, 0, 0, 0, 0, 0, 0, 0, 0, 0, 0, 0, 0, 0, 0, 0, 0, 0, 1, 0, 297, 0, 37917, 606672, 2426688, 758340, 758340, 758340, 758340, 0, 0, 0, 0, 0, 0, 0, 16, 64, 20, 20, 20, 20, )
4d076618 8aeaf260 14040048 a9a95db6 92d3bbe2
time 0 = 22209 us
loop counter = (0, 0, 0, 0, 0, 0, 0, 0, 0, 0, 0, 0, 0, 0, 0, 0, 0, 0, 0, 0, 0, 0, 0, 1, 0, 414, 0, 52882, 846112, 3384448, 1057640, 1057640, 1057640, 1057640, 0, 0, 0, 0, 0, 0, 0, 16, 64, 20, 20, 20, 20, )
b70d0e40 d1680147 e410e82b 8afeb4df 66864f01
time 0 = 31356 us
loop counter = (0, 0, 0, 0, 0, 0, 0, 0, 0, 0, 0, 0, 0, 0, 0, 0, 0, 0, 0, 0, 0, 0, 0, 1, 0, 221, 0, 28221, 451536, 1806144, 564420, 564420, 564420, 564420, 0, 0, 0, 0, 0, 0, 0, 16, 64, 20, 20, 20, 20, )
5a3b0af8 7abfb25c a6d5237c 104d5b0e c2a39ad0
time 0 = 16694 us
loop counter = (0, 0, 0, 0, 0, 0, 0, 0, 0, 0, 0, 0, 0, 0, 0, 0, 0, 0, 0, 0, 0, 0, 0, 1, 0, 239, 0, 30575, 489200, 1956800, 611500, 611500, 611500, 611500, 0, 0, 0, 0, 0, 0, 0, 16, 64, 20, 20, 20, 20, )
b5f0eed2 fd4a885f 01faf958 76f3c4e8 89a3f929
time 0 = 18282 us
loop counter = (0, 0, 0, 0, 0, 0, 0, 0, 0, 0, 0, 0, 0, 0, 0, 0, 0, 0, 0, 0, 0, 0, 0, 1, 0, 370, 0, 47246, 755936, 3023744, 944920, 944920, 944920, 944920, 1, 16, 64, 20, 20, 20, 20, 16, 64, 20, 20, 20, 20, )
db9d77ba a8bfe02e 3c9912e2 cc0f7f7d beb484af
time 0 = 28037 us
loop counter = (0, 0, 0, 0, 0, 0, 0, 0, 0, 0, 0, 0, 0, 0, 0, 0, 0, 0, 0, 0, 0, 0, 0, 1, 0, 405, 0, 51822, 829152, 3316608, 1036440, 1036440, 1036440, 1036440, 0, 0, 0, 0, 0, 0, 0, 16, 64, 20, 20, 20, 20, )
b82edd00 e519ed42 546e0a97 a25a3039 b3ffefe1
time 0 = 30861 us
loop counter = (0, 0, 0, 0, 0, 0, 0, 0, 0, 0, 0, 0, 0, 0, 0, 0, 0, 0, 0, 0, 0, 0, 0, 1, 0, 305, 0, 39037, 624592, 2498368, 780740, 780740, 780740, 780740, 0, 0, 0, 0, 0, 0, 0, 16, 64, 20, 20, 20, 20, )
bd613fed c2a7f688 ee219ba9 5dd8a1a3 cb03061b
time 0 = 23280 us
loop counter = (0, 0, 0, 0, 0, 0, 0, 0, 0, 0, 0, 0, 0, 0, 0, 0, 0, 0, 0, 0, 0, 0, 0, 1, 0, 458, 0, 58526, 936416, 3745664, 1170520, 1170520, 1170520, 1170520, 1, 16, 64, 20, 20, 20, 20, 16, 64, 20, 20, 20, 20, )
82bb5ca5 a9c2be16 10f61d05 07060a78 e89a0bb7
time 0 = 34825 us
loop counter = (0, 0, 0, 0, 0, 0, 0, 0, 0, 0, 0, 0, 0, 0, 0, 0, 0, 0, 0, 0, 0, 0, 0, 1, 0, 261, 0, 33300, 532800, 2131200, 666000, 666000, 666000, 666000, 0, 0, 0, 0, 0, 0, 0, 16, 64, 20, 20, 20, 20, )
b33e56cf 3f2878f9 5483f6c8 ad66dba7 06106d50
time 0 = 19603 us
loop counter = (0, 0, 0, 0, 0, 0, 0, 0, 0, 0, 0, 0, 0, 0, 0, 0, 0, 0, 0, 0, 0, 0, 0, 1, 0, 333, 0, 42618, 681888, 2727552, 852360, 852360, 852360, 852360, 0, 0, 0, 0, 0, 0, 0, 16, 64, 20, 20, 20, 20, )
bbc5c9d8 2c42c092 2a684c60 b2ab9fc4 b5529d7a
time 0 = 25306 us
loop counter = (0, 0, 0, 0, 0, 0, 0, 0, 0, 0, 0, 0, 0, 0, 0, 0, 0, 0, 0, 0, 0, 0, 0, 1, 0, 546, 0, 69795, 1116720, 4466880, 1395900, 1395900, 1395900, 1395900, 0, 0, 0, 0, 0, 0, 0, 16, 64, 20, 20, 20, 20, )
f5bcc087 bc687c43 afe17f6d 89e68abd 55806d06
time 0 = 41472 us
loop counter = (0, 0, 0, 0, 0, 0, 0, 0, 0, 0, 0, 0, 0, 0, 0, 0, 0, 0, 0, 0, 0, 0, 0, 1, 0, 16, 0, 1990, 31840, 127360, 39800, 39800, 39800, 39800, 0, 0, 0, 0, 0, 0, 0, 16, 64, 20, 20, 20, 20, )
2ab1fac6 c9cd36f3 03716f6f 659fe929 e5e9f510
time 0 = 1208 us
loop counter = (0, 0, 0, 0, 0, 0, 0, 0, 0, 0, 0, 0, 0, 0, 0, 0, 0, 0, 0, 0, 0, 0, 0, 1, 0, 51, 0, 6409, 102544, 410176, 128180, 128180, 128180, 128180, 0, 0, 0, 0, 0, 0, 0, 16, 64, 20, 20, 20, 20, )
507aea36 afd63446 bd2caa7d 67c36291 46ca5f2e
time 0 = 3771 us
loop counter = (0, 0, 0, 0, 0, 0, 0, 0, 0, 0, 0, 0, 0, 0, 0, 0, 0, 0, 0, 0, 0, 0, 0, 1, 0, 66, 0, 8373, 133968, 535872, 167460, 167460, 167460, 167460, 0, 0, 0, 0, 0, 0, 0, 16, 64, 20, 20, 20, 20, )
bc49959f 52c03fdb 05a02b01 4c1f0952 4d7db1da
time 0 = 5192 us
loop counter = (0, 0, 0, 0, 0, 0, 0, 0, 0, 0, 0, 0, 0, 0, 0, 0, 0, 0, 0, 0, 0, 0, 0, 1, 0, 165, 0, 21116, 337856, 1351424, 422320, 422320, 422320, 422320, 0, 0, 0, 0, 0, 0, 0, 16, 64, 20, 20, 20, 20, )
e01bbb78 db21ccdf 526f1be1 ce363484 60c9f97c
time 0 = 12289 us
loop counter = (0, 0, 0, 0, 0, 0, 0, 0, 0, 0, 0, 0, 0, 0, 0, 0, 0, 0, 0, 0, 0, 0, 0, 1, 0, 467, 0, 59657, 954512, 3818048, 1193140, 1193140, 1193140, 1193140, 0, 0, 0, 0, 0, 0, 0, 16, 64, 20, 20, 20, 20, )
07aa16ce cd980ee7 72c2ce66 7c6dbbe9 0bfd160a
time 0 = 34755 us
loop counter = (0, 0, 0, 0, 0, 0, 0, 0, 0, 0, 0, 0, 0, 0, 0, 0, 0, 0, 0, 0, 0, 0, 0, 1, 0, 339, 0, 43286, 692576, 2770304, 865720, 865720, 865720, 865720, 0, 0, 0, 0, 0, 0, 0, 16, 64, 20, 20, 20, 20, )
24814b7f 637e2f62 e26f4dac 48860d08 940ae147
time 0 = 25588 us
loop counter = (0, 0, 0, 0, 0, 0, 0, 0, 0, 0, 0, 0, 0, 0, 0, 0, 0, 0, 0, 0, 0, 0, 0, 1, 0, 492, 0, 62911, 1006576, 4026304, 1258220, 1258220, 1258220, 1258220, 1, 16, 64, 20, 20, 20, 20, 16, 64, 20, 20, 20, 20, )
5500e259 336120d8 8d8ebc0f 7e083545 75838a03
time 0 = 37291 us
loop counter = (0, 0, 0, 0, 0, 0, 0, 0, 0, 0, 0, 0, 0, 0, 0, 0, 0, 0, 0, 0, 0, 0, 0, 1, 0, 213, 0, 27219, 435504, 1742016, 544380, 544380, 544380, 544380, 0, 0, 0, 0, 0, 0, 0, 16, 64, 20, 20, 20, 20, )
0f625a99 eb559978 5fdd9069 664192a9 4238368a
time 0 = 15986 us
loop counter = (0, 0, 0, 0, 0, 0, 0, 0, 0, 0, 0, 0, 0, 0, 0, 0, 0, 0, 0, 0, 0, 0, 0, 1, 0, 104, 0, 13240, 211840, 847360, 264800, 264800, 264800, 264800, 0, 0, 0, 0, 0, 0, 0, 16, 64, 20, 20, 20, 20, )
08d00ded 89608456 493f0ab2 3beeac97 ef84bee9
time 0 = 7979 us
loop counter = (0, 0, 0, 0, 0, 0, 0, 0, 0, 0, 0, 0, 0, 0, 0, 0, 0, 0, 0, 0, 0, 0, 0, 1, 0, 444, 0, 56821, 909136, 3636544, 1136420, 1136420, 1136420, 1136420, 0, 0, 0, 0, 0, 0, 0, 16, 64, 20, 20, 20, 20, )
233ec28f 38eef348 0e6a8ca4 774eac6c 156cf2b0
time 0 = 33759 us
loop counter = (0, 0, 0, 0, 0, 0, 0, 0, 0, 0, 0, 0, 0, 0, 0, 0, 0, 0, 0, 0, 0, 0, 0, 1, 0, 278, 0, 35504, 568064, 2272256, 710080, 710080, 710080, 710080, 0, 0, 0, 0, 0, 0, 0, 16, 64, 20, 20, 20, 20, )
d6f3ec82 2a404f86 9f2c8a19 ef5eea5d dcdb7a4e
time 0 = 21093 us
loop counter = (0, 0, 0, 0, 0, 0, 0, 0, 0, 0, 0, 0, 0, 0, 0, 0, 0, 0, 0, 0, 0, 0, 0, 1, 0, 539, 0, 68907, 1102512, 4410048, 1378140, 1378140, 1378140, 1378140, 0, 0, 0, 0, 0, 0, 0, 16, 64, 20, 20, 20, 20, )
281624e8 048332f6 8c441ef1 da2b0578 4b56a153
time 0 = 40972 us
loop counter = (0, 0, 0, 0, 0, 0, 0, 0, 0, 0, 0, 0, 0, 0, 0, 0, 0, 0, 0, 0, 0, 0, 0, 1, 0, 498, 0, 63653, 1018448, 4073792, 1273060, 1273060, 1273060, 1273060, 0, 0, 0, 0, 0, 0, 0, 16, 64, 20, 20, 20, 20, )
4f418be4 8d87205e 4c05fdf2 da134a7a 9f54c3f5
time 0 = 36836 us
loop counter = (0, 0, 0, 0, 0, 0, 0, 0, 0, 0, 0, 0, 0, 0, 0, 0, 0, 0, 0, 0, 0, 0, 0, 1, 0, 165, 0, 21061, 336976, 1347904, 421220, 421220, 421220, 421220, 0, 0, 0, 0, 0, 0, 0, 16, 64, 20, 20, 20, 20, )
368e8633 0b8a96ad 0e14adfe 2ff4395a 18f83231
time 0 = 12171 us
loop counter = (0, 0, 0, 0, 0, 0, 0, 0, 0, 0, 0, 0, 0, 0, 0, 0, 0, 0, 0, 0, 0, 0, 0, 1, 0, 167, 0, 21361, 341776, 1367104, 427220, 427220, 427220, 427220, 0, 0, 0, 0, 0, 0, 0, 16, 64, 20, 20, 20, 20, )
58aaca26 80287b3b 5d8a9b1c a894d751 528b61f6
time 0 = 12408 us
loop counter = (0, 0, 0, 0, 0, 0, 0, 0, 0, 0, 0, 0, 0, 0, 0, 0, 0, 0, 0, 0, 0, 0, 0, 1, 0, 218, 0, 27901, 446416, 1785664, 558020, 558020, 558020, 558020, 0, 0, 0, 0, 0, 0, 0, 16, 64, 20, 20, 20, 20, )
ea5067b9 3b277264 07097fc4 6460d6f2 698049a4
time 0 = 16288 us
loop counter = (0, 0, 0, 0, 0, 0, 0, 0, 0, 0, 0, 0, 0, 0, 0, 0, 0, 0, 0, 0, 0, 0, 0, 1, 0, 196, 0, 25068, 401088, 1604352, 501360, 501360, 501360, 501360, 0, 0, 0, 0, 0, 0, 0, 16, 64, 20, 20, 20, 20, )
7239904f 1d8d8e51 a38ec9bc c3c122c4 36871f6b
time 0 = 14627 us
loop counter = (0, 0, 0, 0, 0, 0, 0, 0, 0, 0, 0, 0, 0, 0, 0, 0, 0, 0, 0, 0, 0, 0, 0, 1, 0, 247, 0, 31492, 503872, 2015488, 629840, 629840, 629840, 629840, 0, 0, 0, 0, 0, 0, 0, 16, 64, 20, 20, 20, 20, )
7fb8c196 f67928fc ad9a1d45 3bb1b08d b00e764c
time 0 = 18373 us
loop counter = (0, 0, 0, 0, 0, 0, 0, 0, 0, 0, 0, 0, 0, 0, 0, 0, 0, 0, 0, 0, 0, 0, 0, 1, 0, 581, 0, 74358, 1189728, 4758912, 1487160, 1487160, 1487160, 1487160, 0, 0, 0, 0, 0, 0, 0, 16, 64, 20, 20, 20, 20, )
7a1b1e9c c9229feb 62d62905 5f9928dc fe453fe7
time 0 = 43475 us
loop counter = (0, 0, 0, 0, 0, 0, 0, 0, 0, 0, 0, 0, 0, 0, 0, 0, 0, 0, 0, 0, 0, 0, 0, 1, 0, 487, 0, 62212, 995392, 3981568, 1244240, 1244240, 1244240, 1244240, 1, 16, 64, 20, 20, 20, 20, 16, 64, 20, 20, 20, 20, )
2e8cbef0 2895dd73 f2a3666f 6486fa37 53dbcc1c
time 0 = 36222 us
loop counter = (0, 0, 0, 0, 0, 0, 0, 0, 0, 0, 0, 0, 0, 0, 0, 0, 0, 0, 0, 0, 0, 0, 0, 1, 0, 521, 0, 66625, 1066000, 4264000, 1332500, 1332500, 1332500, 1332500, 0, 0, 0, 0, 0, 0, 0, 16, 64, 20, 20, 20, 20, )
f9dac2c6 f9506446 982dacf1 5555eada b1b6e649
time 0 = 38629 us
loop counter = (0, 0, 0, 0, 0, 0, 0, 0, 0, 0, 0, 0, 0, 0, 0, 0, 0, 0, 0, 0, 0, 0, 0, 1, 0, 447, 0, 57132, 914112, 3656448, 1142640, 1142640, 1142640, 1142640, 0, 0, 0, 0, 0, 0, 0, 16, 64, 20, 20, 20, 20, )
0328a7ee 81abc4a7 48df2193 7135619c 5bd90920
time 0 = 33236 us
loop counter = (0, 0, 0, 0, 0, 0, 0, 0, 0, 0, 0, 0, 0, 0, 0, 0, 0, 0, 0, 0, 0, 0, 0, 1, 0, 108, 0, 13698, 219168, 876672, 273960, 273960, 273960, 273960, 0, 0, 0, 0, 0, 0, 0, 16, 64, 20, 20, 20, 20, )
561e910e 5d09691c 9f544685 3f0e3cb5 2aadf2c6
time 0 = 7974 us
loop counter = (0, 0, 0, 0, 0, 0, 0, 0, 0, 0, 0, 0, 0, 0, 0, 0, 0, 0, 0, 0, 0, 0, 0, 1, 0, 199, 0, 25415, 406640, 1626560, 508300, 508300, 508300, 508300, 0, 0, 0, 0, 0, 0, 0, 16, 64, 20, 20, 20, 20, )
08a66b49 2d38f69a 9d5967df 799682cb 45cbf9e3
time 0 = 14780 us
loop counter = (0, 0, 0, 0, 0, 0, 0, 0, 0, 0, 0, 0, 0, 0, 0, 0, 0, 0, 0, 0, 0, 0, 0, 1, 0, 529, 0, 67675, 1082800, 4331200, 1353500, 1353500, 1353500, 1353500, 0, 0, 0, 0, 0, 0, 0, 16, 64, 20, 20, 20, 20, )
0872d278 46fa804b cf3eb08e d3d8d1fb c23e4693
time 0 = 39371 us
loop counter = (0, 0, 0, 0, 0, 0, 0, 0, 0, 0, 0, 0, 0, 0, 0, 0, 0, 0, 0, 0, 0, 0, 0, 1, 0, 580, 0, 74217, 1187472, 4749888, 1484340, 1484340, 1484340, 1484340, 0, 0, 0, 0, 0, 0, 0, 16, 64, 20, 20, 20, 20, )
be418d7f da379ed8 567c388d e91c3848 17e7e94a
time 0 = 43213 us
loop counter = (0, 0, 0, 0, 0, 0, 0, 0, 0, 0, 0, 0, 0, 0, 0, 0, 0, 0, 0, 0, 0, 0, 0, 1, 0, 236, 0, 30196, 483136, 1932544, 603920, 603920, 603920, 603920, 0, 0, 0, 0, 0, 0, 0, 16, 64, 20, 20, 20, 20, )
4bd04214 b9410e00 35b56fe1 1f0820d6 97381602
time 0 = 17628 us
loop counter = (0, 0, 0, 0, 0, 0, 0, 0, 0, 0, 0, 0, 0, 0, 0, 0, 0, 0, 0, 0, 0, 0, 0, 1, 0, 121, 0, 15469, 247504, 990016, 309380, 309380, 309380, 309380, 0, 0, 0, 0, 0, 0, 0, 16, 64, 20, 20, 20, 20, )
ba9e8cde 453be7bc cf09ccff ea093d47 77212172
time 0 = 8981 us
loop counter = (0, 0, 0, 0, 0, 0, 0, 0, 0, 0, 0, 0, 0, 0, 0, 0, 0, 0, 0, 0, 0, 0, 0, 1, 0, 40, 0, 5108, 81728, 326912, 102160, 102160, 102160, 102160, 0, 0, 0, 0, 0, 0, 0, 16, 64, 20, 20, 20, 20, )
8397aaaf fbc87a53 41775dda 3607454e 3023ed3c
time 0 = 2993 us
loop counter = (0, 0, 0, 0, 0, 0, 0, 0, 0, 0, 0, 0, 0, 0, 0, 0, 0, 0, 0, 0, 0, 0, 0, 1, 0, 454, 0, 58034, 928544, 3714176, 1160680, 1160680, 1160680, 1160680, 0, 0, 0, 0, 0, 0, 0, 16, 64, 20, 20, 20, 20, )
977bdb1c d9987be8 3c2f6327 648531b1 17b0f1ed
time 0 = 33812 us
loop counter = (0, 0, 0, 0, 0, 0, 0, 0, 0, 0, 0, 0, 0, 0, 0, 0, 0, 0, 0, 0, 0, 0, 0, 1, 0, 411, 0, 52536, 840576, 3362304, 1050720, 1050720, 1050720, 1050720, 0, 0, 0, 0, 0, 0, 0, 16, 64, 20, 20, 20, 20, )
80abc57b 2f8c9198 ce481837 d2078873 ca65a336
time 0 = 30393 us
loop counter = (0, 0, 0, 0, 0, 0, 0, 0, 0, 0, 0, 0, 0, 0, 0, 0, 0, 0, 0, 0, 0, 0, 0, 1, 0, 365, 0, 46689, 747024, 2988096, 933780, 933780, 933780, 933780, 0, 0, 0, 0, 0, 0, 0, 16, 64, 20, 20, 20, 20, )
2faf7841 65fdd719 b20fc858 12deda7f c4d3cda4
time 0 = 27333 us
loop counter = (0, 0, 0, 0, 0, 0, 0, 0, 0, 0, 0, 0, 0, 0, 0, 0, 0, 0, 0, 0, 0, 0, 0, 1, 0, 136, 0, 17314, 277024, 1108096, 346280, 346280, 346280, 346280, 0, 0, 0, 0, 0, 0, 0, 16, 64, 20, 20, 20, 20, )
3128ba1c f6f4efbd c958cea3 439e803a 2b2f6e9c
time 0 = 10074 us
loop counter = (0, 0, 0, 0, 0, 0, 0, 0, 0, 0, 0, 0, 0, 0, 0, 0, 0, 0, 0, 0, 0, 0, 0, 1, 0, 173, 0, 22096, 353536, 1414144, 441920, 441920, 441920, 441920, 0, 0, 0, 0, 0, 0, 0, 16, 64, 20, 20, 20, 20, )
d33c1749 b9e43366 13722055 a1fee990 d5f3025f
time 0 = 12916 us
loop counter = (0, 0, 0, 0, 0, 0, 0, 0, 0, 0, 0, 0, 0, 0, 0, 0, 0, 0, 0, 0, 0, 0, 0, 1, 0, 354, 0, 45226, 723616, 2894464, 904520, 904520, 904520, 904520, 0, 0, 0, 0, 0, 0, 0, 16, 64, 20, 20, 20, 20, )
8cfc823f e8cce59e 63d311f0 9ccc615f b31099dd
time 0 = 26366 us
loop counter = (0, 0, 0, 0, 0, 0, 0, 0, 0, 0, 0, 0, 0, 0, 0, 0, 0, 0, 0, 0, 0, 0, 0, 1, 0, 76, 0, 9724, 155584, 622336, 194480, 194480, 194480, 194480, 0, 0, 0, 0, 0, 0, 0, 16, 64, 20, 20, 20, 20, )
3b8cd2ac 419ea9c0 75afc003 7268caf8 33cc09f3
time 0 = 5661 us
loop counter = (0, 0, 0, 0, 0, 0, 0, 0, 0, 0, 0, 0, 0, 0, 0, 0, 0, 0, 0, 0, 0, 0, 0, 1, 0, 175, 0, 22372, 357952, 1431808, 447440, 447440, 447440, 447440, 0, 0, 0, 0, 0, 0, 0, 16, 64, 20, 20, 20, 20, )
bc53120f 36da06f7 b51c0c0e d6568eee 2e38625e
time 0 = 13025 us
loop counter = (0, 0, 0, 0, 0, 0, 0, 0, 0, 0, 0, 0, 0, 0, 0, 0, 0, 0, 0, 0, 0, 0, 0, 1, 0, 391, 0, 49988, 799808, 3199232, 999760, 999760, 999760, 999760, 0, 0, 0, 0, 0, 0, 0, 16, 64, 20, 20, 20, 20, )
264763a0 352122dc 6a7953e3 4e8aa997 8b60f3b0
time 0 = 29018 us
loop counter = (0, 0, 0, 0, 0, 0, 0, 0, 0, 0, 0, 0, 0, 0, 0, 0, 0, 0, 0, 0, 0, 0, 0, 1, 0, 489, 0, 62536, 1000576, 4002304, 1250720, 1250720, 1250720, 1250720, 0, 0, 0, 0, 0, 0, 0, 16, 64, 20, 20, 20, 20, )
cf51dfc5 1f77798a f3db32bd 1d9d4e95 d476c379
time 0 = 36102 us
loop counter = (0, 0, 0, 0, 0, 0, 0, 0, 0, 0, 0, 0, 0, 0, 0, 0, 0, 0, 0, 0, 0, 0, 0, 1, 0, 435, 0, 55634, 890144, 3560576, 1112680, 1112680, 1112680, 1112680, 0, 0, 0, 0, 0, 0, 0, 16, 64, 20, 20, 20, 20, )
a8fea9c1 1a8cb0c7 2cb379fc e8d7daca 34ff3afa
time 0 = 32394 us
loop counter = (0, 0, 0, 0, 0, 0, 0, 0, 0, 0, 0, 0, 0, 0, 0, 0, 0, 0, 0, 0, 0, 0, 0, 1, 0, 268, 0, 34290, 548640, 2194560, 685800, 685800, 685800, 685800, 0, 0, 0, 0, 0, 0, 0, 16, 64, 20, 20, 20, 20, )
36d0e167 301a5eba b6cfb34f 4d4a7d94 87af7aba
time 0 = 20031 us
loop counter = (0, 0, 0, 0, 0, 0, 0, 0, 0, 0, 0, 0, 0, 0, 0, 0, 0, 0, 0, 0, 0, 0, 0, 1, 0, 199, 0, 25429, 406864, 1627456, 508580, 508580, 508580, 508580, 0, 0, 0, 0, 0, 0, 0, 16, 64, 20, 20, 20, 20, )
5ca5d7da 3704259c e518e723 58ea441c 5c426293
time 0 = 14794 us
loop counter = (0, 0, 0, 0, 0, 0, 0, 0, 0, 0, 0, 0, 0, 0, 0, 0, 0, 0, 0, 0, 0, 0, 0, 1, 0, 31, 0, 3919, 62704, 250816, 78380, 78380, 78380, 78380, 0, 0, 0, 0, 0, 0, 0, 16, 64, 20, 20, 20, 20, )
b174fc3e fdf75b37 586fb7d8 d60686a4 7e3717cd
time 0 = 2305 us
loop counter = (0, 0, 0, 0, 0, 0, 0, 0, 0, 0, 0, 0, 0, 0, 0, 0, 0, 0, 0, 0, 0, 0, 0, 1, 0, 387, 0, 49424, 790784, 3163136, 988480, 988480, 988480, 988480, 0, 0, 0, 0, 0, 0, 0, 16, 64, 20, 20, 20, 20, )
7bce5604 0b7797c5 16413030 70273d67 a684dbc7
time 0 = 28886 us
loop counter = (0, 0, 0, 0, 0, 0, 0, 0, 0, 0, 0, 0, 0, 0, 0, 0, 0, 0, 0, 0, 0, 0, 0, 1, 0, 242, 0, 30885, 494160, 1976640, 617700, 617700, 617700, 617700, 0, 0, 0, 0, 0, 0, 0, 16, 64, 20, 20, 20, 20, )
3e74b800 5f34f85f 5214dcf8 050a381c c9f354ca
time 0 = 18050 us
loop counter = (0, 0, 0, 0, 0, 0, 0, 0, 0, 0, 0, 0, 0, 0, 0, 0, 0, 0, 0, 0, 0, 0, 0, 1, 0, 404, 0, 51652, 826432, 3305728, 1033040, 1033040, 1033040, 1033040, 0, 0, 0, 0, 0, 0, 0, 16, 64, 20, 20, 20, 20, )
957b0a01 ce4a6be0 826feca7 9c8d95d6 9000cec1
time 0 = 30226 us
loop counter = (0, 0, 0, 0, 0, 0, 0, 0, 0, 0, 0, 0, 0, 0, 0, 0, 0, 0, 0, 0, 0, 0, 0, 1, 0, 132, 0, 16839, 269424, 1077696, 336780, 336780, 336780, 336780, 0, 0, 0, 0, 0, 0, 0, 16, 64, 20, 20, 20, 20, )
077e93ae b4a9ccb9 4652ee2c e3b34ab4 06ae9f28
time 0 = 9858 us
loop counter = (0, 0, 0, 0, 0, 0, 0, 0, 0, 0, 0, 0, 0, 0, 0, 0, 0, 0, 0, 0, 0, 0, 0, 1, 0, 365, 0, 46658, 746528, 2986112, 933160, 933160, 933160, 933160, 0, 0, 0, 0, 0, 0, 0, 16, 64, 20, 20, 20, 20, )
6d5d8e4d 4f208ab5 e1e2b004 3fac8923 b099cb5c
time 0 = 27308 us
loop counter = (0, 0, 0, 0, 0, 0, 0, 0, 0, 0, 0, 0, 0, 0, 0, 0, 0, 0, 0, 0, 0, 0, 0, 1, 0, 185, 0, 23593, 377488, 1509952, 471860, 471860, 471860, 471860, 0, 0, 0, 0, 0, 0, 0, 16, 64, 20, 20, 20, 20, )
07e0f5f5 a00008f1 1039edc7 a4e5f731 f8356a1b
time 0 = 13715 us
loop counter = (0, 0, 0, 0, 0, 0, 0, 0, 0, 0, 0, 0, 0, 0, 0, 0, 0, 0, 0, 0, 0, 0, 0, 1, 0, 518, 0, 66256, 1060096, 4240384, 1325120, 1325120, 1325120, 1325120, 0, 0, 0, 0, 0, 0, 0, 16, 64, 20, 20, 20, 20, )
ba81c4cc 7b85c360 feffef6c 31121114 7b5204e7
time 0 = 38609 us
loop counter = (0, 0, 0, 0, 0, 0, 0, 0, 0, 0, 0, 0, 0, 0, 0, 0, 0, 0, 0, 0, 0, 0, 0, 1, 0, 41, 0, 5144, 82304, 329216, 102880, 102880, 102880, 102880, 0, 0, 0, 0, 0, 0, 0, 16, 64, 20, 20, 20, 20, )
3db0321e bf6f58a6 90942721 cb2b8d7f be58d2c3
time 0 = 3029 us
loop counter = (0, 0, 0, 0, 0, 0, 0, 0, 0, 0, 0, 0, 0, 0, 0, 0, 0, 0, 0, 0, 0, 0, 0, 1, 0, 25, 0, 3159, 50544, 202176, 63180, 63180, 63180, 63180, 0, 0, 0, 0, 0, 0, 0, 16, 64, 20, 20, 20, 20, )
29174f4b caf274eb 779621ab e0befbca fdd43fd1
time 0 = 1873 us
loop counter = (0, 0, 0, 0, 0, 0, 0, 0, 0, 0, 0, 0, 0, 0, 0, 0, 0, 0, 0, 0, 0, 0, 0, 1, 0, 85, 0, 10756, 172096, 688384, 215120, 215120, 215120, 215120, 0, 0, 0, 0, 0, 0, 0, 16, 64, 20, 20, 20, 20, )
4e62307f ec364020 598655cf e117c28e ec6119fd
time 0 = 6228 us
loop counter = (0, 0, 0, 0, 0, 0, 0, 0, 0, 0, 0, 0, 0, 0, 0, 0, 0, 0, 0, 0, 0, 0, 0, 1, 0, 196, 0, 25084, 401344, 1605376, 501680, 501680, 501680, 501680, 0, 0, 0, 0, 0, 0, 0, 16, 64, 20, 20, 20, 20, )
875197d5 aaeb494d b5d1a195 089516c1 b6f60869
time 0 = 14651 us
loop counter = (0, 0, 0, 0, 0, 0, 0, 0, 0, 0, 0, 0, 0, 0, 0, 0, 0, 0, 0, 0, 0, 0, 0, 1, 0, 245, 0, 31235, 499760, 1999040, 624700, 624700, 624700, 624700, 1, 16, 64, 20, 20, 20, 20, 16, 64, 20, 20, 20, 20, )
dc42e5a0 ff94d4b3 73698e74 df346f41 4a4fec14
time 0 = 18224 us
loop counter = (0, 0, 0, 0, 0, 0, 0, 0, 0, 0, 0, 0, 0, 0, 0, 0, 0, 0, 0, 0, 0, 0, 0, 1, 0, 312, 0, 39920, 638720, 2554880, 798400, 798400, 798400, 798400, 0, 0, 0, 0, 0, 0, 0, 16, 64, 20, 20, 20, 20, )
1830a443 6fca9560 32d0ed1c 4d5c4d88 17b35dfa
time 0 = 23169 us
loop counter = (0, 0, 0, 0, 0, 0, 0, 0, 0, 0, 0, 0, 0, 0, 0, 0, 0, 0, 0, 0, 0, 0, 0, 1, 0, 434, 0, 55445, 887120, 3548480, 1108900, 1108900, 1108900, 1108900, 0, 0, 0, 0, 0, 0, 0, 16, 64, 20, 20, 20, 20, )
35f108dc ffa45527 4553bee7 cda7e8ef 70b57627
time 0 = 31967 us
loop counter = (0, 0, 0, 0, 0, 0, 0, 0, 0, 0, 0, 0, 0, 0, 0, 0, 0, 0, 0, 0, 0, 0, 0, 1, 0, 525, 0, 67165, 1074640, 4298560, 1343300, 1343300, 1343300, 1343300, 0, 0, 0, 0, 0, 0, 0, 16, 64, 20, 20, 20, 20, )
f349d405 4fdc41e5 1dddbd66 6f3ea458 cefa267c
time 0 = 39177 us
loop counter = (0, 0, 0, 0, 0, 0, 0, 0, 0, 0, 0, 0, 0, 0, 0, 0, 0, 0, 0, 0, 0, 0, 0, 1, 0, 229, 0, 29231, 467696, 1870784, 584620, 584620, 584620, 584620, 0, 0, 0, 0, 0, 0, 0, 16, 64, 20, 20, 20, 20, )
85750367 233ce626 2633650d da50167d 0f93fb56
time 0 = 17060 us
loop counter = (0, 0, 0, 0, 0, 0, 0, 0, 0, 0, 0, 0, 0, 0, 0, 0, 0, 0, 0, 0, 0, 0, 0, 1, 0, 547, 0, 69955, 1119280, 4477120, 1399100, 1399100, 1399100, 1399100, 1, 16, 64, 20, 20, 20, 20, 16, 64, 20, 20, 20, 20, )
1a00d259 aeb1a0fb 9290dd38 df6dac88 3e9e58c2
time 0 = 40770 us
loop counter = (0, 0, 0, 0, 0, 0, 0, 0, 0, 0, 0, 0, 0, 0, 0, 0, 0, 0, 0, 0, 0, 0, 0, 1, 0, 301, 0, 38455, 615280, 2461120, 769100, 769100, 769100, 769100, 0, 0, 0, 0, 0, 0, 0, 16, 64, 20, 20, 20, 20, )
cdc3678e 8d081ed9 d3398b39 d90d4fa9 8fa6843a
time 0 = 22467 us
loop counter = (0, 0, 0, 0, 0, 0, 0, 0, 0, 0, 0, 0, 0, 0, 0, 0, 0, 0, 0, 0, 0, 0, 0, 1, 0, 340, 0, 43465, 695440, 2781760, 869300, 869300, 869300, 869300, 0, 0, 0, 0, 0, 0, 0, 16, 64, 20, 20, 20, 20, )
bfb1a383 83cb0736 f555eb1d 3cbab41a 9025c4ed
time 0 = 25326 us
loop counter = (0, 0, 0, 0, 0, 0, 0, 0, 0, 0, 0, 0, 0, 0, 0, 0, 0, 0, 0, 0, 0, 0, 0, 1, 0, 328, 0, 41940, 671040, 2684160, 838800, 838800, 838800, 838800, 1, 16, 64, 20, 20, 20, 20, 16, 64, 20, 20, 20, 20, )
5e6d34dc e60b599b 4c480880 088623ac e4d498fe
time 0 = 24518 us
loop counter = (0, 0, 0, 0, 0, 0, 0, 0, 0, 0, 0, 0, 0, 0, 0, 0, 0, 0, 0, 0, 0, 0, 0, 1, 0, 446, 0, 57017, 912272, 3649088, 1140340, 1140340, 1140340, 1140340, 0, 0, 0, 0, 0, 0, 0, 16, 64, 20, 20, 20, 20, )
d654ff74 ebba5d4f 8c443e22 8bc9145b 7b165d04
time 0 = 33212 us
loop counter = (0, 0, 0, 0, 0, 0, 0, 0, 0, 0, 0, 0, 0, 0, 0, 0, 0, 0, 0, 0, 0, 0, 0, 1, 0, 528, 0, 67583, 1081328, 4325312, 1351660, 1351660, 1351660, 1351660, 0, 0, 0, 0, 0, 0, 0, 16, 64, 20, 20, 20, 20, )
7ff00771 b4e897bb 4f464af1 b024b13a ce259426
time 0 = 39394 us
loop counter = (0, 0, 0, 0, 0, 0, 0, 0, 0, 0, 0, 0, 0, 0, 0, 0, 0, 0, 0, 0, 0, 0, 0, 1, 0, 530, 0, 67824, 1085184, 4340736, 1356480, 1356480, 1356480, 1356480, 0, 0, 0, 0, 0, 0, 0, 16, 64, 20, 20, 20, 20, )
ac54a6f3 ade582e5 9ad8abfd b3a3d9b9 7669f272
time 0 = 39587 us
loop counter = (0, 0, 0, 0, 0, 0, 0, 0, 0, 0, 0, 0, 0, 0, 0, 0, 0, 0, 0, 0, 0, 0, 0, 1, 0, 528, 0, 67500, 1080000, 4320000, 1350000, 1350000, 1350000, 1350000, 0, 0, 0, 0, 0, 0, 0, 16, 64, 20, 20, 20, 20, )
4e11420a c262f867 a7f33b6a 18ffbd3e 61263e02
time 0 = 39421 us
loop counter = (0, 0, 0, 0, 0, 0, 0, 0, 0, 0, 0, 0, 0, 0, 0, 0, 0, 0, 0, 0, 0, 0, 0, 1, 0, 161, 0, 20603, 329648, 1318592, 412060, 412060, 412060, 412060, 0, 0, 0, 0, 0, 0, 0, 16, 64, 20, 20, 20, 20, )
971620ef 674032fd 2a8abc53 a347a1b3 b7f2f275
time 0 = 11942 us
loop counter = (0, 0, 0, 0, 0, 0, 0, 0, 0, 0, 0, 0, 0, 0, 0, 0, 0, 0, 0, 0, 0, 0, 0, 1, 0, 311, 0, 39697, 635152, 2540608, 793940, 793940, 793940, 793940, 0, 0, 0, 0, 0, 0, 0, 16, 64, 20, 20, 20, 20, )
5aa778da c23b82ae 279aaaca 5f48143b 118a92bb
time 0 = 23226 us
loop counter = (0, 0, 0, 0, 0, 0, 0, 0, 0, 0, 0, 0, 0, 0, 0, 0, 0, 0, 0, 0, 0, 0, 0, 1, 0, 378, 0, 48304, 772864, 3091456, 966080, 966080, 966080, 966080, 0, 0, 0, 0, 0, 0, 0, 16, 64, 20, 20, 20, 20, )
f8c45571 62c7492b d2771ac0 3ced6cd4 83df6a7d
time 0 = 28137 us
loop counter = (0, 0, 0, 0, 0, 0, 0, 0, 0, 0, 0, 0, 0, 0, 0, 0, 0, 0, 0, 0, 0, 0, 0, 1, 0, 500, 0, 63977, 1023632, 4094528, 1279540, 1279540, 1279540, 1279540, 0, 0, 0, 0, 0, 0, 0, 16, 64, 20, 20, 20, 20, )
19ec8d17 f9aa8afa 01dfed97 6390b420 78fbf9d6
time 0 = 37301 us
loop counter = (0, 0, 0, 0, 0, 0, 0, 0, 0, 0, 0, 0, 0, 0, 0, 0, 0, 0, 0, 0, 0, 0, 0, 1, 0, 60, 0, 7634, 122144, 488576, 152680, 152680, 152680, 152680, 0, 0, 0, 0, 0, 0, 0, 16, 64, 20, 20, 20, 20, )
5e1f5ec7 d87d2cec 2d4a0c50 679a30d7 9b88f650
time 0 = 4464 us
loop counter = (0, 0, 0, 0, 0, 0, 0, 0, 0, 0, 0, 0, 0, 0, 0, 0, 0, 0, 0, 0, 0, 0, 0, 1, 0, 498, 0, 63710, 1019360, 4077440, 1274200, 1274200, 1274200, 1274200, 0, 0, 0, 0, 0, 0, 0, 16, 64, 20, 20, 20, 20, )
ae9f8083 5847ffa9 0265e30f 3e43367a f109eb43
time 0 = 37097 us
loop counter = (0, 0, 0, 0, 0, 0, 0, 0, 0, 0, 0, 0, 0, 0, 0, 0, 0, 0, 0, 0, 0, 0, 0, 1, 0, 329, 0, 42000, 672000, 2688000, 840000, 840000, 840000, 840000, 0, 0, 0, 0, 0, 0, 0, 16, 64, 20, 20, 20, 20, )
60534899 d7368651 dbda6847 20ff3476 c6be1b3a
time 0 = 24509 us
loop counter = (0, 0, 0, 0, 0, 0, 0, 0, 0, 0, 0, 0, 0, 0, 0, 0, 0, 0, 0, 0, 0, 0, 0, 1, 0, 417, 0, 53372, 853952, 3415808, 1067440, 1067440, 1067440, 1067440, 0, 0, 0, 0, 0, 0, 0, 16, 64, 20, 20, 20, 20, )
6a40c3f7 85943fb2 761dc610 45de270d 8096d53a
time 0 = 31130 us
loop counter = (0, 0, 0, 0, 0, 0, 0, 0, 0, 0, 0, 0, 0, 0, 0, 0, 0, 0, 0, 0, 0, 0, 0, 1, 0, 53, 0, 6660, 106560, 426240, 133200, 133200, 133200, 133200, 0, 0, 0, 0, 0, 0, 0, 16, 64, 20, 20, 20, 20, )
b6a1abef 4e621f57 aadde20b 774be370 7e2e7cb6
time 0 = 3897 us
loop counter = (0, 0, 0, 0, 0, 0, 0, 0, 0, 0, 0, 0, 0, 0, 0, 0, 0, 0, 0, 0, 0, 0, 0, 1, 0, 536, 0, 68544, 1096704, 4386816, 1370880, 1370880, 1370880, 1370880, 0, 0, 0, 0, 0, 0, 0, 16, 64, 20, 20, 20, 20, )
65de0c1d 5a8bba65 76717cae ff89924d 31d01a66
time 0 = 39783 us
loop counter = (0, 0, 0, 0, 0, 0, 0, 0, 0, 0, 0, 0, 0, 0, 0, 0, 0, 0, 0, 0, 0, 0, 0, 1, 0, 254, 0, 32506, 520096, 2080384, 650120, 650120, 650120, 650120, 0, 0, 0, 0, 0, 0, 0, 16, 64, 20, 20, 20, 20, )
c02af3c3 38df6be3 86c1c061 5b12613f d973c412
time 0 = 18945 us
