loop counter = (0, 0, 0, 0, 0, 0, 0, 0, 0, 0, 0, 0, 0, 0, 0, 0, 0, 0, 0, 0, 0, 0, 0, 1, 0, 7, 0, 885, 14160, 56640, 17700, 17700, 17700, 17700, 0, 0, 0, 0, 0, 0, 0, 16, 64, 20, 20, 20, 20, )
35fccb39 af8df9a8 e52829da 98bc7f93 0293dfbf
time 0 = 575 us
loop counter = (0, 0, 0, 0, 0, 0, 0, 0, 0, 0, 0, 0, 0, 0, 0, 0, 0, 0, 0, 0, 0, 0, 0, 1, 0, 352, 0, 45023, 720368, 2881472, 900460, 900460, 900460, 900460, 0, 0, 0, 0, 0, 0, 0, 16, 64, 20, 20, 20, 20, )
2b0a1a17 5e19a5ca c790f3e9 b910d465 9f9abb01
time 0 = 26348 us
loop counter = (0, 0, 0, 0, 0, 0, 0, 0, 0, 0, 0, 0, 0, 0, 0, 0, 0, 0, 0, 0, 0, 0, 0, 1, 0, 478, 0, 61072, 977152, 3908608, 1221440, 1221440, 1221440, 1221440, 0, 0, 0, 0, 0, 0, 0, 16, 64, 20, 20, 20, 20, )
83f7c04d f4467d63 4af03eb0 c1c1d6eb 60bd2962
time 0 = 36657 us
loop counter = (0, 0, 0, 0, 0, 0, 0, 0, 0, 0, 0, 0, 0, 0, 0, 0, 0, 0, 0, 0, 0, 0, 0, 1, 0, 166, 0, 21149, 338384, 1353536, 422980, 422980, 422980, 422980, 0, 0, 0, 0, 0, 0, 0, 16, 64, 20, 20, 20, 20, )
a68a0ccf 37c888c2 973e1ec5 94bf1db2 4060f355
time 0 = 12567 us
loop counter = (0, 0, 0, 0, 0, 0, 0, 0, 0, 0, 0, 0, 0, 0, 0, 0, 0, 0, 0, 0, 0, 0, 0, 1, 0, 70, 0, 8930, 142880, 571520, 178600, 178600, 178600, 178600, 0, 0, 0, 0, 0, 0, 0, 16, 64, 20, 20, 20, 20, )
d2aa53b7 5345c88a df116bb0 89b6210a 8c1c9777
time 0 = 5204 us
loop counter = (0, 0, 0, 0, 0, 0, 0, 0, 0, 0, 0, 0, 0, 0, 0, 0, 0, 0, 0, 0, 0, 0, 0, 1, 0, 297, 0, 38004, 608064, 2432256, 760080, 760080, 760080, 760080, 0, 0, 0, 0, 0, 0, 0, 16, 64, 20, 20, 20, 20, )
fe90b955 43270c98 96dc1e85 06ef5d31 cb2bdba4
time 0 = 22168 us
loop counter = (0, 0, 0, 0, 0, 0, 0, 0, 0, 0, 0, 0, 0, 0, 0, 0, 0, 0, 0, 0, 0, 0, 0, 1, 0, 39, 0, 4899, 78384, 313536, 97980, 97980, 97980, 97980, 1, 16, 64, 20, 20, 20, 20, 16, 64, 20, 20, 20, 20, )
fe1c7e6a 8f61a7d6 2c33e3a3 0fe9d4de c20c8d00
time 0 = 2883 us
loop counter = (0, 0, 0, 0, 0, 0, 0, 0, 0, 0, 0, 0, 0, 0, 0, 0, 0, 0, 0, 0, 0, 0, 0, 1, 0, 157, 0, 20071, 321136, 1284544, 401420, 401420, 401420, 401420, 0, 0, 0, 0, 0, 0, 0, 16, 64, 20, 20, 20, 20, )
9ffccb28 15ed58e5 19809d11 b11bcca5 89fab2fa
time 0 = 11668 us
loop counter = (0, 0, 0, 0, 0, 0, 0, 0, 0, 0, 0, 0, 0, 0, 0, 0, 0, 0, 0, 0, 0, 0, 0, 1, 0, 431, 0, 55162, 882592, 3530368, 1103240, 1103240, 1103240, 1103240, 0, 0, 0, 0, 0, 0, 0, 16, 64, 20, 20, 20, 20, )
c4937247 95f4e961 ab2d7d52 fec2ebc0 47fa0e65
time 0 = 32702 us
loop counter = (0, 0, 0, 0, 0, 0, 0, 0, 0, 0, 0, 0, 0, 0, 0, 0, 0, 0, 0, 0, 0, 0, 0, 1, 0, 373, 0, 47616, 761856, 3047424, 952320, 952320, 952320, 952320, 0, 0, 0, 0, 0, 0, 0, 16, 64, 20, 20, 20, 20, )
6dfd54dd 183a71f6 0bc92845 78fd680e e336ea3d
time 0 = 28297 us
loop counter = (0, 0, 0, 0, 0, 0, 0, 0, 0, 0, 0, 0, 0, 0, 0, 0, 0, 0, 0, 0, 0, 0, 0, 1, 0, 276, 0, 35285, 564560, 2258240, 705700, 705700, 705700, 705700, 0, 0, 0, 0, 0, 0, 0, 16, 64, 20, 20, 20, 20, )
2d0f425a 2f3a2299 6f1493ae 4dd6fc6c c6018276
time 0 = 20745 us
loop counter = (0, 0, 0, 0, 0, 0, 0, 0, 0, 0, 0, 0, 0, 0, 0, 0, 0, 0, 0, 0, 0, 0, 0, 1, 0, 177, 0, 22604, 361664, 1446656, 452080, 452080, 452080, 452080, 0, 0, 0, 0, 0, 0, 0, 16, 64, 20, 20, 20, 20, )
adfbe72a d0559792 0778a0c6 ba0b8a99 0ecb5de8
time 0 = 13384 us
loop counter = (0, 0, 0, 0, 0, 0, 0, 0, 0, 0, 0, 0, 0, 0, 0, 0, 0, 0, 0, 0, 0, 0, 0, 1, 0, 207, 0, 26476, 423616, 1694464, 529520, 529520, 529520, 529520, 1, 16, 64, 20, 20, 20, 20, 16, 64, 20, 20, 20, 20, )
e7eb35c2 4b963f60 159a48c0 4fd67813 bf452fe4
time 0 = 15707 us
loop counter = (0, 0, 0, 0, 0, 0, 0, 0, 0, 0, 0, 0, 0, 0, 0, 0, 0, 0, 0, 0, 0, 0, 0, 1, 0, 543, 0, 69401, 1110416, 4441664, 1388020, 1388020, 1388020, 1388020, 0, 0, 0, 0, 0, 0, 0, 16, 64, 20, 20, 20, 20, )
1ebdfe88 8198a8b7 dc9c1a94 661650d9 27b7862b
time 0 = 41205 us
loop counter = (0, 0, 0, 0, 0, 0, 0, 0, 0, 0, 0, 0, 0, 0, 0, 0, 0, 0, 0, 0, 0, 0, 0, 1, 0, 135, 0, 17269, 276304, 1105216, 345380, 345380, 345380, 345380, 1, 16, 64, 20, 20, 20, 20, 16, 64, 20, 20, 20, 20, )
56cb84ee 478faff5 1b047f37 9b6049ee 4d3dbc56
time 0 = 10127 us
loop counter = (0, 0, 0, 0, 0, 0, 0, 0, 0, 0, 0, 0, 0, 0, 0, 0, 0, 0, 0, 0, 0, 0, 0, 1, 0, 140, 0, 17823, 285168, 1140672, 356460, 356460, 356460, 356460, 0, 0, 0, 0, 0, 0, 0, 16, 64, 20, 20, 20, 20, )
3db7f416 805bf3b2 51bbd9da ab0ee291 b7f55efd
time 0 = 10455 us
loop counter = (0, 0, 0, 0, 0, 0, 0, 0, 0, 0, 0, 0, 0, 0, 0, 0, 0, 0, 0, 0, 0, 0, 0, 1, 0, 469, 0, 59935, 958960, 3835840, 1198700, 1198700, 1198700, 1198700, 0, 0, 0, 0, 0, 0, 0, 16, 64, 20, 20, 20, 20, )
1e9c40e6 c426b337 4b7d0ac6 0eb387d2 89a1125c
time 0 = 35558 us
loop counter = (0, 0, 0, 0, 0, 0, 0, 0, 0, 0, 0, 0, 0, 0, 0, 0, 0, 0, 0, 0, 0, 0, 0, 1, 0, 14, 0, 1725, 27600, 110400, 34500, 34500, 34500, 34500, 0, 0, 0, 0, 0, 0, 0, 16, 64, 20, 20, 20, 20, )
d3557bac fe41bdb7 7fe2029b ef450725 b9129942
time 0 = 1146 us
loop counter = (0, 0, 0, 0, 0, 0, 0, 0, 0, 0, 0, 0, 0, 0, 0, 0, 0, 0, 0, 0, 0, 0, 0, 1, 0, 23, 0, 2890, 46240, 184960, 57800, 57800, 57800, 57800, 0, 0, 0, 0, 0, 0, 0, 16, 64, 20, 20, 20, 20, )
6d555990 a42234de f92932b4 3a51dfe0 e8a57842
time 0 = 1813 us
loop counter = (0, 0, 0, 0, 0, 0, 0, 0, 0, 0, 0, 0, 0, 0, 0, 0, 0, 0, 0, 0, 0, 0, 0, 1, 0, 32, 0, 4083, 65328, 261312, 81660, 81660, 81660, 81660, 0, 0, 0, 0, 0, 0, 0, 16, 64, 20, 20, 20, 20, )
3b91c554 01d3efaf 01b1fec6 86295d23 0d831228
time 0 = 2513 us
loop counter = (0, 0, 0, 0, 0, 0, 0, 0, 0, 0, 0, 0, 0, 0, 0, 0, 0, 0, 0, 0, 0, 0, 0, 1, 0, 198, 0, 25323, 405168, 1620672, 506460, 506460, 506460, 506460, 0, 0, 0, 0, 0, 0, 0, 16, 64, 20, 20, 20, 20, )
77644b8c 3bacd097 fc2947bc 1ba76bcb 81c84b34
time 0 = 15014 us
loop counter = (0, 0, 0, 0, 0, 0, 0, 0, 0, 0, 0, 0, 0, 0, 0, 0, 0, 0, 0, 0, 0, 0, 0, 1, 0, 370, 0, 47316, 757056, 3028224, 946320, 946320, 946320, 946320, 0, 0, 0, 0, 0, 0, 0, 16, 64, 20, 20, 20, 20, )
93fb08e3 39e8a342 413aa8a1 d2311b13 d8aabf95
time 0 = 28001 us
loop counter = (0, 0, 0, 0, 0, 0, 0, 0, 0, 0, 0, 0, 0, 0, 0, 0, 0, 0, 0, 0, 0, 0, 0, 1, 0, 127, 0, 16155, 258480, 1033920, 323100, 323100, 323100, 323100, 0, 0, 0, 0, 0, 0, 0, 16, 64, 20, 20, 20, 20, )
a3ada810 3a4fbeba f0b4d969 a91e78fa 95939244
time 0 = 9470 us
loop counter = (0, 0, 0, 0, 0, 0, 0, 0, 0, 0, 0, 0, 0, 0, 0, 0, 0, 0, 0, 0, 0, 0, 0, 1, 0, 271, 0, 34633, 554128, 2216512, 692660, 692660, 692660, 692660, 0, 0, 0, 0, 0, 0, 0, 16, 64, 20, 20, 20, 20, )
0237a299 1fb48d73 0fa6ca28 7006e808 071f2794
time 0 = 20738 us
loop counter = (0, 0, 0, 0, 0, 0, 0, 0, 0, 0, 0, 0, 0, 0, 0, 0, 0, 0, 0, 0, 0, 0, 0, 1, 0, 287, 0, 36732, 587712, 2350848, 734640, 734640, 734640, 734640, 0, 0, 0, 0, 0, 0, 0, 16, 64, 20, 20, 20, 20, )
aa3ad46e b6c619c3 bb5864fa 1198cca5 f87abd43
time 0 = 21930 us
loop counter = (0, 0, 0, 0, 0, 0, 0, 0, 0, 0, 0, 0, 0, 0, 0, 0, 0, 0, 0, 0, 0, 0, 0, 1, 0, 510, 0, 65273, 1044368, 4177472, 1305460, 1305460, 1305460, 1305460, 0, 0, 0, 0, 0, 0, 0, 16, 64, 20, 20, 20, 20, )
4ff3fee7 661d44c9 4e16a4e4 08ff87ff 1275285e
time 0 = 38703 us
loop counter = (0, 0, 0, 0, 0, 0, 0, 0, 0, 0, 0, 0, 0, 0, 0, 0, 0, 0, 0, 0, 0, 0, 0, 1, 0, 564, 0, 72111, 1153776, 4615104, 1442220, 1442220, 1442220, 1442220, 0, 0, 0, 0, 0, 0, 0, 16, 64, 20, 20, 20, 20, )
3e691cb9 461745b3 7e0c4c72 4ab0bd57 ed09fb5d
time 0 = 41996 us
loop counter = (0, 0, 0, 0, 0, 0, 0, 0, 0, 0, 0, 0, 0, 0, 0, 0, 0, 0, 0, 0, 0, 0, 0, 1, 0, 187, 0, 23910, 382560, 1530240, 478200, 478200, 478200, 478200, 1, 16, 64, 20, 20, 20, 20, 16, 64, 20, 20, 20, 20, )
46cfaf43 57c31831 516de164 48f91f7b 63f1345e
time 0 = 13886 us
loop counter = (0, 0, 0, 0, 0, 0, 0, 0, 0, 0, 0, 0, 0, 0, 0, 0, 0, 0, 0, 0, 0, 0, 0, 1, 0, 49, 0, 6220, 99520, 398080, 124400, 124400, 124400, 124400, 0, 0, 0, 0, 0, 0, 0, 16, 64, 20, 20, 20, 20, )
ab09bdc6 b1a4b2f8 c3a11f23 601e564a c7014c31
time 0 = 3640 us
loop counter = (0, 0, 0, 0, 0, 0, 0, 0, 0, 0, 0, 0, 0, 0, 0, 0, 0, 0, 0, 0, 0, 0, 0, 1, 0, 104, 0, 13195, 211120, 844480, 263900, 263900, 263900, 263900, 0, 0, 0, 0, 0, 0, 0, 16, 64, 20, 20, 20, 20, )
fa043c73 2023f3e4 18e23ff5 ff72e94e 60f1d749
time 0 = 7665 us
loop counter = (0, 0, 0, 0, 0, 0, 0, 0, 0, 0, 0, 0, 0, 0, 0, 0, 0, 0, 0, 0, 0, 0, 0, 1, 0, 307, 0, 39241, 627856, 2511424, 784820, 784820, 784820, 784820, 1, 16, 64, 20, 20, 20, 20, 16, 64, 20, 20, 20, 20, )
22fefafc 75e53043 6a60d5f5 d82eec85 48df1520
time 0 = 22880 us
loop counter = (0, 0, 0, 0, 0, 0, 0, 0, 0, 0, 0, 0, 0, 0, 0, 0, 0, 0, 0, 0, 0, 0, 0, 1, 0, 489, 0, 62587, 1001392, 4005568, 1251740, 1251740, 1251740, 1251740, 0, 0, 0, 0, 0, 0, 0, 16, 64, 20, 20, 20, 20, )
e5ce5d9e a3967ddc 3f60345e ee623280 7f609f04
time 0 = 36541 us
loop counter = (0, 0, 0, 0, 0, 0, 0, 0, 0, 0, 0, 0, 0, 0, 0, 0, 0, 0, 0, 0, 0, 0, 0, 1, 0, 98, 0, 12534, 200544, 802176, 250680, 250680, 250680, 250680, 0, 0, 0, 0, 0, 0, 0, 16, 64, 20, 20, 20, 20, )
18c02bcd a54c7853 e622afd8 a9a0413f 969c82af
time 0 = 7314 us
loop counter = (0, 0, 0, 0, 0, 0, 0, 0, 0, 0, 0, 0, 0, 0, 0, 0, 0, 0, 0, 0, 0, 0, 0, 1, 0, 241, 0, 30815, 493040, 1972160, 616300, 616300, 616300, 616300, 0, 0, 0, 0, 0, 0, 0, 16, 64, 20, 20, 20, 20, )
73bfac25 47244c34 3e16bb43 0f50d10f 3d14f003
time 0 = 17957 us
loop counter = (0, 0, 0, 0, 0, 0, 0, 0, 0, 0, 0, 0, 0, 0, 0, 0, 0, 0, 0, 0, 0, 0, 0, 1, 0, 94, 0, 11965, 191440, 765760, 239300, 239300, 239300, 239300, 0, 0, 0, 0, 0, 0, 0, 16, 64, 20, 20, 20, 20, )
a50d1486 87069850 1c5d5855 21d13ea7 b3f0e2ba
time 0 = 6956 us
loop counter = (0, 0, 0, 0, 0, 0, 0, 0, 0, 0, 0, 0, 0, 0, 0, 0, 0, 0, 0, 0, 0, 0, 0, 1, 0, 284, 0, 36247, 579952, 2319808, 724940, 724940, 724940, 724940, 1, 16, 64, 20, 20, 20, 20, 16, 64, 20, 20, 20, 20, )
b119aac5 272f4cb7 336315e1 cd954ae8 9b57ba19
time 0 = 21192 us
loop counter = (0, 0, 0, 0, 0, 0, 0, 0, 0, 0, 0, 0, 0, 0, 0, 0, 0, 0, 0, 0, 0, 0, 0, 1, 0, 445, 0, 56871, 909936, 3639744, 1137420, 1137420, 1137420, 1137420, 0, 0, 0, 0, 0, 0, 0, 16, 64, 20, 20, 20, 20, )
dfc7198b 8382a637 6d1fabb9 9c16b9b7 f0d01c43
time 0 = 33146 us
loop counter = (0, 0, 0, 0, 0, 0, 0, 0, 0, 0, 0, 0, 0, 0, 0, 0, 0, 0, 0, 0, 0, 0, 0, 1, 0, 87, 0, 11068, 177088, 708352, 221360, 221360, 221360, 221360, 0, 0, 0, 0, 0, 0, 0, 16, 64, 20, 20, 20, 20, )
fc3bd6d3 168125dd dbe806e2 7403b487 69a2e8a7
time 0 = 6448 us
loop counter = (0, 0, 0, 0, 0, 0, 0, 0, 0, 0, 0, 0, 0, 0, 0, 0, 0, 0, 0, 0, 0, 0, 0, 1, 0, 478, 0, 61128, 978048, 3912192, 1222560, 1222560, 1222560, 1222560, 0, 0, 0, 0, 0, 0, 0, 16, 64, 20, 20, 20, 20, )
dd2f7c73 5a05a729 5465f3cf bd519dc3 5bc6cbd8
time 0 = 35749 us
loop counter = (0, 0, 0, 0, 0, 0, 0, 0, 0, 0, 0, 0, 0, 0, 0, 0, 0, 0, 0, 0, 0, 0, 0, 1, 0, 105, 0, 13343, 213488, 853952, 266860, 266860, 266860, 266860, 0, 0, 0, 0, 0, 0, 0, 16, 64, 20, 20, 20, 20, )
cc0ea908 484630d4 1a54f16e 1004c65b 212a2195
time 0 = 7796 us
loop counter = (0, 0, 0, 0, 0, 0, 0, 0, 0, 0, 0, 0, 0, 0, 0, 0, 0, 0, 0, 0, 0, 0, 0, 1, 0, 266, 0, 34000, 544000, 2176000, 680000, 680000, 680000, 680000, 0, 0, 0, 0, 0, 0, 0, 16, 64, 20, 20, 20, 20, )
e478dda3 7f90f464 559fbd10 3c66de4a 26b50dd6
time 0 = 19706 us
loop counter = (0, 0, 0, 0, 0, 0, 0, 0, 0, 0, 0, 0, 0, 0, 0, 0, 0, 0, 0, 0, 0, 0, 0, 1, 0, 164, 0, 20880, 334080, 1336320, 417600, 417600, 417600, 417600, 0, 0, 0, 0, 0, 0, 0, 16, 64, 20, 20, 20, 20, )
01475be2 bbaeb47f 623edc4f dfe70fd3 aab2f473
time 0 = 12127 us
loop counter = (0, 0, 0, 0, 0, 0, 0, 0, 0, 0, 0, 0, 0, 0, 0, 0, 0, 0, 0, 0, 0, 0, 0, 1, 0, 392, 0, 50072, 801152, 3204608, 1001440, 1001440, 1001440, 1001440, 1, 16, 64, 20, 20, 20, 20, 16, 64, 20, 20, 20, 20, )
c7f901e2 19f4116e e31d0f44 b9f005e5 2c6ed20e
time 0 = 29171 us
loop counter = (0, 0, 0, 0, 0, 0, 0, 0, 0, 0, 0, 0, 0, 0, 0, 0, 0, 0, 0, 0, 0, 0, 0, 1, 0, 180, 0, 22935, 366960, 1467840, 458700, 458700, 458700, 458700, 1, 16, 64, 20, 20, 20, 20, 16, 64, 20, 20, 20, 20, )
ab09c8b7 7b16b342 38399a6c 2e03885b 37f174fa
time 0 = 13110 us
loop counter = (0, 0, 0, 0, 0, 0, 0, 0, 0, 0, 0, 0, 0, 0, 0, 0, 0, 0, 0, 0, 0, 0, 0, 1, 0, 395, 0, 50530, 808480, 3233920, 1010600, 1010600, 1010600, 1010600, 1, 16, 64, 20, 20, 20, 20, 16, 64, 20, 20, 20, 20, )
c4b2f591 879bc815 e87cc61e 5156d7d4 6e25e696
time 0 = 29473 us
loop counter = (0, 0, 0, 0, 0, 0, 0, 0, 0, 0, 0, 0, 0, 0, 0, 0, 0, 0, 0, 0, 0, 0, 0, 1, 0, 205, 0, 26168, 418688, 1674752, 523360, 523360, 523360, 523360, 1, 16, 64, 20, 20, 20, 20, 16, 64, 20, 20, 20, 20, )
f6e46c63 6127b7f0 bc5dc42d 30e8d098 dac36baa
time 0 = 15097 us
loop counter = (0, 0, 0, 0, 0, 0, 0, 0, 0, 0, 0, 0, 0, 0, 0, 0, 0, 0, 0, 0, 0, 0, 0, 1, 0, 585, 0, 74810, 1196960, 4787840, 1496200, 1496200, 1496200, 1496200, 0, 0, 0, 0, 0, 0, 0, 16, 64, 20, 20, 20, 20, )
dd048149 c35a7dbe cc9e556a 6d189449 ea88fc5d
time 0 = 43679 us
loop counter = (0, 0, 0, 0, 0, 0, 0, 0, 0, 0, 0, 0, 0, 0, 0, 0, 0, 0, 0, 0, 0, 0, 0, 1, 0, 462, 0, 59082, 945312, 3781248, 1181640, 1181640, 1181640, 1181640, 0, 0, 0, 0, 0, 0, 0, 16, 64, 20, 20, 20, 20, )
b28a5169 8af8c8f7 00bcd076 a9b48a5c 76dbe00c
time 0 = 34465 us
loop counter = (0, 0, 0, 0, 0, 0, 0, 0, 0, 0, 0, 0, 0, 0, 0, 0, 0, 0, 0, 0, 0, 0, 0, 1, 0, 33, 0, 4164, 66624, 266496, 83280, 83280, 83280, 83280, 0, 0, 0, 0, 0, 0, 0, 16, 64, 20, 20, 20, 20, )
6262fd1e 9a4c9fa5 fe2ec212 6b78904c eba9f9d8
time 0 = 2460 us
loop counter = (0, 0, 0, 0, 0, 0, 0, 0, 0, 0, 0, 0, 0, 0, 0, 0, 0, 0, 0, 0, 0, 0, 0, 1, 0, 293, 0, 37463, 599408, 2397632, 749260, 749260, 749260, 749260, 0, 0, 0, 0, 0, 0, 0, 16, 64, 20, 20, 20, 20, )
316b2aae de223f49 e2f654ba bd96d07a df423591
time 0 = 21815 us
loop counter = (0, 0, 0, 0, 0, 0, 0, 0, 0, 0, 0, 0, 0, 0, 0, 0, 0, 0, 0, 0, 0, 0, 0, 1, 0, 433, 0, 55354, 885664, 3542656, 1107080, 1107080, 1107080, 1107080, 0, 0, 0, 0, 0, 0, 0, 16, 64, 20, 20, 20, 20, )
31862f99 b257b217 c5a35d84 490d809e abf2a0ac
time 0 = 32382 us
loop counter = (0, 0, 0, 0, 0, 0, 0, 0, 0, 0, 0, 0, 0, 0, 0, 0, 0, 0, 0, 0, 0, 0, 0, 1, 0, 348, 0, 44505, 712080, 2848320, 890100, 890100, 890100, 890100, 0, 0, 0, 0, 0, 0, 0, 16, 64, 20, 20, 20, 20, )
638fe5ac f3095dfe 73d00d5f e3d88e6b f81f7db6
time 0 = 25998 us
loop counter = (0, 0, 0, 0, 0, 0, 0, 0, 0, 0, 0, 0, 0, 0, 0, 0, 0, 0, 0, 0, 0, 0, 0, 1, 0, 412, 0, 52683, 842928, 3371712, 1053660, 1053660, 1053660, 1053660, 0, 0, 0, 0, 0, 0, 0, 16, 64, 20, 20, 20, 20, )
117e319a 39adb7ea 7b571ec0 0365328f ab69c53d
time 0 = 30735 us
loop counter = (0, 0, 0, 0, 0, 0, 0, 0, 0, 0, 0, 0, 0, 0, 0, 0, 0, 0, 0, 0, 0, 0, 0, 1, 0, 428, 0, 54751, 876016, 3504064, 1095020, 1095020, 1095020, 1095020, 0, 0, 0, 0, 0, 0, 0, 16, 64, 20, 20, 20, 20, )
dcf87369 f2e92c77 79091568 75ab0b1b eda275fe
time 0 = 31898 us
loop counter = (0, 0, 0, 0, 0, 0, 0, 0, 0, 0, 0, 0, 0, 0, 0, 0, 0, 0, 0, 0, 0, 0, 0, 1, 0, 541, 0, 69187, 1106992, 4427968, 1383740, 1383740, 1383740, 1383740, 0, 0, 0, 0, 0, 0, 0, 16, 64, 20, 20, 20, 20, )
f0351573 74367996 e7a97036 8c4b487e 7ab3ee47
time 0 = 40275 us
loop counter = (0, 0, 0, 0, 0, 0, 0, 0, 0, 0, 0, 0, 0, 0, 0, 0, 0, 0, 0, 0, 0, 0, 0, 1, 0, 377, 0, 48162, 770592, 3082368, 963240, 963240, 963240, 963240, 0, 0, 0, 0, 0, 0, 0, 16, 64, 20, 20, 20, 20, )
73cd1fc9 2c8b7a2c 364eef77 e0493c21 90bf212f
time 0 = 27662 us
loop counter = (0, 0, 0, 0, 0, 0, 0, 0, 0, 0, 0, 0, 0, 0, 0, 0, 0, 0, 0, 0, 0, 0, 0, 1, 0, 181, 0, 23061, 368976, 1475904, 461220, 461220, 461220, 461220, 0, 0, 0, 0, 0, 0, 0, 16, 64, 20, 20, 20, 20, )
51845e39 14b374c0 2f5553b2 d6cd9c8d f408612b
time 0 = 13414 us
loop counter = (0, 0, 0, 0, 0, 0, 0, 0, 0, 0, 0, 0, 0, 0, 0, 0, 0, 0, 0, 0, 0, 0, 0, 1, 0, 570, 0, 72898, 1166368, 4665472, 1457960, 1457960, 1457960, 1457960, 0, 0, 0, 0, 0, 0, 0, 16, 64, 20, 20, 20, 20, )
3c016198 448b2cef 8e611794 7e3e7219 fbd8c785
time 0 = 42465 us
loop counter = (0, 0, 0, 0, 0, 0, 0, 0, 0, 0, 0, 0, 0, 0, 0, 0, 0, 0, 0, 0, 0, 0, 0, 1, 0, 147, 0, 18756, 300096, 1200384, 375120, 375120, 375120, 375120, 0, 0, 0, 0, 0, 0, 0, 16, 64, 20, 20, 20, 20, )
3e970a08 5174d1ea f7df76f4 64287e8d 6f5f74d1
time 0 = 10894 us
loop counter = (0, 0, 0, 0, 0, 0, 0, 0, 0, 0, 0, 0, 0, 0, 0, 0, 0, 0, 0, 0, 0, 0, 0, 1, 0, 15, 0, 1846, 29536, 118144, 36920, 36920, 36920, 36920, 0, 0, 0, 0, 0, 0, 0, 16, 64, 20, 20, 20, 20, )
4a063180 2fc2d698 f90d80bb 50fccab1 e5fd36a4
time 0 = 1126 us
loop counter = (0, 0, 0, 0, 0, 0, 0, 0, 0, 0, 0, 0, 0, 0, 0, 0, 0, 0, 0, 0, 0, 0, 0, 1, 0, 329, 0, 41986, 671776, 2687104, 839720, 839720, 839720, 839720, 0, 0, 0, 0, 0, 0, 0, 16, 64, 20, 20, 20, 20, )
7b755830 d9b00e49 04be9bb3 b13deb60 f3c5635e
time 0 = 24471 us
loop counter = (0, 0, 0, 0, 0, 0, 0, 0, 0, 0, 0, 0, 0, 0, 0, 0, 0, 0, 0, 0, 0, 0, 0, 1, 0, 442, 0, 56480, 903680, 3614720, 1129600, 1129600, 1129600, 1129600, 1, 16, 64, 20, 20, 20, 20, 16, 64, 20, 20, 20, 20, )
cc6e169a 61bf36fc 0d8c4be2 9d7f678e 23b2dcd2
time 0 = 32945 us
loop counter = (0, 0, 0, 0, 0, 0, 0, 0, 0, 0, 0, 0, 0, 0, 0, 0, 0, 0, 0, 0, 0, 0, 0, 1, 0, 177, 0, 22644, 362304, 1449216, 452880, 452880, 452880, 452880, 0, 0, 0, 0, 0, 0, 0, 16, 64, 20, 20, 20, 20, )
6864efe1 e0341852 c607f065 4b60072a 7e5dcb78
time 0 = 13224 us
loop counter = (0, 0, 0, 0, 0, 0, 0, 0, 0, 0, 0, 0, 0, 0, 0, 0, 0, 0, 0, 0, 0, 0, 0, 1, 0, 88, 0, 11230, 179680, 718720, 224600, 224600, 224600, 224600, 1, 16, 64, 20, 20, 20, 20, 16, 64, 20, 20, 20, 20, )
b1ae8d11 94bd58e8 9a1c1546 605069ea b678901b
time 0 = 6577 us
loop counter = (0, 0, 0, 0, 0, 0, 0, 0, 0, 0, 0, 0, 0, 0, 0, 0, 0, 0, 0, 0, 0, 0, 0, 1, 0, 6, 0, 657, 10512, 42048, 13140, 13140, 13140, 13140, 0, 0, 0, 0, 0, 0, 0, 16, 64, 20, 20, 20, 20, )
d21a0bab e1fbd0d8 431ce864 41ea0d85 52e2c0f4
time 0 = 423 us
loop counter = (0, 0, 0, 0, 0, 0, 0, 0, 0, 0, 0, 0, 0, 0, 0, 0, 0, 0, 0, 0, 0, 0, 0, 1, 0, 116, 0, 14777, 236432, 945728, 295540, 295540, 295540, 295540, 0, 0, 0, 0, 0, 0, 0, 16, 64, 20, 20, 20, 20, )
8100b225 e12eadf8 7c0fcdd1 b65871b2 760b4f0f
time 0 = 8605 us
loop counter = (0, 0, 0, 0, 0, 0, 0, 0, 0, 0, 0, 0, 0, 0, 0, 0, 0, 0, 0, 0, 0, 0, 0, 1, 0, 341, 0, 43531, 696496, 2785984, 870620, 870620, 870620, 870620, 0, 0, 0, 0, 0, 0, 0, 16, 64, 20, 20, 20, 20, )
4f03ca97 392fddc4 0f164a3c 76b3c833 156c2d16
time 0 = 25340 us
loop counter = (0, 0, 0, 0, 0, 0, 0, 0, 0, 0, 0, 0, 0, 0, 0, 0, 0, 0, 0, 0, 0, 0, 0, 1, 0, 326, 0, 41714, 667424, 2669696, 834280, 834280, 834280, 834280, 0, 0, 0, 0, 0, 0, 0, 16, 64, 20, 20, 20, 20, )
2a59000c 2a52146b 61fe8124 d245ddf8 3a32d4f1
time 0 = 24306 us
loop counter = (0, 0, 0, 0, 0, 0, 0, 0, 0, 0, 0, 0, 0, 0, 0, 0, 0, 0, 0, 0, 0, 0, 0, 1, 0, 58, 0, 7390, 118240, 472960, 147800, 147800, 147800, 147800, 0, 0, 0, 0, 0, 0, 0, 16, 64, 20, 20, 20, 20, )
b9abae78 ff3ca2f8 3690006b 45a2deec 3bccc7bb
time 0 = 4264 us
loop counter = (0, 0, 0, 0, 0, 0, 0, 0, 0, 0, 0, 0, 0, 0, 0, 0, 0, 0, 0, 0, 0, 0, 0, 1, 0, 8, 0, 1020, 16320, 65280, 20400, 20400, 20400, 20400, 0, 0, 0, 0, 0, 0, 0, 16, 64, 20, 20, 20, 20, )
70540406 0ddbfd0f 7f6c6eba 94f1a882 2bd4b0f1
time 0 = 643 us
loop counter = (0, 0, 0, 0, 0, 0, 0, 0, 0, 0, 0, 0, 0, 0, 0, 0, 0, 0, 0, 0, 0, 0, 0, 1, 0, 119, 0, 15222, 243552, 974208, 304440, 304440, 304440, 304440, 0, 0, 0, 0, 0, 0, 0, 16, 64, 20, 20, 20, 20, )
7623eec5 c48c66ef 8c944d8f 29799717 e8414f63
time 0 = 9166 us
loop counter = (0, 0, 0, 0, 0, 0, 0, 0, 0, 0, 0, 0, 0, 0, 0, 0, 0, 0, 0, 0, 0, 0, 0, 1, 0, 527, 0, 67328, 1077248, 4308992, 1346560, 1346560, 1346560, 1346560, 0, 0, 0, 0, 0, 0, 0, 16, 64, 20, 20, 20, 20, )
e1710027 4d0b77eb 4113d9ac 08460d9d 93993e40
time 0 = 39370 us
loop counter = (0, 0, 0, 0, 0, 0, 0, 0, 0, 0, 0, 0, 0, 0, 0, 0, 0, 0, 0, 0, 0, 0, 0, 1, 0, 123, 0, 15721, 251536, 1006144, 314420, 314420, 314420, 314420, 0, 0, 0, 0, 0, 0, 0, 16, 64, 20, 20, 20, 20, )
d9777667 98673004 2714350f 18960d81 5f1e18b1
time 0 = 9127 us
loop counter = (0, 0, 0, 0, 0, 0, 0, 0, 0, 0, 0, 0, 0, 0, 0, 0, 0, 0, 0, 0, 0, 0, 0, 1, 0, 333, 0, 42620, 681920, 2727680, 852400, 852400, 852400, 852400, 0, 0, 0, 0, 0, 0, 0, 16, 64, 20, 20, 20, 20, )
ad6c6f16 622cea3d 86b55682 efc38024 3701c6e8
time 0 = 24897 us
loop counter = (0, 0, 0, 0, 0, 0, 0, 0, 0, 0, 0, 0, 0, 0, 0, 0, 0, 0, 0, 0, 0, 0, 0, 1, 0, 287, 0, 36656, 586496, 2345984, 733120, 733120, 733120, 733120, 0, 0, 0, 0, 0, 0, 0, 16, 64, 20, 20, 20, 20, )
1717b199 943ea95b 56501a32 59a49411 a95b8627
time 0 = 21281 us
loop counter = (0, 0, 0, 0, 0, 0, 0, 0, 0, 0, 0, 0, 0, 0, 0, 0, 0, 0, 0, 0, 0, 0, 0, 1, 0, 39, 0, 4895, 78320, 313280, 97900, 97900, 97900, 97900, 0, 0, 0, 0, 0, 0, 0, 16, 64, 20, 20, 20, 20, )
d2a7f134 dc897645 eb1ae446 cd309987 9fbe47d4
time 0 = 2874 us
loop counter = (0, 0, 0, 0, 0, 0, 0, 0, 0, 0, 0, 0, 0, 0, 0, 0, 0, 0, 0, 0, 0, 0, 0, 1, 0, 103, 0, 13058, 208928, 835712, 261160, 261160, 261160, 261160, 0, 0, 0, 0, 0, 0, 0, 16, 64, 20, 20, 20, 20, )
085c01fa 7b10fdc5 66e6ec2b fea4b9c6 7d872619
time 0 = 7604 us
loop counter = (0, 0, 0, 0, 0, 0, 0, 0, 0, 0, 0, 0, 0, 0, 0, 0, 0, 0, 0, 0, 0, 0, 0, 1, 0, 192, 0, 24459, 391344, 1565376, 489180, 489180, 489180, 489180, 0, 0, 0, 0, 0, 0, 0, 16, 64, 20, 20, 20, 20, )
daed00c7 5ef417ff 4e5410c7 f672acc5 63c28129
time 0 = 14253 us
loop counter = (0, 0, 0, 0, 0, 0, 0, 0, 0, 0, 0, 0, 0, 0, 0, 0, 0, 0, 0, 0, 0, 0, 0, 1, 0, 476, 0, 60926, 974816, 3899264, 1218520, 1218520, 1218520, 1218520, 0, 0, 0, 0, 0, 0, 0, 16, 64, 20, 20, 20, 20, )
fc67ac31 8c269cae a841c547 4ff0bd6e 60cbab55
time 0 = 35525 us
loop counter = (0, 0, 0, 0, 0, 0, 0, 0, 0, 0, 0, 0, 0, 0, 0, 0, 0, 0, 0, 0, 0, 0, 0, 1, 0, 172, 0, 21944, 351104, 1404416, 438880, 438880, 438880, 438880, 1, 16, 64, 20, 20, 20, 20, 16, 64, 20, 20, 20, 20, )
7cee0eaf d0369437 1edf3e14 666510e4 4bb761ee
time 0 = 12765 us
loop counter = (0, 0, 0, 0, 0, 0, 0, 0, 0, 0, 0, 0, 0, 0, 0, 0, 0, 0, 0, 0, 0, 0, 0, 1, 0, 135, 0, 17263, 276208, 1104832, 345260, 345260, 345260, 345260, 0, 0, 0, 0, 0, 0, 0, 16, 64, 20, 20, 20, 20, )
e9b554f7 c8bac0d9 ef083a40 b8e85d95 d5b7a713
time 0 = 10057 us
loop counter = (0, 0, 0, 0, 0, 0, 0, 0, 0, 0, 0, 0, 0, 0, 0, 0, 0, 0, 0, 0, 0, 0, 0, 1, 0, 222, 0, 28365, 453840, 1815360, 567300, 567300, 567300, 567300, 0, 0, 0, 0, 0, 0, 0, 16, 64, 20, 20, 20, 20, )
15728bd3 ee3cff52 ca02dc5a 1bd7ec43 65ad056f
time 0 = 16525 us
loop counter = (0, 0, 0, 0, 0, 0, 0, 0, 0, 0, 0, 0, 0, 0, 0, 0, 0, 0, 0, 0, 0, 0, 0, 1, 0, 247, 0, 31500, 504000, 2016000, 630000, 630000, 630000, 630000, 1, 16, 64, 20, 20, 20, 20, 16, 64, 20, 20, 20, 20, )
8be82153 5236e056 cec9f8cc cc0e7a3c b05493d7
time 0 = 18180 us
loop counter = (0, 0, 0, 0, 0, 0, 0, 0, 0, 0, 0, 0, 0, 0, 0, 0, 0, 0, 0, 0, 0, 0, 0, 1, 0, 135, 0, 17260, 276160, 1104640, 345200, 345200, 345200, 345200, 0, 0, 0, 0, 0, 0, 0, 16, 64, 20, 20, 20, 20, )
05226abc a95055ad 7b6ed0b3 7cd437c3 fd218d4a
time 0 = 9859 us
loop counter = (0, 0, 0, 0, 0, 0, 0, 0, 0, 0, 0, 0, 0, 0, 0, 0, 0, 0, 0, 0, 0, 0, 0, 1, 0, 551, 0, 70524, 1128384, 4513536, 1410480, 1410480, 1410480, 1410480, 0, 0, 0, 0, 0, 0, 0, 16, 64, 20, 20, 20, 20, )
e9d2d040 6314de3a 17feb44d 33e0576f 8537492e
time 0 = 41215 us
loop counter = (0, 0, 0, 0, 0, 0, 0, 0, 0, 0, 0, 0, 0, 0, 0, 0, 0, 0, 0, 0, 0, 0, 0, 1, 0, 515, 0, 65841, 1053456, 4213824, 1316820, 1316820, 1316820, 1316820, 0, 0, 0, 0, 0, 0, 0, 16, 64, 20, 20, 20, 20, )
5ffb32a4 b7af5fc6 cd0f42d5 eace4737 7a298865
time 0 = 38348 us
loop counter = (0, 0, 0, 0, 0, 0, 0, 0, 0, 0, 0, 0, 0, 0, 0, 0, 0, 0, 0, 0, 0, 0, 0, 1, 0, 497, 0, 63605, 1017680, 4070720, 1272100, 1272100, 1272100, 1272100, 1, 16, 64, 20, 20, 20, 20, 16, 64, 20, 20, 20, 20, )
ede1d18c 946c027d e28f335b 1054bdd9 8f7c6be7
time 0 = 37063 us
loop counter = (0, 0, 0, 0, 0, 0, 0, 0, 0, 0, 0, 0, 0, 0, 0, 0, 0, 0, 0, 0, 0, 0, 0, 1, 0, 521, 0, 66643, 1066288, 4265152, 1332860, 1332860, 1332860, 1332860, 0, 0, 0, 0, 0, 0, 0, 16, 64, 20, 20, 20, 20, )
0fdb27c4 e2b252e5 049ed019 6bd08a0a 5f9f7f6e
time 0 = 38573 us
loop counter = (0, 0, 0, 0, 0, 0, 0, 0, 0, 0, 0, 0, 0, 0, 0, 0, 0, 0, 0, 0, 0, 0, 0, 1, 0, 348, 0, 44448, 711168, 2844672, 888960, 888960, 888960, 888960, 0, 0, 0, 0, 0, 0, 0, 16, 64, 20, 20, 20, 20, )
a1c0e3f1 ae7ceff1 b6d57431 fb3e5475 ded1c3cf
time 0 = 25860 us
loop counter = (0, 0, 0, 0, 0, 0, 0, 0, 0, 0, 0, 0, 0, 0, 0, 0, 0, 0, 0, 0, 0, 0, 0, 1, 0, 189, 0, 24079, 385264, 1541056, 481580, 481580, 481580, 481580, 0, 0, 0, 0, 0, 0, 0, 16, 64, 20, 20, 20, 20, )
d1004da0 8a686831 6b0ddc62 f663d07e df9cebed
time 0 = 13946 us
loop counter = (0, 0, 0, 0, 0, 0, 0, 0, 0, 0, 0, 0, 0, 0, 0, 0, 0, 0, 0, 0, 0, 0, 0, 1, 0, 517, 0, 66140, 1058240, 4232960, 1322800, 1322800, 1322800, 1322800, 1, 16, 64, 20, 20, 20, 20, 16, 64, 20, 20, 20, 20, )
cdd8467d 43b5bf5a 1496d213 cb177e4a 250a4465
time 0 = 38574 us
loop counter = (0, 0, 0, 0, 0, 0, 0, 0, 0, 0, 0, 0, 0, 0, 0, 0, 0, 0, 0, 0, 0, 0, 0, 1, 0, 156, 0, 19926, 318816, 1275264, 398520, 398520, 398520, 398520, 0, 0, 0, 0, 0, 0, 0, 16, 64, 20, 20, 20, 20, )
06ee6779 6f292068 6f022b2b ea22348b 18a2e8f9
time 0 = 11596 us
loop counter = (0, 0, 0, 0, 0, 0, 0, 0, 0, 0, 0, 0, 0, 0, 0, 0, 0, 0, 0, 0, 0, 0, 0, 1, 0, 499, 0, 63797, 1020752, 4083008, 1275940, 1275940, 1275940, 1275940, 0, 0, 0, 0, 0, 0, 0, 16, 64, 20, 20, 20, 20, )
309fe31a ae68f5d6 6de639ff b5a90868 e6a8c6fc
time 0 = 36992 us
loop counter = (0, 0, 0, 0, 0, 0, 0, 0, 0, 0, 0, 0, 0, 0, 0, 0, 0, 0, 0, 0, 0, 0, 0, 1, 0, 335, 0, 42772, 684352, 2737408, 855440, 855440, 855440, 855440, 0, 0, 0, 0, 0, 0, 0, 16, 64, 20, 20, 20, 20, )
e21bd2c0 930ea238 4313b909 de00d6ab 8bc663fa
time 0 = 25005 us
loop counter = (0, 0, 0, 0, 0, 0, 0, 0, 0, 0, 0, 0, 0, 0, 0, 0, 0, 0, 0, 0, 0, 0, 0, 1, 0, 167, 0, 21272, 340352, 1361408, 425440, 425440, 425440, 425440, 1, 16, 64, 20, 20, 20, 20, 16, 64, 20, 20, 20, 20, )
3f70c1c7 4c546b50 51bdbf64 61a1ce3b 795fecbb
time 0 = 12385 us
loop counter = (0, 0, 0, 0, 0, 0, 0, 0, 0, 0, 0, 0, 0, 0, 0, 0, 0, 0, 0, 0, 0, 0, 0, 1, 0, 243, 0, 31100, 497600, 1990400, 622000, 622000, 622000, 622000, 0, 0, 0, 0, 0, 0, 0, 16, 64, 20, 20, 20, 20, )
3abf28d3 a6023c48 c87d874f 864c77d2 4d7ac19f
time 0 = 18150 us
loop counter = (0, 0, 0, 0, 0, 0, 0, 0, 0, 0, 0, 0, 0, 0, 0, 0, 0, 0, 0, 0, 0, 0, 0, 1, 0, 236, 0, 30189, 483024, 1932096, 603780, 603780, 603780, 603780, 0, 0, 0, 0, 0, 0, 0, 16, 64, 20, 20, 20, 20, )
d54c7844 26c7ec4d f10b9781 e821c48f 07f5925f
time 0 = 17580 us
loop counter = (0, 0, 0, 0, 0, 0, 0, 0, 0, 0, 0, 0, 0, 0, 0, 0, 0, 0, 0, 0, 0, 0, 0, 1, 0, 169, 0, 21509, 344144, 1376576, 430180, 430180, 430180, 430180, 0, 0, 0, 0, 0, 0, 0, 16, 64, 20, 20, 20, 20, )
dbba59eb 89e73a56 47889d0a a98766c8 1af502ce
time 0 = 12539 us
loop counter = (0, 0, 0, 0, 0, 0, 0, 0, 0, 0, 0, 0, 0, 0, 0, 0, 0, 0, 0, 0, 0, 0, 0, 1, 0, 439, 0, 56189, 899024, 3596096, 1123780, 1123780, 1123780, 1123780, 0, 0, 0, 0, 0, 0, 0, 16, 64, 20, 20, 20, 20, )
ae0f6319 b37be199 685d5c15 6c717004 0cbc3f64
time 0 = 32751 us
loop counter = (0, 0, 0, 0, 0, 0, 0, 0, 0, 0, 0, 0, 0, 0, 0, 0, 0, 0, 0, 0, 0, 0, 0, 1, 0, 350, 0, 44712, 715392, 2861568, 894240, 894240, 894240, 894240, 0, 0, 0, 0, 0, 0, 0, 16, 64, 20, 20, 20, 20, )
8f3ec220 fca0a347 09fa4b12 9e5f154b 2279b55f
time 0 = 26144 us
