loop counter = (0, 64, 35, 29, 32, 0, 0, 0, 0, 1, 0, 0, 0, 1, 16, 4, 1, 1, 1, 39037, 1, 624592, 0, 0, 0, 1, 0, 16, 0, 0, 0, 0, 0, 0, 0, 0, 0, 0, 0, 0, 0, 0, 0, 0, 1, 1, )
time 0 = 20240 us
loop counter = (0, 64, 42, 22, 32, 0, 0, 0, 0, 1, 0, 0, 0, 1, 16, 4, 1, 1, 1, 7291, 1, 116656, 0, 0, 0, 1, 0, 16, 0, 0, 0, 0, 0, 0, 0, 0, 0, 0, 0, 0, 0, 0, 0, 0, 1, 1, )
time 0 = 3861 us
loop counter = (0, 64, 35, 29, 32, 0, 0, 0, 0, 1, 0, 0, 0, 1, 16, 4, 1, 1, 1, 145621, 1, 2329936, 0, 0, 0, 1, 0, 16, 0, 0, 0, 0, 0, 0, 0, 0, 0, 0, 0, 0, 0, 0, 0, 0, 1, 1, )
time 0 = 75483 us
loop counter = (0, 64, 44, 20, 32, 0, 0, 0, 0, 1, 0, 0, 0, 1, 16, 4, 1, 1, 1, 41980, 1, 671680, 0, 0, 0, 1, 0, 16, 0, 0, 0, 0, 0, 0, 0, 0, 0, 0, 0, 0, 0, 0, 0, 0, 1, 1, )
time 0 = 22005 us
loop counter = (0, 64, 43, 21, 32, 0, 0, 0, 0, 1, 0, 0, 0, 1, 16, 4, 1, 1, 1, 116116, 1, 1857856, 0, 0, 0, 1, 0, 16, 0, 0, 0, 0, 0, 0, 0, 0, 0, 0, 0, 0, 0, 0, 0, 0, 1, 1, )
time 0 = 59851 us
loop counter = (0, 64, 33, 31, 32, 0, 0, 0, 0, 1, 0, 0, 0, 1, 16, 4, 1, 1, 1, 98211, 1, 1571376, 0, 0, 0, 1, 0, 16, 0, 0, 0, 0, 0, 0, 0, 0, 0, 0, 0, 0, 0, 0, 0, 0, 1, 1, )
time 0 = 54238 us
loop counter = (0, 64, 34, 30, 32, 0, 0, 0, 0, 1, 0, 0, 0, 1, 16, 4, 1, 1, 1, 274003, 1, 4384048, 0, 0, 0, 1, 0, 16, 0, 0, 0, 0, 0, 0, 0, 0, 0, 0, 0, 0, 0, 0, 0, 0, 1, 1, )
time 0 = 142439 us
loop counter = (0, 64, 39, 25, 32, 0, 0, 0, 0, 1, 0, 0, 0, 1, 16, 4, 1, 1, 1, 194938, 1, 3119008, 0, 0, 0, 1, 0, 16, 0, 0, 0, 0, 0, 0, 0, 0, 0, 0, 0, 0, 0, 0, 0, 0, 1, 1, )
time 0 = 101353 us
loop counter = (0, 64, 38, 26, 32, 0, 0, 0, 0, 1, 0, 0, 0, 1, 16, 4, 1, 1, 1, 18185, 1, 290960, 0, 0, 0, 1, 0, 16, 0, 0, 0, 0, 0, 0, 0, 0, 0, 0, 0, 0, 0, 0, 0, 0, 1, 1, )
time 0 = 9532 us
loop counter = (0, 64, 40, 24, 32, 0, 0, 0, 0, 1, 0, 0, 0, 1, 16, 4, 1, 1, 1, 84027, 1, 1344432, 0, 0, 0, 1, 0, 16, 0, 0, 0, 0, 0, 0, 0, 0, 0, 0, 0, 0, 0, 0, 0, 0, 1, 1, )
time 0 = 43455 us
loop counter = (0, 64, 41, 23, 32, 0, 0, 0, 0, 1, 0, 0, 0, 1, 16, 4, 1, 1, 1, 245953, 1, 3935248, 0, 0, 0, 1, 0, 16, 0, 0, 0, 0, 0, 0, 0, 0, 0, 0, 0, 0, 0, 0, 0, 0, 1, 1, )
time 0 = 128758 us
loop counter = (0, 64, 38, 26, 32, 0, 0, 0, 0, 1, 0, 0, 0, 1, 16, 4, 1, 1, 1, 208664, 1, 3338624, 0, 0, 0, 1, 0, 16, 0, 0, 0, 0, 0, 0, 0, 0, 0, 0, 0, 0, 0, 0, 0, 0, 1, 1, )
time 0 = 108698 us
loop counter = (0, 64, 41, 23, 32, 0, 0, 0, 0, 1, 0, 0, 0, 1, 16, 4, 1, 1, 1, 138359, 1, 2213744, 0, 0, 0, 1, 0, 16, 0, 0, 0, 0, 0, 0, 0, 0, 0, 0, 0, 0, 0, 0, 0, 0, 1, 1, )
time 0 = 71517 us
loop counter = (0, 64, 41, 23, 32, 0, 0, 0, 0, 1, 0, 0, 0, 1, 16, 4, 1, 1, 1, 149982, 1, 2399712, 0, 0, 0, 1, 0, 16, 0, 0, 0, 0, 0, 0, 0, 0, 0, 0, 0, 0, 0, 0, 0, 0, 1, 1, )
time 0 = 78013 us
loop counter = (0, 64, 44, 20, 32, 0, 0, 0, 0, 1, 0, 0, 0, 1, 16, 4, 1, 1, 1, 243949, 1, 3903184, 0, 0, 0, 1, 0, 16, 0, 0, 0, 0, 0, 0, 0, 0, 0, 0, 0, 0, 0, 0, 0, 0, 1, 1, )
time 0 = 127231 us
loop counter = (0, 64, 41, 23, 32, 0, 0, 0, 0, 1, 0, 0, 0, 1, 16, 4, 1, 1, 1, 16149, 1, 258384, 0, 0, 0, 1, 0, 16, 0, 0, 0, 0, 0, 0, 0, 0, 0, 0, 0, 0, 0, 0, 0, 0, 1, 1, )
time 0 = 8410 us
loop counter = (0, 64, 38, 26, 32, 0, 0, 0, 0, 1, 0, 0, 0, 1, 16, 4, 1, 1, 1, 203230, 1, 3251680, 0, 0, 0, 1, 0, 16, 0, 0, 0, 0, 0, 0, 0, 0, 0, 0, 0, 0, 0, 0, 0, 0, 1, 1, )
time 0 = 105542 us
loop counter = (0, 64, 45, 19, 32, 0, 0, 0, 0, 1, 0, 0, 0, 1, 16, 4, 1, 1, 1, 95414, 1, 1526624, 0, 0, 0, 1, 0, 16, 0, 0, 0, 0, 0, 0, 0, 0, 0, 0, 0, 0, 0, 0, 0, 0, 1, 1, )
time 0 = 49518 us
loop counter = (0, 64, 43, 21, 32, 0, 0, 0, 0, 1, 0, 0, 0, 1, 16, 4, 1, 1, 1, 113889, 1, 1822224, 0, 0, 0, 1, 0, 16, 0, 0, 0, 0, 0, 0, 0, 0, 0, 0, 0, 0, 0, 0, 0, 0, 1, 1, )
time 0 = 59842 us
loop counter = (0, 64, 38, 26, 32, 0, 0, 0, 0, 1, 0, 0, 0, 1, 16, 4, 1, 1, 1, 203771, 1, 3260336, 0, 0, 0, 1, 0, 16, 0, 0, 0, 0, 0, 0, 0, 0, 0, 0, 0, 0, 0, 0, 0, 0, 1, 1, )
time 0 = 106619 us
loop counter = (0, 64, 36, 28, 32, 0, 0, 0, 0, 1, 0, 0, 0, 1, 16, 4, 1, 1, 1, 242365, 1, 3877840, 0, 0, 0, 1, 0, 16, 0, 0, 0, 0, 0, 0, 0, 0, 0, 0, 0, 0, 0, 0, 0, 0, 1, 1, )
time 0 = 126109 us
loop counter = (0, 64, 43, 21, 32, 0, 0, 0, 0, 1, 0, 0, 0, 1, 16, 4, 1, 1, 1, 239448, 1, 3831168, 0, 0, 0, 1, 0, 16, 0, 0, 0, 0, 0, 0, 0, 0, 0, 0, 0, 0, 0, 0, 0, 0, 1, 1, )
time 0 = 123907 us
loop counter = (0, 64, 41, 23, 32, 0, 0, 0, 0, 1, 0, 0, 0, 1, 16, 4, 1, 1, 1, 145426, 1, 2326816, 0, 0, 0, 1, 0, 16, 0, 0, 0, 0, 0, 0, 0, 0, 0, 0, 0, 0, 0, 0, 0, 0, 1, 1, )
time 0 = 75405 us
loop counter = (0, 64, 40, 24, 32, 0, 0, 0, 0, 1, 0, 0, 0, 1, 16, 4, 1, 1, 1, 228709, 1, 3659344, 0, 0, 0, 1, 0, 16, 0, 0, 0, 0, 0, 0, 0, 0, 0, 0, 0, 0, 0, 0, 0, 0, 1, 1, )
time 0 = 119580 us
loop counter = (0, 64, 39, 25, 32, 0, 0, 0, 0, 1, 0, 0, 0, 1, 16, 4, 1, 1, 1, 4403, 1, 70448, 0, 0, 0, 1, 0, 16, 0, 0, 0, 0, 0, 0, 0, 0, 0, 0, 0, 0, 0, 0, 0, 0, 1, 1, )
time 0 = 2415 us
loop counter = (0, 64, 36, 28, 32, 0, 0, 0, 0, 1, 0, 0, 0, 1, 16, 4, 1, 1, 1, 132363, 1, 2117808, 0, 0, 0, 1, 0, 16, 0, 0, 0, 0, 0, 0, 0, 0, 0, 0, 0, 0, 0, 0, 0, 0, 1, 1, )
time 0 = 69303 us
loop counter = (0, 64, 45, 19, 32, 0, 0, 0, 0, 1, 0, 0, 0, 1, 16, 4, 1, 1, 1, 62397, 1, 998352, 0, 0, 0, 1, 0, 16, 0, 0, 0, 0, 0, 0, 0, 0, 0, 0, 0, 0, 0, 0, 0, 0, 1, 1, )
time 0 = 32229 us
loop counter = (0, 64, 36, 28, 32, 0, 0, 0, 0, 1, 0, 0, 0, 1, 16, 4, 1, 1, 1, 25648, 1, 410368, 0, 0, 0, 1, 0, 16, 0, 0, 0, 0, 0, 0, 0, 0, 0, 0, 0, 0, 0, 0, 0, 0, 1, 1, )
time 0 = 13308 us
loop counter = (0, 64, 39, 25, 32, 0, 0, 0, 0, 1, 0, 0, 0, 1, 16, 4, 1, 1, 1, 84022, 1, 1344352, 0, 0, 0, 1, 0, 16, 0, 0, 0, 0, 0, 0, 0, 0, 0, 0, 0, 0, 0, 0, 0, 0, 1, 1, )
time 0 = 43763 us
loop counter = (0, 64, 43, 21, 32, 0, 0, 0, 0, 1, 0, 0, 0, 1, 16, 4, 1, 1, 1, 269414, 1, 4310624, 0, 0, 0, 1, 0, 16, 0, 0, 0, 0, 0, 0, 0, 0, 0, 0, 0, 0, 0, 0, 0, 0, 1, 1, )
time 0 = 140349 us
loop counter = (0, 64, 42, 22, 32, 0, 0, 0, 0, 1, 0, 0, 0, 1, 16, 4, 1, 1, 1, 153709, 1, 2459344, 0, 0, 0, 1, 0, 16, 0, 0, 0, 0, 0, 0, 0, 0, 0, 0, 0, 0, 0, 0, 0, 0, 1, 1, )
time 0 = 79714 us
loop counter = (0, 64, 35, 29, 32, 0, 0, 0, 0, 1, 0, 0, 0, 1, 16, 4, 1, 1, 1, 248295, 1, 3972720, 0, 0, 0, 1, 0, 16, 0, 0, 0, 0, 0, 0, 0, 0, 0, 0, 0, 0, 0, 0, 0, 0, 1, 1, )
time 0 = 129180 us
loop counter = (0, 64, 39, 25, 32, 0, 0, 0, 0, 1, 0, 0, 0, 1, 16, 4, 1, 1, 1, 130707, 1, 2091312, 0, 0, 0, 1, 0, 16, 0, 0, 0, 0, 0, 0, 0, 0, 0, 0, 0, 0, 0, 0, 0, 0, 1, 1, )
time 0 = 68177 us
loop counter = (0, 64, 36, 28, 32, 0, 0, 0, 0, 1, 0, 0, 0, 1, 16, 4, 1, 1, 1, 228664, 1, 3658624, 0, 0, 0, 1, 0, 16, 0, 0, 0, 0, 0, 0, 0, 0, 0, 0, 0, 0, 0, 0, 0, 0, 1, 1, )
time 0 = 121403 us
loop counter = (0, 64, 39, 25, 32, 0, 0, 0, 0, 1, 0, 0, 0, 1, 16, 4, 1, 1, 1, 238307, 1, 3812912, 0, 0, 0, 1, 0, 16, 0, 0, 0, 0, 0, 0, 0, 0, 0, 0, 0, 0, 0, 0, 0, 0, 1, 1, )
time 0 = 123753 us
loop counter = (0, 64, 38, 26, 32, 0, 0, 0, 0, 1, 0, 0, 0, 1, 16, 4, 1, 1, 1, 258169, 1, 4130704, 0, 0, 0, 1, 0, 16, 0, 0, 0, 0, 0, 0, 0, 0, 0, 0, 0, 0, 0, 0, 0, 0, 1, 1, )
time 0 = 134164 us
loop counter = (0, 64, 39, 25, 32, 0, 0, 0, 0, 1, 0, 0, 0, 1, 16, 4, 1, 1, 1, 113408, 1, 1814528, 0, 0, 0, 1, 0, 16, 0, 0, 0, 0, 0, 0, 0, 0, 0, 0, 0, 0, 0, 0, 0, 0, 1, 1, )
time 0 = 58629 us
loop counter = (0, 64, 39, 25, 32, 0, 0, 0, 0, 1, 0, 0, 0, 1, 16, 4, 1, 1, 1, 193584, 1, 3097344, 0, 0, 0, 1, 0, 16, 0, 0, 0, 0, 0, 0, 0, 0, 0, 0, 0, 0, 0, 0, 0, 0, 1, 1, )
time 0 = 100271 us
loop counter = (0, 64, 42, 22, 32, 0, 0, 0, 0, 1, 0, 0, 0, 1, 16, 4, 1, 1, 1, 130098, 1, 2081568, 0, 0, 0, 1, 0, 16, 0, 0, 0, 0, 0, 0, 0, 0, 0, 0, 0, 0, 0, 0, 0, 0, 1, 1, )
time 0 = 67740 us
loop counter = (0, 64, 39, 25, 32, 0, 0, 0, 0, 1, 0, 0, 0, 1, 16, 4, 1, 1, 1, 51474, 1, 823584, 0, 0, 0, 1, 0, 16, 0, 0, 0, 0, 0, 0, 0, 0, 0, 0, 0, 0, 0, 0, 0, 0, 1, 1, )
time 0 = 26855 us
loop counter = (0, 64, 38, 26, 32, 0, 0, 0, 0, 1, 0, 0, 0, 1, 16, 4, 1, 1, 1, 137548, 1, 2200768, 0, 0, 0, 1, 0, 16, 0, 0, 0, 0, 0, 0, 0, 0, 0, 0, 0, 0, 0, 0, 0, 0, 1, 1, )
time 0 = 71150 us
loop counter = (0, 64, 43, 21, 32, 0, 0, 0, 0, 1, 0, 0, 0, 1, 16, 4, 1, 1, 1, 116413, 1, 1862608, 0, 0, 0, 1, 0, 16, 0, 0, 0, 0, 0, 0, 0, 0, 0, 0, 0, 0, 0, 0, 0, 0, 1, 1, )
time 0 = 60313 us
loop counter = (0, 64, 42, 22, 32, 0, 0, 0, 0, 1, 0, 0, 0, 1, 16, 4, 1, 1, 1, 201888, 1, 3230208, 0, 0, 0, 1, 0, 16, 0, 0, 0, 0, 0, 0, 0, 0, 0, 0, 0, 0, 0, 0, 0, 0, 1, 1, )
time 0 = 104903 us
loop counter = (0, 64, 39, 25, 32, 0, 0, 0, 0, 1, 0, 0, 0, 1, 16, 4, 1, 1, 1, 91846, 1, 1469536, 0, 0, 0, 1, 0, 16, 0, 0, 0, 0, 0, 0, 0, 0, 0, 0, 0, 0, 0, 0, 0, 0, 1, 1, )
time 0 = 47642 us
loop counter = (0, 64, 43, 21, 32, 0, 0, 0, 0, 1, 0, 0, 0, 1, 16, 4, 1, 1, 1, 176221, 1, 2819536, 0, 0, 0, 1, 0, 16, 0, 0, 0, 0, 0, 0, 0, 0, 0, 0, 0, 0, 0, 0, 0, 0, 1, 1, )
time 0 = 91594 us
loop counter = (0, 64, 39, 25, 32, 0, 0, 0, 0, 1, 0, 0, 0, 1, 16, 4, 1, 1, 1, 36159, 1, 578544, 0, 0, 0, 1, 0, 16, 0, 0, 0, 0, 0, 0, 0, 0, 0, 0, 0, 0, 0, 0, 0, 0, 1, 1, )
time 0 = 19092 us
loop counter = (0, 64, 47, 17, 32, 0, 0, 0, 0, 1, 0, 0, 0, 1, 16, 4, 1, 1, 1, 176361, 1, 2821776, 0, 0, 0, 1, 0, 16, 0, 0, 0, 0, 0, 0, 0, 0, 0, 0, 0, 0, 0, 0, 0, 0, 1, 1, )
time 0 = 91639 us
loop counter = (0, 64, 44, 20, 32, 0, 0, 0, 0, 1, 0, 0, 0, 1, 16, 4, 1, 1, 1, 221976, 1, 3551616, 0, 0, 0, 1, 0, 16, 0, 0, 0, 0, 0, 0, 0, 0, 0, 0, 0, 0, 0, 0, 0, 0, 1, 1, )
time 0 = 115150 us
loop counter = (0, 64, 39, 25, 32, 0, 0, 0, 0, 1, 0, 0, 0, 1, 16, 4, 1, 1, 1, 121346, 1, 1941536, 0, 0, 0, 1, 0, 16, 0, 0, 0, 0, 0, 0, 0, 0, 0, 0, 0, 0, 0, 0, 0, 0, 1, 1, )
time 0 = 62654 us
loop counter = (0, 64, 42, 22, 32, 0, 0, 0, 0, 1, 0, 0, 0, 1, 16, 4, 1, 1, 1, 43524, 1, 696384, 0, 0, 0, 1, 0, 16, 0, 0, 0, 0, 0, 0, 0, 0, 0, 0, 0, 0, 0, 0, 0, 0, 1, 1, )
time 0 = 22461 us
loop counter = (0, 64, 38, 26, 32, 0, 0, 0, 0, 1, 0, 0, 0, 1, 16, 4, 1, 1, 1, 129542, 1, 2072672, 0, 0, 0, 1, 0, 16, 0, 0, 0, 0, 0, 0, 0, 0, 0, 0, 0, 0, 0, 0, 0, 0, 1, 1, )
time 0 = 66856 us
loop counter = (0, 64, 38, 26, 32, 0, 0, 0, 0, 1, 0, 0, 0, 1, 16, 4, 1, 1, 1, 142049, 1, 2272784, 0, 0, 0, 1, 0, 16, 0, 0, 0, 0, 0, 0, 0, 0, 0, 0, 0, 0, 0, 0, 0, 0, 1, 1, )
time 0 = 73515 us
loop counter = (0, 64, 37, 27, 32, 0, 0, 0, 0, 1, 0, 0, 0, 1, 16, 4, 1, 1, 1, 65324, 1, 1045184, 0, 0, 0, 1, 0, 16, 0, 0, 0, 0, 0, 0, 0, 0, 0, 0, 0, 0, 0, 0, 0, 0, 1, 1, )
time 0 = 34085 us
loop counter = (0, 64, 40, 24, 32, 0, 0, 0, 0, 1, 0, 0, 0, 1, 16, 4, 1, 1, 1, 53910, 1, 862560, 0, 0, 0, 1, 0, 16, 0, 0, 0, 0, 0, 0, 0, 0, 0, 0, 0, 0, 0, 0, 0, 0, 1, 1, )
time 0 = 28272 us
loop counter = (0, 64, 38, 26, 32, 0, 0, 0, 0, 1, 0, 0, 0, 1, 16, 4, 1, 1, 1, 114696, 1, 1835136, 0, 0, 0, 1, 0, 16, 0, 0, 0, 0, 0, 0, 0, 0, 0, 0, 0, 0, 0, 0, 0, 0, 1, 1, )
time 0 = 59343 us
loop counter = (0, 64, 45, 19, 32, 0, 0, 0, 0, 1, 0, 0, 0, 1, 16, 4, 1, 1, 1, 72414, 1, 1158624, 0, 0, 0, 1, 0, 16, 0, 0, 0, 0, 0, 0, 0, 0, 0, 0, 0, 0, 0, 0, 0, 0, 1, 1, )
time 0 = 37399 us
loop counter = (0, 64, 42, 22, 32, 0, 0, 0, 0, 1, 0, 0, 0, 1, 16, 4, 1, 1, 1, 234316, 1, 3749056, 0, 0, 0, 1, 0, 16, 0, 0, 0, 0, 0, 0, 0, 0, 0, 0, 0, 0, 0, 0, 0, 0, 1, 1, )
time 0 = 123899 us
loop counter = (0, 64, 38, 26, 32, 0, 0, 0, 0, 1, 0, 0, 0, 1, 16, 4, 1, 1, 1, 302447, 1, 4839152, 0, 0, 0, 1, 0, 16, 0, 0, 0, 0, 0, 0, 0, 0, 0, 0, 0, 0, 0, 0, 0, 0, 1, 1, )
time 0 = 157435 us
loop counter = (0, 64, 41, 23, 32, 0, 0, 0, 0, 1, 0, 0, 0, 1, 16, 4, 1, 1, 1, 98756, 1, 1580096, 0, 0, 0, 1, 0, 16, 0, 0, 0, 0, 0, 0, 0, 0, 0, 0, 0, 0, 0, 0, 0, 0, 1, 1, )
time 0 = 50832 us
loop counter = (0, 64, 45, 19, 32, 0, 0, 0, 0, 1, 0, 0, 0, 1, 16, 4, 1, 1, 1, 102066, 1, 1633056, 0, 0, 0, 1, 0, 16, 0, 0, 0, 0, 0, 0, 0, 0, 0, 0, 0, 0, 0, 0, 0, 0, 1, 1, )
time 0 = 53116 us
loop counter = (0, 64, 40, 24, 32, 0, 0, 0, 0, 1, 0, 0, 0, 1, 16, 4, 1, 1, 1, 210165, 1, 3362640, 0, 0, 0, 1, 0, 16, 0, 0, 0, 0, 0, 0, 0, 0, 0, 0, 0, 0, 0, 0, 0, 0, 1, 1, )
time 0 = 109455 us
loop counter = (0, 64, 38, 26, 32, 0, 0, 0, 0, 1, 0, 0, 0, 1, 16, 4, 1, 1, 1, 43040, 1, 688640, 0, 0, 0, 1, 0, 16, 0, 0, 0, 0, 0, 0, 0, 0, 0, 0, 0, 0, 0, 0, 0, 0, 1, 1, )
time 0 = 22784 us
loop counter = (0, 64, 37, 27, 32, 0, 0, 0, 0, 1, 0, 0, 0, 1, 16, 4, 1, 1, 1, 233677, 1, 3738832, 0, 0, 0, 1, 0, 16, 0, 0, 0, 0, 0, 0, 0, 0, 0, 0, 0, 0, 0, 0, 0, 0, 1, 1, )
time 0 = 124318 us
loop counter = (0, 64, 40, 24, 32, 0, 0, 0, 0, 1, 0, 0, 0, 1, 16, 4, 1, 1, 1, 107331, 1, 1717296, 0, 0, 0, 1, 0, 16, 0, 0, 0, 0, 0, 0, 0, 0, 0, 0, 0, 0, 0, 0, 0, 0, 1, 1, )
time 0 = 55320 us
loop counter = (0, 64, 40, 24, 32, 0, 0, 0, 0, 1, 0, 0, 0, 1, 16, 4, 1, 1, 1, 51662, 1, 826592, 0, 0, 0, 1, 0, 16, 0, 0, 0, 0, 0, 0, 0, 0, 0, 0, 0, 0, 0, 0, 0, 0, 1, 1, )
time 0 = 26709 us
loop counter = (0, 64, 38, 26, 32, 0, 0, 0, 0, 1, 0, 0, 0, 1, 16, 4, 1, 1, 1, 41333, 1, 661328, 0, 0, 0, 1, 0, 16, 0, 0, 0, 0, 0, 0, 0, 0, 0, 0, 0, 0, 0, 0, 0, 0, 1, 1, )
time 0 = 21601 us
loop counter = (0, 64, 41, 23, 32, 0, 0, 0, 0, 1, 0, 0, 0, 1, 16, 4, 1, 1, 1, 38733, 1, 619728, 0, 0, 0, 1, 0, 16, 0, 0, 0, 0, 0, 0, 0, 0, 0, 0, 0, 0, 0, 0, 0, 0, 1, 1, )
time 0 = 19995 us
loop counter = (0, 64, 39, 25, 32, 0, 0, 0, 0, 1, 0, 0, 0, 1, 16, 4, 1, 1, 1, 32314, 1, 517024, 0, 0, 0, 1, 0, 16, 0, 0, 0, 0, 0, 0, 0, 0, 0, 0, 0, 0, 0, 0, 0, 0, 1, 1, )
time 0 = 16698 us
loop counter = (0, 64, 37, 27, 32, 0, 0, 0, 0, 1, 0, 0, 0, 1, 16, 4, 1, 1, 1, 111245, 1, 1779920, 0, 0, 0, 1, 0, 16, 0, 0, 0, 0, 0, 0, 0, 0, 0, 0, 0, 0, 0, 0, 0, 0, 1, 1, )
time 0 = 57425 us
loop counter = (0, 64, 44, 20, 32, 0, 0, 0, 0, 1, 0, 0, 0, 1, 16, 4, 1, 1, 1, 138387, 1, 2214192, 0, 0, 0, 1, 0, 16, 0, 0, 0, 0, 0, 0, 0, 0, 0, 0, 0, 0, 0, 0, 0, 0, 1, 1, )
time 0 = 73307 us
loop counter = (0, 64, 34, 30, 32, 0, 0, 0, 0, 1, 0, 0, 0, 1, 16, 4, 1, 1, 1, 215372, 1, 3445952, 0, 0, 0, 1, 0, 16, 0, 0, 0, 0, 0, 0, 0, 0, 0, 0, 0, 0, 0, 0, 0, 0, 1, 1, )
time 0 = 113701 us
loop counter = (0, 64, 43, 21, 32, 0, 0, 0, 0, 1, 0, 0, 0, 1, 16, 4, 1, 1, 1, 142751, 1, 2284016, 0, 0, 0, 1, 0, 16, 0, 0, 0, 0, 0, 0, 0, 0, 0, 0, 0, 0, 0, 0, 0, 0, 1, 1, )
time 0 = 75954 us
loop counter = (0, 64, 37, 27, 32, 0, 0, 0, 0, 1, 0, 0, 0, 1, 16, 4, 1, 1, 1, 60399, 1, 966384, 0, 0, 0, 1, 0, 16, 0, 0, 0, 0, 0, 0, 0, 0, 0, 0, 0, 0, 0, 0, 0, 0, 1, 1, )
time 0 = 31335 us
loop counter = (0, 64, 37, 27, 32, 0, 0, 0, 0, 1, 0, 0, 0, 1, 16, 4, 1, 1, 1, 200439, 1, 3207024, 0, 0, 0, 1, 0, 16, 0, 0, 0, 0, 0, 0, 0, 0, 0, 0, 0, 0, 0, 0, 0, 0, 1, 1, )
time 0 = 103856 us
loop counter = (0, 64, 42, 22, 32, 0, 0, 0, 0, 1, 0, 0, 0, 1, 16, 4, 1, 1, 1, 82701, 1, 1323216, 0, 0, 0, 1, 0, 16, 0, 0, 0, 0, 0, 0, 0, 0, 0, 0, 0, 0, 0, 0, 0, 0, 1, 1, )
time 0 = 42705 us
loop counter = (0, 64, 43, 21, 32, 0, 0, 0, 0, 1, 0, 0, 0, 1, 16, 4, 1, 1, 1, 133316, 1, 2133056, 0, 0, 0, 1, 0, 16, 0, 0, 0, 0, 0, 0, 0, 0, 0, 0, 0, 0, 0, 0, 0, 0, 1, 1, )
time 0 = 69074 us
loop counter = (0, 64, 43, 21, 32, 0, 0, 0, 0, 1, 0, 0, 0, 1, 16, 4, 1, 1, 1, 242521, 1, 3880336, 0, 0, 0, 1, 0, 16, 0, 0, 0, 0, 0, 0, 0, 0, 0, 0, 0, 0, 0, 0, 0, 0, 1, 1, )
time 0 = 127213 us
loop counter = (0, 64, 44, 20, 32, 0, 0, 0, 0, 1, 0, 0, 0, 1, 16, 4, 1, 1, 1, 146233, 1, 2339728, 0, 0, 0, 1, 0, 16, 0, 0, 0, 0, 0, 0, 0, 0, 0, 0, 0, 0, 0, 0, 0, 0, 1, 1, )
time 0 = 75552 us
loop counter = (0, 64, 43, 21, 32, 0, 0, 0, 0, 1, 0, 0, 0, 1, 16, 4, 1, 1, 1, 132144, 1, 2114304, 0, 0, 0, 1, 0, 16, 0, 0, 0, 0, 0, 0, 0, 0, 0, 0, 0, 0, 0, 0, 0, 0, 1, 1, )
time 0 = 68597 us
loop counter = (0, 64, 39, 25, 32, 0, 0, 0, 0, 1, 0, 0, 0, 1, 16, 4, 1, 1, 1, 265168, 1, 4242688, 0, 0, 0, 1, 0, 16, 0, 0, 0, 0, 0, 0, 0, 0, 0, 0, 0, 0, 0, 0, 0, 0, 1, 1, )
time 0 = 138320 us
loop counter = (0, 64, 37, 27, 32, 0, 0, 0, 0, 1, 0, 0, 0, 1, 16, 4, 1, 1, 1, 180998, 1, 2895968, 0, 0, 0, 1, 0, 16, 0, 0, 0, 0, 0, 0, 0, 0, 0, 0, 0, 0, 0, 0, 0, 0, 1, 1, )
time 0 = 94118 us
loop counter = (0, 64, 41, 23, 32, 0, 0, 0, 0, 1, 0, 0, 0, 1, 16, 4, 1, 1, 1, 188518, 1, 3016288, 0, 0, 0, 1, 0, 16, 0, 0, 0, 0, 0, 0, 0, 0, 0, 0, 0, 0, 0, 0, 0, 0, 1, 1, )
time 0 = 97586 us
loop counter = (0, 64, 44, 20, 32, 0, 0, 0, 0, 1, 0, 0, 0, 1, 16, 4, 1, 1, 1, 266490, 1, 4263840, 0, 0, 0, 1, 0, 16, 0, 0, 0, 0, 0, 0, 0, 0, 0, 0, 0, 0, 0, 0, 0, 0, 1, 1, )
time 0 = 138982 us
loop counter = (0, 64, 40, 24, 32, 0, 0, 0, 0, 1, 0, 0, 0, 1, 16, 4, 1, 1, 1, 270414, 1, 4326624, 0, 0, 0, 1, 0, 16, 0, 0, 0, 0, 0, 0, 0, 0, 0, 0, 0, 0, 0, 0, 0, 0, 1, 1, )
time 0 = 144180 us
loop counter = (0, 64, 35, 29, 32, 0, 0, 0, 0, 1, 0, 0, 0, 1, 16, 4, 1, 1, 1, 126149, 1, 2018384, 0, 0, 0, 1, 0, 16, 0, 0, 0, 0, 0, 0, 0, 0, 0, 0, 0, 0, 0, 0, 0, 0, 1, 1, )
time 0 = 65467 us
loop counter = (0, 64, 47, 17, 32, 0, 0, 0, 0, 1, 0, 0, 0, 1, 16, 4, 1, 1, 1, 274559, 1, 4392944, 0, 0, 0, 1, 0, 16, 0, 0, 0, 0, 0, 0, 0, 0, 0, 0, 0, 0, 0, 0, 0, 0, 1, 1, )
time 0 = 142621 us
loop counter = (0, 64, 43, 21, 32, 0, 0, 0, 0, 1, 0, 0, 0, 1, 16, 4, 1, 1, 1, 160977, 1, 2575632, 0, 0, 0, 1, 0, 16, 0, 0, 0, 0, 0, 0, 0, 0, 0, 0, 0, 0, 0, 0, 0, 0, 1, 1, )
time 0 = 84657 us
loop counter = (0, 64, 44, 20, 32, 0, 0, 0, 0, 1, 0, 0, 0, 1, 16, 4, 1, 1, 1, 150388, 1, 2406208, 0, 0, 0, 1, 0, 16, 0, 0, 0, 0, 0, 0, 0, 0, 0, 0, 0, 0, 0, 0, 0, 0, 1, 1, )
time 0 = 78638 us
loop counter = (0, 64, 31, 33, 32, 0, 0, 0, 0, 1, 0, 0, 0, 1, 16, 4, 1, 1, 1, 90876, 1, 1454016, 0, 0, 0, 1, 0, 16, 0, 0, 0, 0, 0, 0, 0, 0, 0, 0, 0, 0, 0, 0, 0, 0, 1, 1, )
time 0 = 46915 us
loop counter = (0, 64, 42, 22, 32, 0, 0, 0, 0, 1, 0, 0, 0, 1, 16, 4, 1, 1, 1, 116582, 1, 1865312, 0, 0, 0, 1, 0, 16, 0, 0, 0, 0, 0, 0, 0, 0, 0, 0, 0, 0, 0, 0, 0, 0, 1, 1, )
time 0 = 60848 us
loop counter = (0, 64, 41, 23, 32, 0, 0, 0, 0, 1, 0, 0, 0, 1, 16, 4, 1, 1, 1, 238331, 1, 3813296, 0, 0, 0, 1, 0, 16, 0, 0, 0, 0, 0, 0, 0, 0, 0, 0, 0, 0, 0, 0, 0, 0, 1, 1, )
time 0 = 124360 us
loop counter = (0, 64, 42, 22, 32, 0, 0, 0, 0, 1, 0, 0, 0, 1, 16, 4, 1, 1, 1, 110004, 1, 1760064, 0, 0, 0, 1, 0, 16, 0, 0, 0, 0, 0, 0, 0, 0, 0, 0, 0, 0, 0, 0, 0, 0, 1, 1, )
time 0 = 56742 us
loop counter = (0, 64, 29, 35, 32, 0, 0, 0, 0, 1, 0, 0, 0, 1, 16, 4, 1, 1, 1, 48287, 1, 772592, 0, 0, 0, 1, 0, 16, 0, 0, 0, 0, 0, 0, 0, 0, 0, 0, 0, 0, 0, 0, 0, 0, 1, 1, )
time 0 = 25191 us
loop counter = (0, 64, 44, 20, 32, 0, 0, 0, 0, 1, 0, 0, 0, 1, 16, 4, 1, 1, 1, 147611, 1, 2361776, 0, 0, 0, 1, 0, 16, 0, 0, 0, 0, 0, 0, 0, 0, 0, 0, 0, 0, 0, 0, 0, 0, 1, 1, )
time 0 = 76487 us
loop counter = (0, 64, 43, 21, 32, 0, 0, 0, 0, 1, 0, 0, 0, 1, 16, 4, 1, 1, 1, 90553, 1, 1448848, 0, 0, 0, 1, 0, 16, 0, 0, 0, 0, 0, 0, 0, 0, 0, 0, 0, 0, 0, 0, 0, 0, 1, 1, )
time 0 = 46851 us
loop counter = (0, 64, 41, 23, 32, 0, 0, 0, 0, 1, 0, 0, 0, 1, 16, 4, 1, 1, 1, 156915, 1, 2510640, 0, 0, 0, 1, 0, 16, 0, 0, 0, 0, 0, 0, 0, 0, 0, 0, 0, 0, 0, 0, 0, 0, 1, 1, )
time 0 = 81269 us
loop counter = (0, 64, 35, 29, 32, 0, 0, 0, 0, 1, 0, 0, 0, 1, 16, 4, 1, 1, 1, 75123, 1, 1201968, 0, 0, 0, 1, 0, 16, 0, 0, 0, 0, 0, 0, 0, 0, 0, 0, 0, 0, 0, 0, 0, 0, 1, 1, )
time 0 = 38876 us
loop counter = (0, 64, 46, 18, 32, 0, 0, 0, 0, 1, 0, 0, 0, 1, 16, 4, 1, 1, 1, 177517, 1, 2840272, 0, 0, 0, 1, 0, 16, 0, 0, 0, 0, 0, 0, 0, 0, 0, 0, 0, 0, 0, 0, 0, 0, 1, 1, )
time 0 = 91677 us
loop counter = (0, 64, 37, 27, 32, 0, 0, 0, 0, 1, 0, 0, 0, 1, 16, 4, 1, 1, 1, 115790, 1, 1852640, 0, 0, 0, 1, 0, 16, 0, 0, 0, 0, 0, 0, 0, 0, 0, 0, 0, 0, 0, 0, 0, 0, 1, 1, )
time 0 = 60512 us
loop counter = (0, 64, 37, 27, 32, 0, 0, 0, 0, 1, 0, 0, 0, 1, 16, 4, 1, 1, 1, 52822, 1, 845152, 0, 0, 0, 1, 0, 16, 0, 0, 0, 0, 0, 0, 0, 0, 0, 0, 0, 0, 0, 0, 0, 0, 1, 1, )
time 0 = 27272 us
