loop counter = (0, 64, 33, 31, 32, 0, 0, 0, 0, 1, 0, 0, 0, 1, 16, 4, 1, 1, 1, 210304, 1, 3364864, 0, 0, 0, 1, 0, 16, 0, 0, 0, 0, 0, 0, 0, 0, 0, 0, 0, 0, 0, 0, 0, 0, 1, 1, )
time 0 = 109221 us
loop counter = (0, 64, 40, 24, 32, 0, 0, 0, 0, 1, 0, 0, 0, 1, 16, 4, 1, 1, 1, 264160, 1, 4226560, 0, 0, 0, 1, 0, 16, 0, 0, 0, 0, 0, 0, 0, 0, 0, 0, 0, 0, 0, 0, 0, 0, 1, 1, )
time 0 = 136667 us
loop counter = (0, 64, 46, 18, 32, 0, 0, 0, 0, 1, 0, 0, 0, 1, 16, 4, 1, 1, 1, 253916, 1, 4062656, 0, 0, 0, 1, 0, 16, 0, 0, 0, 0, 0, 0, 0, 0, 0, 0, 0, 0, 0, 0, 0, 0, 1, 1, )
time 0 = 132451 us
loop counter = (0, 64, 38, 26, 32, 0, 0, 0, 0, 1, 0, 0, 0, 1, 16, 4, 1, 1, 1, 66915, 1, 1070640, 0, 0, 0, 1, 0, 16, 0, 0, 0, 0, 0, 0, 0, 0, 0, 0, 0, 0, 0, 0, 0, 0, 1, 1, )
time 0 = 35490 us
loop counter = (0, 64, 41, 23, 32, 0, 0, 0, 0, 1, 0, 0, 0, 1, 16, 4, 1, 1, 1, 274199, 1, 4387184, 0, 0, 0, 1, 0, 16, 0, 0, 0, 0, 0, 0, 0, 0, 0, 0, 0, 0, 0, 0, 0, 0, 1, 1, )
time 0 = 143501 us
loop counter = (0, 64, 38, 26, 32, 0, 0, 0, 0, 1, 0, 0, 0, 1, 16, 4, 1, 1, 1, 41201, 1, 659216, 0, 0, 0, 1, 0, 16, 0, 0, 0, 0, 0, 0, 0, 0, 0, 0, 0, 0, 0, 0, 0, 0, 1, 1, )
time 0 = 21299 us
loop counter = (0, 64, 37, 27, 32, 0, 0, 0, 0, 1, 0, 0, 0, 1, 16, 4, 1, 1, 1, 88308, 1, 1412928, 0, 0, 0, 1, 0, 16, 0, 0, 0, 0, 0, 0, 0, 0, 0, 0, 0, 0, 0, 0, 0, 0, 1, 1, )
time 0 = 45493 us
loop counter = (0, 64, 43, 21, 32, 0, 0, 0, 0, 1, 0, 0, 0, 1, 16, 4, 1, 1, 1, 209301, 1, 3348816, 0, 0, 0, 1, 0, 16, 0, 0, 0, 0, 0, 0, 0, 0, 0, 0, 0, 0, 0, 0, 0, 0, 1, 1, )
time 0 = 108640 us
loop counter = (0, 64, 35, 29, 32, 0, 0, 0, 0, 1, 0, 0, 0, 1, 16, 4, 1, 1, 1, 110051, 1, 1760816, 0, 0, 0, 1, 0, 16, 0, 0, 0, 0, 0, 0, 0, 0, 0, 0, 0, 0, 0, 0, 0, 0, 1, 1, )
time 0 = 56752 us
loop counter = (0, 64, 44, 20, 32, 0, 0, 0, 0, 1, 0, 0, 0, 1, 16, 4, 1, 1, 1, 81908, 1, 1310528, 0, 0, 0, 1, 0, 16, 0, 0, 0, 0, 0, 0, 0, 0, 0, 0, 0, 0, 0, 0, 0, 0, 1, 1, )
time 0 = 42718 us
loop counter = (0, 64, 37, 27, 32, 0, 0, 0, 0, 1, 0, 0, 0, 1, 16, 4, 1, 1, 1, 292937, 1, 4686992, 0, 0, 0, 1, 0, 16, 0, 0, 0, 0, 0, 0, 0, 0, 0, 0, 0, 0, 0, 0, 0, 0, 1, 1, )
time 0 = 153494 us
loop counter = (0, 64, 36, 28, 32, 0, 0, 0, 0, 1, 0, 0, 0, 1, 16, 4, 1, 1, 1, 196846, 1, 3149536, 0, 0, 0, 1, 0, 16, 0, 0, 0, 0, 0, 0, 0, 0, 0, 0, 0, 0, 0, 0, 0, 0, 1, 1, )
time 0 = 102080 us
loop counter = (0, 64, 44, 20, 32, 0, 0, 0, 0, 1, 0, 0, 0, 1, 16, 4, 1, 1, 1, 154658, 1, 2474528, 0, 0, 0, 1, 0, 16, 0, 0, 0, 0, 0, 0, 0, 0, 0, 0, 0, 0, 0, 0, 0, 0, 1, 1, )
time 0 = 80024 us
loop counter = (0, 64, 43, 21, 32, 0, 0, 0, 0, 1, 0, 0, 0, 1, 16, 4, 1, 1, 1, 125926, 1, 2014816, 0, 0, 0, 1, 0, 16, 0, 0, 0, 0, 0, 0, 0, 0, 0, 0, 0, 0, 0, 0, 0, 0, 1, 1, )
time 0 = 64984 us
loop counter = (0, 64, 40, 24, 32, 0, 0, 0, 0, 1, 0, 0, 0, 1, 16, 4, 1, 1, 1, 242305, 1, 3876880, 0, 0, 0, 1, 0, 16, 0, 0, 0, 0, 0, 0, 0, 0, 0, 0, 0, 0, 0, 0, 0, 0, 1, 1, )
time 0 = 126461 us
loop counter = (0, 64, 46, 18, 32, 0, 0, 0, 0, 1, 0, 0, 0, 1, 16, 4, 1, 1, 1, 20853, 1, 333648, 0, 0, 0, 1, 0, 16, 0, 0, 0, 0, 0, 0, 0, 0, 0, 0, 0, 0, 0, 0, 0, 0, 1, 1, )
time 0 = 10968 us
loop counter = (0, 64, 46, 18, 32, 0, 0, 0, 0, 1, 0, 0, 0, 1, 16, 4, 1, 1, 1, 285688, 1, 4571008, 0, 0, 0, 1, 0, 16, 0, 0, 0, 0, 0, 0, 0, 0, 0, 0, 0, 0, 0, 0, 0, 0, 1, 1, )
time 0 = 149218 us
loop counter = (0, 64, 45, 19, 32, 0, 0, 0, 0, 1, 0, 0, 0, 1, 16, 4, 1, 1, 1, 118249, 1, 1891984, 0, 0, 0, 1, 0, 16, 0, 0, 0, 0, 0, 0, 0, 0, 0, 0, 0, 0, 0, 0, 0, 0, 1, 1, )
time 0 = 60850 us
loop counter = (0, 64, 43, 21, 32, 0, 0, 0, 0, 1, 0, 0, 0, 1, 16, 4, 1, 1, 1, 31921, 1, 510736, 0, 0, 0, 1, 0, 16, 0, 0, 0, 0, 0, 0, 0, 0, 0, 0, 0, 0, 0, 0, 0, 0, 1, 1, )
time 0 = 16540 us
loop counter = (0, 64, 42, 22, 32, 0, 0, 0, 0, 1, 0, 0, 0, 1, 16, 4, 1, 1, 1, 262139, 1, 4194224, 0, 0, 0, 1, 0, 16, 0, 0, 0, 0, 0, 0, 0, 0, 0, 0, 0, 0, 0, 0, 0, 0, 1, 1, )
time 0 = 136958 us
loop counter = (0, 64, 43, 21, 32, 0, 0, 0, 0, 1, 0, 0, 0, 1, 16, 4, 1, 1, 1, 85587, 1, 1369392, 0, 0, 0, 1, 0, 16, 0, 0, 0, 0, 0, 0, 0, 0, 0, 0, 0, 0, 0, 0, 0, 0, 1, 1, )
time 0 = 44389 us
loop counter = (0, 64, 44, 20, 32, 0, 0, 0, 0, 1, 0, 0, 0, 1, 16, 4, 1, 1, 1, 88725, 1, 1419600, 0, 0, 0, 1, 0, 16, 0, 0, 0, 0, 0, 0, 0, 0, 0, 0, 0, 0, 0, 0, 0, 0, 1, 1, )
time 0 = 45957 us
loop counter = (0, 64, 41, 23, 32, 0, 0, 0, 0, 1, 0, 0, 0, 1, 16, 4, 1, 1, 1, 49771, 1, 796336, 0, 0, 0, 1, 0, 16, 0, 0, 0, 0, 0, 0, 0, 0, 0, 0, 0, 0, 0, 0, 0, 0, 1, 1, )
time 0 = 25624 us
loop counter = (0, 64, 39, 25, 32, 0, 0, 0, 0, 1, 0, 0, 0, 1, 16, 4, 1, 1, 1, 164047, 1, 2624752, 0, 0, 0, 1, 0, 16, 0, 0, 0, 0, 0, 0, 0, 0, 0, 0, 0, 0, 0, 0, 0, 0, 1, 1, )
time 0 = 85051 us
loop counter = (0, 64, 37, 27, 32, 0, 0, 0, 0, 1, 0, 0, 0, 1, 16, 4, 1, 1, 1, 253722, 1, 4059552, 0, 0, 0, 1, 0, 16, 0, 0, 0, 0, 0, 0, 0, 0, 0, 0, 0, 0, 0, 0, 0, 0, 1, 1, )
time 0 = 131989 us
loop counter = (0, 64, 41, 23, 32, 0, 0, 0, 0, 1, 0, 0, 0, 1, 16, 4, 1, 1, 1, 42660, 1, 682560, 0, 0, 0, 1, 0, 16, 0, 0, 0, 0, 0, 0, 0, 0, 0, 0, 0, 0, 0, 0, 0, 0, 1, 1, )
time 0 = 22162 us
loop counter = (0, 64, 37, 27, 32, 0, 0, 0, 0, 1, 0, 0, 0, 1, 16, 4, 1, 1, 1, 14724, 1, 235584, 0, 0, 0, 1, 0, 16, 0, 0, 0, 0, 0, 0, 0, 0, 0, 0, 0, 0, 0, 0, 0, 0, 1, 1, )
time 0 = 7680 us
loop counter = (0, 64, 41, 23, 32, 0, 0, 0, 0, 1, 0, 0, 0, 1, 16, 4, 1, 1, 1, 147504, 1, 2360064, 0, 0, 0, 1, 0, 16, 0, 0, 0, 0, 0, 0, 0, 0, 0, 0, 0, 0, 0, 0, 0, 0, 1, 1, )
time 0 = 76292 us
loop counter = (0, 64, 38, 26, 32, 0, 0, 0, 0, 1, 0, 0, 0, 1, 16, 4, 1, 1, 1, 246832, 1, 3949312, 0, 0, 0, 1, 0, 16, 0, 0, 0, 0, 0, 0, 0, 0, 0, 0, 0, 0, 0, 0, 0, 0, 1, 1, )
time 0 = 130070 us
loop counter = (0, 64, 42, 22, 32, 0, 0, 0, 0, 1, 0, 0, 0, 1, 16, 4, 1, 1, 1, 186424, 1, 2982784, 0, 0, 0, 1, 0, 16, 0, 0, 0, 0, 0, 0, 0, 0, 0, 0, 0, 0, 0, 0, 0, 0, 1, 1, )
time 0 = 98474 us
loop counter = (0, 64, 40, 24, 32, 0, 0, 0, 0, 1, 0, 0, 0, 1, 16, 4, 1, 1, 1, 101686, 1, 1626976, 0, 0, 0, 1, 0, 16, 0, 0, 0, 0, 0, 0, 0, 0, 0, 0, 0, 0, 0, 0, 0, 0, 1, 1, )
time 0 = 52558 us
loop counter = (0, 64, 35, 29, 32, 0, 0, 0, 0, 1, 0, 0, 0, 1, 16, 4, 1, 1, 1, 210658, 1, 3370528, 0, 0, 0, 1, 0, 16, 0, 0, 0, 0, 0, 0, 0, 0, 0, 0, 0, 0, 0, 0, 0, 0, 1, 1, )
time 0 = 109543 us
loop counter = (0, 64, 40, 24, 32, 0, 0, 0, 0, 1, 0, 0, 0, 1, 16, 4, 1, 1, 1, 54252, 1, 868032, 0, 0, 0, 1, 0, 16, 0, 0, 0, 0, 0, 0, 0, 0, 0, 0, 0, 0, 0, 0, 0, 0, 1, 1, )
time 0 = 28037 us
loop counter = (0, 64, 45, 19, 32, 0, 0, 0, 0, 1, 0, 0, 0, 1, 16, 4, 1, 1, 1, 133495, 1, 2135920, 0, 0, 0, 1, 0, 16, 0, 0, 0, 0, 0, 0, 0, 0, 0, 0, 0, 0, 0, 0, 0, 0, 1, 1, )
time 0 = 69467 us
loop counter = (0, 64, 33, 31, 32, 0, 0, 0, 0, 1, 0, 0, 0, 1, 16, 4, 1, 1, 1, 62069, 1, 993104, 0, 0, 0, 1, 0, 16, 0, 0, 0, 0, 0, 0, 0, 0, 0, 0, 0, 0, 0, 0, 0, 0, 1, 1, )
time 0 = 32027 us
loop counter = (0, 64, 40, 24, 32, 0, 0, 0, 0, 1, 0, 0, 0, 1, 16, 4, 1, 1, 1, 128695, 1, 2059120, 0, 0, 0, 1, 0, 16, 0, 0, 0, 0, 0, 0, 0, 0, 0, 0, 0, 0, 0, 0, 0, 0, 1, 1, )
time 0 = 66459 us
loop counter = (0, 64, 37, 27, 32, 0, 0, 0, 0, 1, 0, 0, 0, 1, 16, 4, 1, 1, 1, 87600, 1, 1401600, 0, 0, 0, 1, 0, 16, 0, 0, 0, 0, 0, 0, 0, 0, 0, 0, 0, 0, 0, 0, 0, 0, 1, 1, )
time 0 = 45184 us
loop counter = (0, 64, 37, 27, 32, 0, 0, 0, 0, 1, 0, 0, 0, 1, 16, 4, 1, 1, 1, 121242, 1, 1939872, 0, 0, 0, 1, 0, 16, 0, 0, 0, 0, 0, 0, 0, 0, 0, 0, 0, 0, 0, 0, 0, 0, 1, 1, )
time 0 = 62725 us
loop counter = (0, 64, 49, 15, 32, 0, 0, 0, 0, 1, 0, 0, 0, 1, 16, 4, 1, 1, 1, 188210, 1, 3011360, 0, 0, 0, 1, 0, 16, 0, 0, 0, 0, 0, 0, 0, 0, 0, 0, 0, 0, 0, 0, 0, 0, 1, 1, )
time 0 = 97750 us
loop counter = (0, 64, 32, 32, 32, 0, 0, 0, 0, 1, 0, 0, 0, 1, 16, 4, 1, 1, 1, 51958, 1, 831328, 0, 0, 0, 1, 0, 16, 0, 0, 0, 0, 0, 0, 0, 0, 0, 0, 0, 0, 0, 0, 0, 0, 1, 1, )
time 0 = 27111 us
loop counter = (0, 64, 35, 29, 32, 0, 0, 0, 0, 1, 0, 0, 0, 1, 16, 4, 1, 1, 1, 195398, 1, 3126368, 0, 0, 0, 1, 0, 16, 0, 0, 0, 0, 0, 0, 0, 0, 0, 0, 0, 0, 0, 0, 0, 0, 1, 1, )
time 0 = 101789 us
loop counter = (0, 64, 32, 32, 32, 0, 0, 0, 0, 1, 0, 0, 0, 1, 16, 4, 1, 1, 1, 35969, 1, 575504, 0, 0, 0, 1, 0, 16, 0, 0, 0, 0, 0, 0, 0, 0, 0, 0, 0, 0, 0, 0, 0, 0, 1, 1, )
time 0 = 18660 us
loop counter = (0, 64, 35, 29, 32, 0, 0, 0, 0, 1, 0, 0, 0, 1, 16, 4, 1, 1, 1, 164447, 1, 2631152, 0, 0, 0, 1, 0, 16, 0, 0, 0, 0, 0, 0, 0, 0, 0, 0, 0, 0, 0, 0, 0, 0, 1, 1, )
time 0 = 85270 us
loop counter = (0, 64, 42, 22, 32, 0, 0, 0, 0, 1, 0, 0, 0, 1, 16, 4, 1, 1, 1, 168779, 1, 2700464, 0, 0, 0, 1, 0, 16, 0, 0, 0, 0, 0, 0, 0, 0, 0, 0, 0, 0, 0, 0, 0, 0, 1, 1, )
time 0 = 88340 us
loop counter = (0, 64, 43, 21, 32, 0, 0, 0, 0, 1, 0, 0, 0, 1, 16, 4, 1, 1, 1, 24111, 1, 385776, 0, 0, 0, 1, 0, 16, 0, 0, 0, 0, 0, 0, 0, 0, 0, 0, 0, 0, 0, 0, 0, 0, 1, 1, )
time 0 = 12625 us
loop counter = (0, 64, 45, 19, 32, 0, 0, 0, 0, 1, 0, 0, 0, 1, 16, 4, 1, 1, 1, 38559, 1, 616944, 0, 0, 0, 1, 0, 16, 0, 0, 0, 0, 0, 0, 0, 0, 0, 0, 0, 0, 0, 0, 0, 0, 1, 1, )
time 0 = 20094 us
loop counter = (0, 64, 42, 22, 32, 0, 0, 0, 0, 1, 0, 0, 0, 1, 16, 4, 1, 1, 1, 151478, 1, 2423648, 0, 0, 0, 1, 0, 16, 0, 0, 0, 0, 0, 0, 0, 0, 0, 0, 0, 0, 0, 0, 0, 0, 1, 1, )
time 0 = 79019 us
loop counter = (0, 64, 46, 18, 32, 0, 0, 0, 0, 1, 0, 0, 0, 1, 16, 4, 1, 1, 1, 36145, 1, 578320, 0, 0, 0, 1, 0, 16, 0, 0, 0, 0, 0, 0, 0, 0, 0, 0, 0, 0, 0, 0, 0, 0, 1, 1, )
time 0 = 18705 us
loop counter = (0, 64, 36, 28, 32, 0, 0, 0, 0, 1, 0, 0, 0, 1, 16, 4, 1, 1, 1, 156529, 1, 2504464, 0, 0, 0, 1, 0, 16, 0, 0, 0, 0, 0, 0, 0, 0, 0, 0, 0, 0, 0, 0, 0, 0, 1, 1, )
time 0 = 81207 us
loop counter = (0, 64, 40, 24, 32, 0, 0, 0, 0, 1, 0, 0, 0, 1, 16, 4, 1, 1, 1, 145995, 1, 2335920, 0, 0, 0, 1, 0, 16, 0, 0, 0, 0, 0, 0, 0, 0, 0, 0, 0, 0, 0, 0, 0, 0, 1, 1, )
time 0 = 75647 us
loop counter = (0, 64, 43, 21, 32, 0, 0, 0, 0, 1, 0, 0, 0, 1, 16, 4, 1, 1, 1, 3823, 1, 61168, 0, 0, 0, 1, 0, 16, 0, 0, 0, 0, 0, 0, 0, 0, 0, 0, 0, 0, 0, 0, 0, 0, 1, 1, )
time 0 = 2084 us
loop counter = (0, 64, 48, 16, 32, 0, 0, 0, 0, 1, 0, 0, 0, 1, 16, 4, 1, 1, 1, 184709, 1, 2955344, 0, 0, 0, 1, 0, 16, 0, 0, 0, 0, 0, 0, 0, 0, 0, 0, 0, 0, 0, 0, 0, 0, 1, 1, )
time 0 = 95714 us
loop counter = (0, 64, 38, 26, 32, 0, 0, 0, 0, 1, 0, 0, 0, 1, 16, 4, 1, 1, 1, 236431, 1, 3782896, 0, 0, 0, 1, 0, 16, 0, 0, 0, 0, 0, 0, 0, 0, 0, 0, 0, 0, 0, 0, 0, 0, 1, 1, )
time 0 = 126313 us
loop counter = (0, 64, 42, 22, 32, 0, 0, 0, 0, 1, 0, 0, 0, 1, 16, 4, 1, 1, 1, 56149, 1, 898384, 0, 0, 0, 1, 0, 16, 0, 0, 0, 0, 0, 0, 0, 0, 0, 0, 0, 0, 0, 0, 0, 0, 1, 1, )
time 0 = 29955 us
loop counter = (0, 64, 42, 22, 32, 0, 0, 0, 0, 1, 0, 0, 0, 1, 16, 4, 1, 1, 1, 100776, 1, 1612416, 0, 0, 0, 1, 0, 16, 0, 0, 0, 0, 0, 0, 0, 0, 0, 0, 0, 0, 0, 0, 0, 0, 1, 1, )
time 0 = 52072 us
loop counter = (0, 64, 51, 13, 32, 0, 0, 0, 0, 1, 0, 0, 0, 1, 16, 4, 1, 1, 1, 59157, 1, 946512, 0, 0, 0, 1, 0, 16, 0, 0, 0, 0, 0, 0, 0, 0, 0, 0, 0, 0, 0, 0, 0, 0, 1, 1, )
time 0 = 30867 us
loop counter = (0, 64, 40, 24, 32, 0, 0, 0, 0, 1, 0, 0, 0, 1, 16, 4, 1, 1, 1, 208692, 1, 3339072, 0, 0, 0, 1, 0, 16, 0, 0, 0, 0, 0, 0, 0, 0, 0, 0, 0, 0, 0, 0, 0, 0, 1, 1, )
time 0 = 108888 us
loop counter = (0, 64, 40, 24, 32, 0, 0, 0, 0, 1, 0, 0, 0, 1, 16, 4, 1, 1, 1, 166857, 1, 2669712, 0, 0, 0, 1, 0, 16, 0, 0, 0, 0, 0, 0, 0, 0, 0, 0, 0, 0, 0, 0, 0, 0, 1, 1, )
time 0 = 87246 us
loop counter = (0, 64, 47, 17, 32, 0, 0, 0, 0, 1, 0, 0, 0, 1, 16, 4, 1, 1, 1, 77091, 1, 1233456, 0, 0, 0, 1, 0, 16, 0, 0, 0, 0, 0, 0, 0, 0, 0, 0, 0, 0, 0, 0, 0, 0, 1, 1, )
time 0 = 39962 us
loop counter = (0, 64, 44, 20, 32, 0, 0, 0, 0, 1, 0, 0, 0, 1, 16, 4, 1, 1, 1, 74355, 1, 1189680, 0, 0, 0, 1, 0, 16, 0, 0, 0, 0, 0, 0, 0, 0, 0, 0, 0, 0, 0, 0, 0, 0, 1, 1, )
time 0 = 38448 us
loop counter = (0, 64, 35, 29, 32, 0, 0, 0, 0, 1, 0, 0, 0, 1, 16, 4, 1, 1, 1, 40538, 1, 648608, 0, 0, 0, 1, 0, 16, 0, 0, 0, 0, 0, 0, 0, 0, 0, 0, 0, 0, 0, 0, 0, 0, 1, 1, )
time 0 = 21026 us
loop counter = (0, 64, 47, 17, 32, 0, 0, 0, 0, 1, 0, 0, 0, 1, 16, 4, 1, 1, 1, 212519, 1, 3400304, 0, 0, 0, 1, 0, 16, 0, 0, 0, 0, 0, 0, 0, 0, 0, 0, 0, 0, 0, 0, 0, 0, 1, 1, )
time 0 = 112071 us
loop counter = (0, 64, 42, 22, 32, 0, 0, 0, 0, 1, 0, 0, 0, 1, 16, 4, 1, 1, 1, 6491, 1, 103856, 0, 0, 0, 1, 0, 16, 0, 0, 0, 0, 0, 0, 0, 0, 0, 0, 0, 0, 0, 0, 0, 0, 1, 1, )
time 0 = 3468 us
loop counter = (0, 64, 36, 28, 32, 0, 0, 0, 0, 1, 0, 0, 0, 1, 16, 4, 1, 1, 1, 107015, 1, 1712240, 0, 0, 0, 1, 0, 16, 0, 0, 0, 0, 0, 0, 0, 0, 0, 0, 0, 0, 0, 0, 0, 0, 1, 1, )
time 0 = 55562 us
loop counter = (0, 64, 42, 22, 32, 0, 0, 0, 0, 1, 0, 0, 0, 1, 16, 4, 1, 1, 1, 27573, 1, 441168, 0, 0, 0, 1, 0, 16, 0, 0, 0, 0, 0, 0, 0, 0, 0, 0, 0, 0, 0, 0, 0, 0, 1, 1, )
time 0 = 14584 us
loop counter = (0, 64, 45, 19, 32, 0, 0, 0, 0, 1, 0, 0, 0, 1, 16, 4, 1, 1, 1, 30443, 1, 487088, 0, 0, 0, 1, 0, 16, 0, 0, 0, 0, 0, 0, 0, 0, 0, 0, 0, 0, 0, 0, 0, 0, 1, 1, )
time 0 = 15779 us
loop counter = (0, 64, 39, 25, 32, 0, 0, 0, 0, 1, 0, 0, 0, 1, 16, 4, 1, 1, 1, 235136, 1, 3762176, 0, 0, 0, 1, 0, 16, 0, 0, 0, 0, 0, 0, 0, 0, 0, 0, 0, 0, 0, 0, 0, 0, 1, 1, )
time 0 = 121893 us
loop counter = (0, 64, 38, 26, 32, 0, 0, 0, 0, 1, 0, 0, 0, 1, 16, 4, 1, 1, 1, 168373, 1, 2693968, 0, 0, 0, 1, 0, 16, 0, 0, 0, 0, 0, 0, 0, 0, 0, 0, 0, 0, 0, 0, 0, 0, 1, 1, )
time 0 = 86774 us
loop counter = (0, 64, 45, 19, 32, 0, 0, 0, 0, 1, 0, 0, 0, 1, 16, 4, 1, 1, 1, 135041, 1, 2160656, 0, 0, 0, 1, 0, 16, 0, 0, 0, 0, 0, 0, 0, 0, 0, 0, 0, 0, 0, 0, 0, 0, 1, 1, )
time 0 = 69911 us
loop counter = (0, 64, 39, 25, 32, 0, 0, 0, 0, 1, 0, 0, 0, 1, 16, 4, 1, 1, 1, 104001, 1, 1664016, 0, 0, 0, 1, 0, 16, 0, 0, 0, 0, 0, 0, 0, 0, 0, 0, 0, 0, 0, 0, 0, 0, 1, 1, )
time 0 = 55005 us
loop counter = (0, 64, 38, 26, 32, 0, 0, 0, 0, 1, 0, 0, 0, 1, 16, 4, 1, 1, 1, 77362, 1, 1237792, 0, 0, 0, 1, 0, 16, 0, 0, 0, 0, 0, 0, 0, 0, 0, 0, 0, 0, 0, 0, 0, 0, 1, 1, )
time 0 = 40532 us
loop counter = (0, 64, 45, 19, 32, 0, 0, 0, 0, 1, 0, 0, 0, 1, 16, 4, 1, 1, 1, 73036, 1, 1168576, 0, 0, 0, 1, 0, 16, 0, 0, 0, 0, 0, 0, 0, 0, 0, 0, 0, 0, 0, 0, 0, 0, 1, 1, )
time 0 = 37719 us
loop counter = (0, 64, 38, 26, 32, 0, 0, 0, 0, 1, 0, 0, 0, 1, 16, 4, 1, 1, 1, 82629, 1, 1322064, 0, 0, 0, 1, 0, 16, 0, 0, 0, 0, 0, 0, 0, 0, 0, 0, 0, 0, 0, 0, 0, 0, 1, 1, )
time 0 = 42907 us
loop counter = (0, 64, 37, 27, 32, 0, 0, 0, 0, 1, 0, 0, 0, 1, 16, 4, 1, 1, 1, 222569, 1, 3561104, 0, 0, 0, 1, 0, 16, 0, 0, 0, 0, 0, 0, 0, 0, 0, 0, 0, 0, 0, 0, 0, 0, 1, 1, )
time 0 = 115761 us
loop counter = (0, 64, 44, 20, 32, 0, 0, 0, 0, 1, 0, 0, 0, 1, 16, 4, 1, 1, 1, 147557, 1, 2360912, 0, 0, 0, 1, 0, 16, 0, 0, 0, 0, 0, 0, 0, 0, 0, 0, 0, 0, 0, 0, 0, 0, 1, 1, )
time 0 = 76735 us
loop counter = (0, 64, 34, 30, 32, 0, 0, 0, 0, 1, 0, 0, 0, 1, 16, 4, 1, 1, 1, 150321, 1, 2405136, 0, 0, 0, 1, 0, 16, 0, 0, 0, 0, 0, 0, 0, 0, 0, 0, 0, 0, 0, 0, 0, 0, 1, 1, )
time 0 = 77698 us
loop counter = (0, 64, 41, 23, 32, 0, 0, 0, 0, 1, 0, 0, 0, 1, 16, 4, 1, 1, 1, 211350, 1, 3381600, 0, 0, 0, 1, 0, 16, 0, 0, 0, 0, 0, 0, 0, 0, 0, 0, 0, 0, 0, 0, 0, 0, 1, 1, )
time 0 = 110756 us
loop counter = (0, 64, 44, 20, 32, 0, 0, 0, 0, 1, 0, 0, 0, 1, 16, 4, 1, 1, 1, 204591, 1, 3273456, 0, 0, 0, 1, 0, 16, 0, 0, 0, 0, 0, 0, 0, 0, 0, 0, 0, 0, 0, 0, 0, 0, 1, 1, )
time 0 = 106027 us
loop counter = (0, 64, 42, 22, 32, 0, 0, 0, 0, 1, 0, 0, 0, 1, 16, 4, 1, 1, 1, 196729, 1, 3147664, 0, 0, 0, 1, 0, 16, 0, 0, 0, 0, 0, 0, 0, 0, 0, 0, 0, 0, 0, 0, 0, 0, 1, 1, )
time 0 = 102243 us
loop counter = (0, 64, 45, 19, 32, 0, 0, 0, 0, 1, 0, 0, 0, 1, 16, 4, 1, 1, 1, 35776, 1, 572416, 0, 0, 0, 1, 0, 16, 0, 0, 0, 0, 0, 0, 0, 0, 0, 0, 0, 0, 0, 0, 0, 0, 1, 1, )
time 0 = 18734 us
loop counter = (0, 64, 39, 25, 32, 0, 0, 0, 0, 1, 0, 0, 0, 1, 16, 4, 1, 1, 1, 216401, 1, 3462416, 0, 0, 0, 1, 0, 16, 0, 0, 0, 0, 0, 0, 0, 0, 0, 0, 0, 0, 0, 0, 0, 0, 1, 1, )
time 0 = 113100 us
loop counter = (0, 64, 38, 26, 32, 0, 0, 0, 0, 1, 0, 0, 0, 1, 16, 4, 1, 1, 1, 209095, 1, 3345520, 0, 0, 0, 1, 0, 16, 0, 0, 0, 0, 0, 0, 0, 0, 0, 0, 0, 0, 0, 0, 0, 0, 1, 1, )
time 0 = 108838 us
loop counter = (0, 64, 35, 29, 32, 0, 0, 0, 0, 1, 0, 0, 0, 1, 16, 4, 1, 1, 1, 255240, 1, 4083840, 0, 0, 0, 1, 0, 16, 0, 0, 0, 0, 0, 0, 0, 0, 0, 0, 0, 0, 0, 0, 0, 0, 1, 1, )
time 0 = 133141 us
loop counter = (0, 64, 40, 24, 32, 0, 0, 0, 0, 1, 0, 0, 0, 1, 16, 4, 1, 1, 1, 115681, 1, 1850896, 0, 0, 0, 1, 0, 16, 0, 0, 0, 0, 0, 0, 0, 0, 0, 0, 0, 0, 0, 0, 0, 0, 1, 1, )
time 0 = 59871 us
loop counter = (0, 64, 41, 23, 32, 0, 0, 0, 0, 1, 0, 0, 0, 1, 16, 4, 1, 1, 1, 162286, 1, 2596576, 0, 0, 0, 1, 0, 16, 0, 0, 0, 0, 0, 0, 0, 0, 0, 0, 0, 0, 0, 0, 0, 0, 1, 1, )
time 0 = 84973 us
loop counter = (0, 64, 44, 20, 32, 0, 0, 0, 0, 1, 0, 0, 0, 1, 16, 4, 1, 1, 1, 107255, 1, 1716080, 0, 0, 0, 1, 0, 16, 0, 0, 0, 0, 0, 0, 0, 0, 0, 0, 0, 0, 0, 0, 0, 0, 1, 1, )
time 0 = 55845 us
loop counter = (0, 64, 37, 27, 32, 0, 0, 0, 0, 1, 0, 0, 0, 1, 16, 4, 1, 1, 1, 79126, 1, 1266016, 0, 0, 0, 1, 0, 16, 0, 0, 0, 0, 0, 0, 0, 0, 0, 0, 0, 0, 0, 0, 0, 0, 1, 1, )
time 0 = 41192 us
loop counter = (0, 64, 42, 22, 32, 0, 0, 0, 0, 1, 0, 0, 0, 1, 16, 4, 1, 1, 1, 147486, 1, 2359776, 0, 0, 0, 1, 0, 16, 0, 0, 0, 0, 0, 0, 0, 0, 0, 0, 0, 0, 0, 0, 0, 0, 1, 1, )
time 0 = 76199 us
loop counter = (0, 64, 45, 19, 32, 0, 0, 0, 0, 1, 0, 0, 0, 1, 16, 4, 1, 1, 1, 43273, 1, 692368, 0, 0, 0, 1, 0, 16, 0, 0, 0, 0, 0, 0, 0, 0, 0, 0, 0, 0, 0, 0, 0, 0, 1, 1, )
time 0 = 22322 us
loop counter = (0, 64, 35, 29, 32, 0, 0, 0, 0, 1, 0, 0, 0, 1, 16, 4, 1, 1, 1, 225333, 1, 3605328, 0, 0, 0, 1, 0, 16, 0, 0, 0, 0, 0, 0, 0, 0, 0, 0, 0, 0, 0, 0, 0, 0, 1, 1, )
time 0 = 117146 us
loop counter = (0, 64, 37, 27, 32, 0, 0, 0, 0, 1, 0, 0, 0, 1, 16, 4, 1, 1, 1, 43280, 1, 692480, 0, 0, 0, 1, 0, 16, 0, 0, 0, 0, 0, 0, 0, 0, 0, 0, 0, 0, 0, 0, 0, 0, 1, 1, )
time 0 = 22539 us
loop counter = (0, 64, 40, 24, 32, 0, 0, 0, 0, 1, 0, 0, 0, 1, 16, 4, 1, 1, 1, 267889, 1, 4286224, 0, 0, 0, 1, 0, 16, 0, 0, 0, 0, 0, 0, 0, 0, 0, 0, 0, 0, 0, 0, 0, 0, 1, 1, )
time 0 = 139128 us
loop counter = (0, 64, 41, 23, 32, 0, 0, 0, 0, 1, 0, 0, 0, 1, 16, 4, 1, 1, 1, 228409, 1, 3654544, 0, 0, 0, 1, 0, 16, 0, 0, 0, 0, 0, 0, 0, 0, 0, 0, 0, 0, 0, 0, 0, 0, 1, 1, )
time 0 = 120570 us
loop counter = (0, 64, 41, 23, 32, 0, 0, 0, 0, 1, 0, 0, 0, 1, 16, 4, 1, 1, 1, 269997, 1, 4319952, 0, 0, 0, 1, 0, 16, 0, 0, 0, 0, 0, 0, 0, 0, 0, 0, 0, 0, 0, 0, 0, 0, 1, 1, )
time 0 = 141007 us
loop counter = (0, 64, 38, 26, 32, 0, 0, 0, 0, 1, 0, 0, 0, 1, 16, 4, 1, 1, 1, 113529, 1, 1816464, 0, 0, 0, 1, 0, 16, 0, 0, 0, 0, 0, 0, 0, 0, 0, 0, 0, 0, 0, 0, 0, 0, 1, 1, )
time 0 = 58576 us
loop counter = (0, 64, 40, 24, 32, 0, 0, 0, 0, 1, 0, 0, 0, 1, 16, 4, 1, 1, 1, 61856, 1, 989696, 0, 0, 0, 1, 0, 16, 0, 0, 0, 0, 0, 0, 0, 0, 0, 0, 0, 0, 0, 0, 0, 0, 1, 1, )
time 0 = 31968 us
loop counter = (0, 64, 42, 22, 32, 0, 0, 0, 0, 1, 0, 0, 0, 1, 16, 4, 1, 1, 1, 162741, 1, 2603856, 0, 0, 0, 1, 0, 16, 0, 0, 0, 0, 0, 0, 0, 0, 0, 0, 0, 0, 0, 0, 0, 0, 1, 1, )
time 0 = 84441 us
loop counter = (0, 64, 36, 28, 32, 0, 0, 0, 0, 1, 0, 0, 0, 1, 16, 4, 1, 1, 1, 75860, 1, 1213760, 0, 0, 0, 1, 0, 16, 0, 0, 0, 0, 0, 0, 0, 0, 0, 0, 0, 0, 0, 0, 0, 0, 1, 1, )
time 0 = 39235 us
loop counter = (0, 64, 38, 26, 32, 0, 0, 0, 0, 1, 0, 0, 0, 1, 16, 4, 1, 1, 1, 92664, 1, 1482624, 0, 0, 0, 1, 0, 16, 0, 0, 0, 0, 0, 0, 0, 0, 0, 0, 0, 0, 0, 0, 0, 0, 1, 1, )
time 0 = 48357 us
loop counter = (0, 64, 38, 26, 32, 0, 0, 0, 0, 1, 0, 0, 0, 1, 16, 4, 1, 1, 1, 162544, 1, 2600704, 0, 0, 0, 1, 0, 16, 0, 0, 0, 0, 0, 0, 0, 0, 0, 0, 0, 0, 0, 0, 0, 0, 1, 1, )
time 0 = 86045 us
