loop counter = (0, 64, 40, 24, 32, 0, 0, 0, 0, 1, 0, 0, 0, 1, 16, 4, 1, 1, 1, 63941, 1, 1023056, 0, 0, 0, 1, 0, 16, 0, 0, 0, 0, 0, 0, 0, 0, 0, 0, 0, 0, 0, 0, 0, 0, 1, 1, )
time 0 = 33097 us
loop counter = (0, 64, 45, 19, 32, 0, 0, 0, 0, 1, 0, 0, 0, 1, 16, 4, 1, 1, 1, 27068, 1, 433088, 0, 0, 0, 1, 0, 16, 0, 0, 0, 0, 0, 0, 0, 0, 0, 0, 0, 0, 0, 0, 0, 0, 1, 1, )
time 0 = 14650 us
loop counter = (0, 64, 41, 23, 32, 0, 0, 0, 0, 1, 0, 0, 0, 1, 16, 4, 1, 1, 1, 135773, 1, 2172368, 0, 0, 0, 1, 0, 16, 0, 0, 0, 0, 0, 0, 0, 0, 0, 0, 0, 0, 0, 0, 0, 0, 1, 1, )
time 0 = 70191 us
loop counter = (0, 64, 41, 23, 32, 0, 0, 0, 0, 1, 0, 0, 0, 1, 16, 4, 1, 1, 1, 290139, 1, 4642224, 0, 0, 0, 1, 0, 16, 0, 0, 0, 0, 0, 0, 0, 0, 0, 0, 0, 0, 0, 0, 0, 0, 1, 1, )
time 0 = 150938 us
loop counter = (0, 64, 48, 16, 32, 0, 0, 0, 0, 1, 0, 0, 0, 1, 16, 4, 1, 1, 1, 282288, 1, 4516608, 0, 0, 0, 1, 0, 16, 0, 0, 0, 0, 0, 0, 0, 0, 0, 0, 0, 0, 0, 0, 0, 0, 1, 1, )
time 0 = 146704 us
loop counter = (0, 64, 39, 25, 32, 0, 0, 0, 0, 1, 0, 0, 0, 1, 16, 4, 1, 1, 1, 52442, 1, 839072, 0, 0, 0, 1, 0, 16, 0, 0, 0, 0, 0, 0, 0, 0, 0, 0, 0, 0, 0, 0, 0, 0, 1, 1, )
time 0 = 27215 us
loop counter = (0, 64, 42, 22, 32, 0, 0, 0, 0, 1, 0, 0, 0, 1, 16, 4, 1, 1, 1, 193182, 1, 3090912, 0, 0, 0, 1, 0, 16, 0, 0, 0, 0, 0, 0, 0, 0, 0, 0, 0, 0, 0, 0, 0, 0, 1, 1, )
time 0 = 100427 us
loop counter = (0, 64, 41, 23, 32, 0, 0, 0, 0, 1, 0, 0, 0, 1, 16, 4, 1, 1, 1, 227296, 1, 3636736, 0, 0, 0, 1, 0, 16, 0, 0, 0, 0, 0, 0, 0, 0, 0, 0, 0, 0, 0, 0, 0, 0, 1, 1, )
time 0 = 119149 us
loop counter = (0, 64, 43, 21, 32, 0, 0, 0, 0, 1, 0, 0, 0, 1, 16, 4, 1, 1, 1, 297629, 1, 4762064, 0, 0, 0, 1, 0, 16, 0, 0, 0, 0, 0, 0, 0, 0, 0, 0, 0, 0, 0, 0, 0, 0, 1, 1, )
time 0 = 153411 us
loop counter = (0, 64, 40, 24, 32, 0, 0, 0, 0, 1, 0, 0, 0, 1, 16, 4, 1, 1, 1, 229754, 1, 3676064, 0, 0, 0, 1, 0, 16, 0, 0, 0, 0, 0, 0, 0, 0, 0, 0, 0, 0, 0, 0, 0, 0, 1, 1, )
time 0 = 119157 us
loop counter = (0, 64, 42, 22, 32, 0, 0, 0, 0, 1, 0, 0, 0, 1, 16, 4, 1, 1, 1, 164840, 1, 2637440, 0, 0, 0, 1, 0, 16, 0, 0, 0, 0, 0, 0, 0, 0, 0, 0, 0, 0, 0, 0, 0, 0, 1, 1, )
time 0 = 86634 us
loop counter = (0, 64, 34, 30, 32, 0, 0, 0, 0, 1, 0, 0, 0, 1, 16, 4, 1, 1, 1, 48323, 1, 773168, 0, 0, 0, 1, 0, 16, 0, 0, 0, 0, 0, 0, 0, 0, 0, 0, 0, 0, 0, 0, 0, 0, 1, 1, )
time 0 = 25091 us
loop counter = (0, 64, 40, 24, 32, 0, 0, 0, 0, 1, 0, 0, 0, 1, 16, 4, 1, 1, 1, 82179, 1, 1314864, 0, 0, 0, 1, 0, 16, 0, 0, 0, 0, 0, 0, 0, 0, 0, 0, 0, 0, 0, 0, 0, 0, 1, 1, )
time 0 = 42634 us
loop counter = (0, 64, 34, 30, 32, 0, 0, 0, 0, 1, 0, 0, 0, 1, 16, 4, 1, 1, 1, 54617, 1, 873872, 0, 0, 0, 1, 0, 16, 0, 0, 0, 0, 0, 0, 0, 0, 0, 0, 0, 0, 0, 0, 0, 0, 1, 1, )
time 0 = 28315 us
loop counter = (0, 64, 32, 32, 32, 0, 0, 0, 0, 1, 0, 0, 0, 1, 16, 4, 1, 1, 1, 105279, 1, 1684464, 0, 0, 0, 1, 0, 16, 0, 0, 0, 0, 0, 0, 0, 0, 0, 0, 0, 0, 0, 0, 0, 0, 1, 1, )
time 0 = 54256 us
loop counter = (0, 64, 41, 23, 32, 0, 0, 0, 0, 1, 0, 0, 0, 1, 16, 4, 1, 1, 1, 276177, 1, 4418832, 0, 0, 0, 1, 0, 16, 0, 0, 0, 0, 0, 0, 0, 0, 0, 0, 0, 0, 0, 0, 0, 0, 1, 1, )
time 0 = 143425 us
loop counter = (0, 64, 42, 22, 32, 0, 0, 0, 0, 1, 0, 0, 0, 1, 16, 4, 1, 1, 1, 117056, 1, 1872896, 0, 0, 0, 1, 0, 16, 0, 0, 0, 0, 0, 0, 0, 0, 0, 0, 0, 0, 0, 0, 0, 0, 1, 1, )
time 0 = 60703 us
loop counter = (0, 64, 39, 25, 32, 0, 0, 0, 0, 1, 0, 0, 0, 1, 16, 4, 1, 1, 1, 14626, 1, 234016, 0, 0, 0, 1, 0, 16, 0, 0, 0, 0, 0, 0, 0, 0, 0, 0, 0, 0, 0, 0, 0, 0, 1, 1, )
time 0 = 7641 us
loop counter = (0, 64, 36, 28, 32, 0, 0, 0, 0, 1, 0, 0, 0, 1, 16, 4, 1, 1, 1, 160900, 1, 2574400, 0, 0, 0, 1, 0, 16, 0, 0, 0, 0, 0, 0, 0, 0, 0, 0, 0, 0, 0, 0, 0, 0, 1, 1, )
time 0 = 85054 us
loop counter = (0, 64, 41, 23, 32, 0, 0, 0, 0, 1, 0, 0, 0, 1, 16, 4, 1, 1, 1, 1959, 1, 31344, 0, 0, 0, 1, 0, 16, 0, 0, 0, 0, 0, 0, 0, 0, 0, 0, 0, 0, 0, 0, 0, 0, 1, 1, )
time 0 = 1143 us
loop counter = (0, 64, 35, 29, 32, 0, 0, 0, 0, 1, 0, 0, 0, 1, 16, 4, 1, 1, 1, 45850, 1, 733600, 0, 0, 0, 1, 0, 16, 0, 0, 0, 0, 0, 0, 0, 0, 0, 0, 0, 0, 0, 0, 0, 0, 1, 1, )
time 0 = 23638 us
loop counter = (0, 64, 45, 19, 32, 0, 0, 0, 0, 1, 0, 0, 0, 1, 16, 4, 1, 1, 1, 59101, 1, 945616, 0, 0, 0, 1, 0, 16, 0, 0, 0, 0, 0, 0, 0, 0, 0, 0, 0, 0, 0, 0, 0, 0, 1, 1, )
time 0 = 30544 us
loop counter = (0, 64, 42, 22, 32, 0, 0, 0, 0, 1, 0, 0, 0, 1, 16, 4, 1, 1, 1, 3605, 1, 57680, 0, 0, 0, 1, 0, 16, 0, 0, 0, 0, 0, 0, 0, 0, 0, 0, 0, 0, 0, 0, 0, 0, 1, 1, )
time 0 = 2109 us
loop counter = (0, 64, 42, 22, 32, 0, 0, 0, 0, 1, 0, 0, 0, 1, 16, 4, 1, 1, 1, 181581, 1, 2905296, 0, 0, 0, 1, 0, 16, 0, 0, 0, 0, 0, 0, 0, 0, 0, 0, 0, 0, 0, 0, 0, 0, 1, 1, )
time 0 = 94236 us
loop counter = (0, 64, 41, 23, 32, 0, 0, 0, 0, 1, 0, 0, 0, 1, 16, 4, 1, 1, 1, 245580, 1, 3929280, 0, 0, 0, 1, 0, 16, 0, 0, 0, 0, 0, 0, 0, 0, 0, 0, 0, 0, 0, 0, 0, 0, 1, 1, )
time 0 = 128232 us
loop counter = (0, 64, 46, 18, 32, 0, 0, 0, 0, 1, 0, 0, 0, 1, 16, 4, 1, 1, 1, 259852, 1, 4157632, 0, 0, 0, 1, 0, 16, 0, 0, 0, 0, 0, 0, 0, 0, 0, 0, 0, 0, 0, 0, 0, 0, 1, 1, )
time 0 = 139446 us
loop counter = (0, 64, 43, 21, 32, 0, 0, 0, 0, 1, 0, 0, 0, 1, 16, 4, 1, 1, 1, 89650, 1, 1434400, 0, 0, 0, 1, 0, 16, 0, 0, 0, 0, 0, 0, 0, 0, 0, 0, 0, 0, 0, 0, 0, 0, 1, 1, )
time 0 = 46448 us
loop counter = (0, 64, 44, 20, 32, 0, 0, 0, 0, 1, 0, 0, 0, 1, 16, 4, 1, 1, 1, 78091, 1, 1249456, 0, 0, 0, 1, 0, 16, 0, 0, 0, 0, 0, 0, 0, 0, 0, 0, 0, 0, 0, 0, 0, 0, 1, 1, )
time 0 = 40413 us
loop counter = (0, 64, 40, 24, 32, 0, 0, 0, 0, 1, 0, 0, 0, 1, 16, 4, 1, 1, 1, 172072, 1, 2753152, 0, 0, 0, 1, 0, 16, 0, 0, 0, 0, 0, 0, 0, 0, 0, 0, 0, 0, 0, 0, 0, 0, 1, 1, )
time 0 = 90113 us
loop counter = (0, 64, 37, 27, 32, 0, 0, 0, 0, 1, 0, 0, 0, 1, 16, 4, 1, 1, 1, 226165, 1, 3618640, 0, 0, 0, 1, 0, 16, 0, 0, 0, 0, 0, 0, 0, 0, 0, 0, 0, 0, 0, 0, 0, 0, 1, 1, )
time 0 = 117557 us
loop counter = (0, 64, 38, 26, 32, 0, 0, 0, 0, 1, 0, 0, 0, 1, 16, 4, 1, 1, 1, 92827, 1, 1485232, 0, 0, 0, 1, 0, 16, 0, 0, 0, 0, 0, 0, 0, 0, 0, 0, 0, 0, 0, 0, 0, 0, 1, 1, )
time 0 = 47830 us
loop counter = (0, 64, 42, 22, 32, 0, 0, 0, 0, 1, 0, 0, 0, 1, 16, 4, 1, 1, 1, 186060, 1, 2976960, 0, 0, 0, 1, 0, 16, 0, 0, 0, 0, 0, 0, 0, 0, 0, 0, 0, 0, 0, 0, 0, 0, 1, 1, )
time 0 = 97034 us
loop counter = (0, 64, 39, 25, 32, 0, 0, 0, 0, 1, 0, 0, 0, 1, 16, 4, 1, 1, 1, 137293, 1, 2196688, 0, 0, 0, 1, 0, 16, 0, 0, 0, 0, 0, 0, 0, 0, 0, 0, 0, 0, 0, 0, 0, 0, 1, 1, )
time 0 = 71237 us
loop counter = (0, 64, 42, 22, 32, 0, 0, 0, 0, 1, 0, 0, 0, 1, 16, 4, 1, 1, 1, 253378, 1, 4054048, 0, 0, 0, 1, 0, 16, 0, 0, 0, 0, 0, 0, 0, 0, 0, 0, 0, 0, 0, 0, 0, 0, 1, 1, )
time 0 = 132420 us
loop counter = (0, 64, 34, 30, 32, 0, 0, 0, 0, 1, 0, 0, 0, 1, 16, 4, 1, 1, 1, 228817, 1, 3661072, 0, 0, 0, 1, 0, 16, 0, 0, 0, 0, 0, 0, 0, 0, 0, 0, 0, 0, 0, 0, 0, 0, 1, 1, )
time 0 = 119756 us
loop counter = (0, 64, 42, 22, 32, 0, 0, 0, 0, 1, 0, 0, 0, 1, 16, 4, 1, 1, 1, 37627, 1, 602032, 0, 0, 0, 1, 0, 16, 0, 0, 0, 0, 0, 0, 0, 0, 0, 0, 0, 0, 0, 0, 0, 0, 1, 1, )
time 0 = 19498 us
loop counter = (0, 64, 40, 24, 32, 0, 0, 0, 0, 1, 0, 0, 0, 1, 16, 4, 1, 1, 1, 222541, 1, 3560656, 0, 0, 0, 1, 0, 16, 0, 0, 0, 0, 0, 0, 0, 0, 0, 0, 0, 0, 0, 0, 0, 0, 1, 1, )
time 0 = 115450 us
loop counter = (0, 64, 44, 20, 32, 0, 0, 0, 0, 1, 0, 0, 0, 1, 16, 4, 1, 1, 1, 126391, 1, 2022256, 0, 0, 0, 1, 0, 16, 0, 0, 0, 0, 0, 0, 0, 0, 0, 0, 0, 0, 0, 0, 0, 0, 1, 1, )
time 0 = 66173 us
loop counter = (0, 64, 39, 25, 32, 0, 0, 0, 0, 1, 0, 0, 0, 1, 16, 4, 1, 1, 1, 80744, 1, 1291904, 0, 0, 0, 1, 0, 16, 0, 0, 0, 0, 0, 0, 0, 0, 0, 0, 0, 0, 0, 0, 0, 0, 1, 1, )
time 0 = 41637 us
loop counter = (0, 64, 35, 29, 32, 0, 0, 0, 0, 1, 0, 0, 0, 1, 16, 4, 1, 1, 1, 159395, 1, 2550320, 0, 0, 0, 1, 0, 16, 0, 0, 0, 0, 0, 0, 0, 0, 0, 0, 0, 0, 0, 0, 0, 0, 1, 1, )
time 0 = 82770 us
loop counter = (0, 64, 40, 24, 32, 0, 0, 0, 0, 1, 0, 0, 0, 1, 16, 4, 1, 1, 1, 72408, 1, 1158528, 0, 0, 0, 1, 0, 16, 0, 0, 0, 0, 0, 0, 0, 0, 0, 0, 0, 0, 0, 0, 0, 0, 1, 1, )
time 0 = 37549 us
loop counter = (0, 64, 42, 22, 32, 0, 0, 0, 0, 1, 0, 0, 0, 1, 16, 4, 1, 1, 1, 56165, 1, 898640, 0, 0, 0, 1, 0, 16, 0, 0, 0, 0, 0, 0, 0, 0, 0, 0, 0, 0, 0, 0, 0, 0, 1, 1, )
time 0 = 29769 us
loop counter = (0, 64, 39, 25, 32, 0, 0, 0, 0, 1, 0, 0, 0, 1, 16, 4, 1, 1, 1, 243187, 1, 3890992, 0, 0, 0, 1, 0, 16, 0, 0, 0, 0, 0, 0, 0, 0, 0, 0, 0, 0, 0, 0, 0, 0, 1, 1, )
time 0 = 126846 us
loop counter = (0, 64, 41, 23, 32, 0, 0, 0, 0, 1, 0, 0, 0, 1, 16, 4, 1, 1, 1, 192752, 1, 3084032, 0, 0, 0, 1, 0, 16, 0, 0, 0, 0, 0, 0, 0, 0, 0, 0, 0, 0, 0, 0, 0, 0, 1, 1, )
time 0 = 100445 us
loop counter = (0, 64, 33, 31, 32, 0, 0, 0, 0, 1, 0, 0, 0, 1, 16, 4, 1, 1, 1, 222036, 1, 3552576, 0, 0, 0, 1, 0, 16, 0, 0, 0, 0, 0, 0, 0, 0, 0, 0, 0, 0, 0, 0, 0, 0, 1, 1, )
time 0 = 114834 us
loop counter = (0, 64, 39, 25, 32, 0, 0, 0, 0, 1, 0, 0, 0, 1, 16, 4, 1, 1, 1, 95816, 1, 1533056, 0, 0, 0, 1, 0, 16, 0, 0, 0, 0, 0, 0, 0, 0, 0, 0, 0, 0, 0, 0, 0, 0, 1, 1, )
time 0 = 49213 us
loop counter = (0, 64, 37, 27, 32, 0, 0, 0, 0, 1, 0, 0, 0, 1, 16, 4, 1, 1, 1, 240584, 1, 3849344, 0, 0, 0, 1, 0, 16, 0, 0, 0, 0, 0, 0, 0, 0, 0, 0, 0, 0, 0, 0, 0, 0, 1, 1, )
time 0 = 126040 us
loop counter = (0, 64, 43, 21, 32, 0, 0, 0, 0, 1, 0, 0, 0, 1, 16, 4, 1, 1, 1, 122257, 1, 1956112, 0, 0, 0, 1, 0, 16, 0, 0, 0, 0, 0, 0, 0, 0, 0, 0, 0, 0, 0, 0, 0, 0, 1, 1, )
time 0 = 64148 us
loop counter = (0, 64, 41, 23, 32, 0, 0, 0, 0, 1, 0, 0, 0, 1, 16, 4, 1, 1, 1, 142667, 1, 2282672, 0, 0, 0, 1, 0, 16, 0, 0, 0, 0, 0, 0, 0, 0, 0, 0, 0, 0, 0, 0, 0, 0, 1, 1, )
time 0 = 74919 us
loop counter = (0, 64, 42, 22, 32, 0, 0, 0, 0, 1, 0, 0, 0, 1, 16, 4, 1, 1, 1, 227070, 1, 3633120, 0, 0, 0, 1, 0, 16, 0, 0, 0, 0, 0, 0, 0, 0, 0, 0, 0, 0, 0, 0, 0, 0, 1, 1, )
time 0 = 124837 us
loop counter = (0, 64, 38, 26, 32, 0, 0, 0, 0, 1, 0, 0, 0, 1, 16, 4, 1, 1, 1, 26881, 1, 430096, 0, 0, 0, 1, 0, 16, 0, 0, 0, 0, 0, 0, 0, 0, 0, 0, 0, 0, 0, 0, 0, 0, 1, 1, )
time 0 = 13984 us
loop counter = (0, 64, 39, 25, 32, 0, 0, 0, 0, 1, 0, 0, 0, 1, 16, 4, 1, 1, 1, 220988, 1, 3535808, 0, 0, 0, 1, 0, 16, 0, 0, 0, 0, 0, 0, 0, 0, 0, 0, 0, 0, 0, 0, 0, 0, 1, 1, )
time 0 = 115609 us
loop counter = (0, 64, 38, 26, 32, 0, 0, 0, 0, 1, 0, 0, 0, 1, 16, 4, 1, 1, 1, 152578, 1, 2441248, 0, 0, 0, 1, 0, 16, 0, 0, 0, 0, 0, 0, 0, 0, 0, 0, 0, 0, 0, 0, 0, 0, 1, 1, )
time 0 = 80018 us
loop counter = (0, 64, 31, 33, 32, 0, 0, 0, 0, 1, 0, 0, 0, 1, 16, 4, 1, 1, 1, 267921, 1, 4286736, 0, 0, 0, 1, 0, 16, 0, 0, 0, 0, 0, 0, 0, 0, 0, 0, 0, 0, 0, 0, 0, 0, 1, 1, )
time 0 = 140013 us
loop counter = (0, 64, 40, 24, 32, 0, 0, 0, 0, 1, 0, 0, 0, 1, 16, 4, 1, 1, 1, 204869, 1, 3277904, 0, 0, 0, 1, 0, 16, 0, 0, 0, 0, 0, 0, 0, 0, 0, 0, 0, 0, 0, 0, 0, 0, 1, 1, )
time 0 = 105544 us
loop counter = (0, 64, 39, 25, 32, 0, 0, 0, 0, 1, 0, 0, 0, 1, 16, 4, 1, 1, 1, 48885, 1, 782160, 0, 0, 0, 1, 0, 16, 0, 0, 0, 0, 0, 0, 0, 0, 0, 0, 0, 0, 0, 0, 0, 0, 1, 1, )
time 0 = 25301 us
loop counter = (0, 64, 37, 27, 32, 0, 0, 0, 0, 1, 0, 0, 0, 1, 16, 4, 1, 1, 1, 227777, 1, 3644432, 0, 0, 0, 1, 0, 16, 0, 0, 0, 0, 0, 0, 0, 0, 0, 0, 0, 0, 0, 0, 0, 0, 1, 1, )
time 0 = 118842 us
loop counter = (0, 64, 43, 21, 32, 0, 0, 0, 0, 1, 0, 0, 0, 1, 16, 4, 1, 1, 1, 13119, 1, 209904, 0, 0, 0, 1, 0, 16, 0, 0, 0, 0, 0, 0, 0, 0, 0, 0, 0, 0, 0, 0, 0, 0, 1, 1, )
time 0 = 6855 us
loop counter = (0, 64, 37, 27, 32, 0, 0, 0, 0, 1, 0, 0, 0, 1, 16, 4, 1, 1, 1, 105546, 1, 1688736, 0, 0, 0, 1, 0, 16, 0, 0, 0, 0, 0, 0, 0, 0, 0, 0, 0, 0, 0, 0, 0, 0, 1, 1, )
time 0 = 54376 us
loop counter = (0, 64, 36, 28, 32, 0, 0, 0, 0, 1, 0, 0, 0, 1, 16, 4, 1, 1, 1, 72256, 1, 1156096, 0, 0, 0, 1, 0, 16, 0, 0, 0, 0, 0, 0, 0, 0, 0, 0, 0, 0, 0, 0, 0, 0, 1, 1, )
time 0 = 37310 us
loop counter = (0, 64, 42, 22, 32, 0, 0, 0, 0, 1, 0, 0, 0, 1, 16, 4, 1, 1, 1, 96496, 1, 1543936, 0, 0, 0, 1, 0, 16, 0, 0, 0, 0, 0, 0, 0, 0, 0, 0, 0, 0, 0, 0, 0, 0, 1, 1, )
time 0 = 49685 us
loop counter = (0, 64, 37, 27, 32, 0, 0, 0, 0, 1, 0, 0, 0, 1, 16, 4, 1, 1, 1, 256828, 1, 4109248, 0, 0, 0, 1, 0, 16, 0, 0, 0, 0, 0, 0, 0, 0, 0, 0, 0, 0, 0, 0, 0, 0, 1, 1, )
time 0 = 137119 us
loop counter = (0, 64, 42, 22, 32, 0, 0, 0, 0, 1, 0, 0, 0, 1, 16, 4, 1, 1, 1, 287617, 1, 4601872, 0, 0, 0, 1, 0, 16, 0, 0, 0, 0, 0, 0, 0, 0, 0, 0, 0, 0, 0, 0, 0, 0, 1, 1, )
time 0 = 148982 us
loop counter = (0, 64, 37, 27, 32, 0, 0, 0, 0, 1, 0, 0, 0, 1, 16, 4, 1, 1, 1, 210112, 1, 3361792, 0, 0, 0, 1, 0, 16, 0, 0, 0, 0, 0, 0, 0, 0, 0, 0, 0, 0, 0, 0, 0, 0, 1, 1, )
time 0 = 109423 us
loop counter = (0, 64, 38, 26, 32, 0, 0, 0, 0, 1, 0, 0, 0, 1, 16, 4, 1, 1, 1, 212523, 1, 3400368, 0, 0, 0, 1, 0, 16, 0, 0, 0, 0, 0, 0, 0, 0, 0, 0, 0, 0, 0, 0, 0, 0, 1, 1, )
time 0 = 110659 us
loop counter = (0, 64, 35, 29, 32, 0, 0, 0, 0, 1, 0, 0, 0, 1, 16, 4, 1, 1, 1, 7345, 1, 117520, 0, 0, 0, 1, 0, 16, 0, 0, 0, 0, 0, 0, 0, 0, 0, 0, 0, 0, 0, 0, 0, 0, 1, 1, )
time 0 = 3886 us
loop counter = (0, 64, 36, 28, 32, 0, 0, 0, 0, 1, 0, 0, 0, 1, 16, 4, 1, 1, 1, 45505, 1, 728080, 0, 0, 0, 1, 0, 16, 0, 0, 0, 0, 0, 0, 0, 0, 0, 0, 0, 0, 0, 0, 0, 0, 1, 1, )
time 0 = 23648 us
loop counter = (0, 64, 38, 26, 32, 0, 0, 0, 0, 1, 0, 0, 0, 1, 16, 4, 1, 1, 1, 47272, 1, 756352, 0, 0, 0, 1, 0, 16, 0, 0, 0, 0, 0, 0, 0, 0, 0, 0, 0, 0, 0, 0, 0, 0, 1, 1, )
time 0 = 24743 us
loop counter = (0, 64, 37, 27, 32, 0, 0, 0, 0, 1, 0, 0, 0, 1, 16, 4, 1, 1, 1, 122148, 1, 1954368, 0, 0, 0, 1, 0, 16, 0, 0, 0, 0, 0, 0, 0, 0, 0, 0, 0, 0, 0, 0, 0, 0, 1, 1, )
time 0 = 63510 us
loop counter = (0, 64, 43, 21, 32, 0, 0, 0, 0, 1, 0, 0, 0, 1, 16, 4, 1, 1, 1, 188290, 1, 3012640, 0, 0, 0, 1, 0, 16, 0, 0, 0, 0, 0, 0, 0, 0, 0, 0, 0, 0, 0, 0, 0, 0, 1, 1, )
time 0 = 97867 us
loop counter = (0, 64, 36, 28, 32, 0, 0, 0, 0, 1, 0, 0, 0, 1, 16, 4, 1, 1, 1, 245118, 1, 3921888, 0, 0, 0, 1, 0, 16, 0, 0, 0, 0, 0, 0, 0, 0, 0, 0, 0, 0, 0, 0, 0, 0, 1, 1, )
time 0 = 128161 us
loop counter = (0, 64, 40, 24, 32, 0, 0, 0, 0, 1, 0, 0, 0, 1, 16, 4, 1, 1, 1, 95988, 1, 1535808, 0, 0, 0, 1, 0, 16, 0, 0, 0, 0, 0, 0, 0, 0, 0, 0, 0, 0, 0, 0, 0, 0, 1, 1, )
time 0 = 49703 us
loop counter = (0, 64, 39, 25, 32, 0, 0, 0, 0, 1, 0, 0, 0, 1, 16, 4, 1, 1, 1, 29644, 1, 474304, 0, 0, 0, 1, 0, 16, 0, 0, 0, 0, 0, 0, 0, 0, 0, 0, 0, 0, 0, 0, 0, 0, 1, 1, )
time 0 = 15327 us
loop counter = (0, 64, 35, 29, 32, 0, 0, 0, 0, 1, 0, 0, 0, 1, 16, 4, 1, 1, 1, 231981, 1, 3711696, 0, 0, 0, 1, 0, 16, 0, 0, 0, 0, 0, 0, 0, 0, 0, 0, 0, 0, 0, 0, 0, 0, 1, 1, )
time 0 = 120720 us
loop counter = (0, 64, 37, 27, 32, 0, 0, 0, 0, 1, 0, 0, 0, 1, 16, 4, 1, 1, 1, 61890, 1, 990240, 0, 0, 0, 1, 0, 16, 0, 0, 0, 0, 0, 0, 0, 0, 0, 0, 0, 0, 0, 0, 0, 0, 1, 1, )
time 0 = 32130 us
loop counter = (0, 64, 49, 15, 32, 0, 0, 0, 0, 1, 0, 0, 0, 1, 16, 4, 1, 1, 1, 144361, 1, 2309776, 0, 0, 0, 1, 0, 16, 0, 0, 0, 0, 0, 0, 0, 0, 0, 0, 0, 0, 0, 0, 0, 0, 1, 1, )
time 0 = 74267 us
loop counter = (0, 64, 34, 30, 32, 0, 0, 0, 0, 1, 0, 0, 0, 1, 16, 4, 1, 1, 1, 170856, 1, 2733696, 0, 0, 0, 1, 0, 16, 0, 0, 0, 0, 0, 0, 0, 0, 0, 0, 0, 0, 0, 0, 0, 0, 1, 1, )
time 0 = 88302 us
loop counter = (0, 64, 42, 22, 32, 0, 0, 0, 0, 1, 0, 0, 0, 1, 16, 4, 1, 1, 1, 25571, 1, 409136, 0, 0, 0, 1, 0, 16, 0, 0, 0, 0, 0, 0, 0, 0, 0, 0, 0, 0, 0, 0, 0, 0, 1, 1, )
time 0 = 13557 us
loop counter = (0, 64, 40, 24, 32, 0, 0, 0, 0, 1, 0, 0, 0, 1, 16, 4, 1, 1, 1, 51427, 1, 822832, 0, 0, 0, 1, 0, 16, 0, 0, 0, 0, 0, 0, 0, 0, 0, 0, 0, 0, 0, 0, 0, 0, 1, 1, )
time 0 = 26874 us
loop counter = (0, 64, 41, 23, 32, 0, 0, 0, 0, 1, 0, 0, 0, 1, 16, 4, 1, 1, 1, 232778, 1, 3724448, 0, 0, 0, 1, 0, 16, 0, 0, 0, 0, 0, 0, 0, 0, 0, 0, 0, 0, 0, 0, 0, 0, 1, 1, )
time 0 = 121378 us
loop counter = (0, 64, 39, 25, 32, 0, 0, 0, 0, 1, 0, 0, 0, 1, 16, 4, 1, 1, 1, 165614, 1, 2649824, 0, 0, 0, 1, 0, 16, 0, 0, 0, 0, 0, 0, 0, 0, 0, 0, 0, 0, 0, 0, 0, 0, 1, 1, )
time 0 = 85748 us
loop counter = (0, 64, 39, 25, 32, 0, 0, 0, 0, 1, 0, 0, 0, 1, 16, 4, 1, 1, 1, 94268, 1, 1508288, 0, 0, 0, 1, 0, 16, 0, 0, 0, 0, 0, 0, 0, 0, 0, 0, 0, 0, 0, 0, 0, 0, 1, 1, )
time 0 = 48814 us
loop counter = (0, 64, 40, 24, 32, 0, 0, 0, 0, 1, 0, 0, 0, 1, 16, 4, 1, 1, 1, 185131, 1, 2962096, 0, 0, 0, 1, 0, 16, 0, 0, 0, 0, 0, 0, 0, 0, 0, 0, 0, 0, 0, 0, 0, 0, 1, 1, )
time 0 = 96131 us
loop counter = (0, 64, 35, 29, 32, 0, 0, 0, 0, 1, 0, 0, 0, 1, 16, 4, 1, 1, 1, 109740, 1, 1755840, 0, 0, 0, 1, 0, 16, 0, 0, 0, 0, 0, 0, 0, 0, 0, 0, 0, 0, 0, 0, 0, 0, 1, 1, )
time 0 = 58024 us
loop counter = (0, 64, 37, 27, 32, 0, 0, 0, 0, 1, 0, 0, 0, 1, 16, 4, 1, 1, 1, 175763, 1, 2812208, 0, 0, 0, 1, 0, 16, 0, 0, 0, 0, 0, 0, 0, 0, 0, 0, 0, 0, 0, 0, 0, 0, 1, 1, )
time 0 = 91323 us
loop counter = (0, 64, 43, 21, 32, 0, 0, 0, 0, 1, 0, 0, 0, 1, 16, 4, 1, 1, 1, 195763, 1, 3132208, 0, 0, 0, 1, 0, 16, 0, 0, 0, 0, 0, 0, 0, 0, 0, 0, 0, 0, 0, 0, 0, 0, 1, 1, )
time 0 = 101383 us
loop counter = (0, 64, 38, 26, 32, 0, 0, 0, 0, 1, 0, 0, 0, 1, 16, 4, 1, 1, 1, 33275, 1, 532400, 0, 0, 0, 1, 0, 16, 0, 0, 0, 0, 0, 0, 0, 0, 0, 0, 0, 0, 0, 0, 0, 0, 1, 1, )
time 0 = 17323 us
loop counter = (0, 64, 43, 21, 32, 0, 0, 0, 0, 1, 0, 0, 0, 1, 16, 4, 1, 1, 1, 196337, 1, 3141392, 0, 0, 0, 1, 0, 16, 0, 0, 0, 0, 0, 0, 0, 0, 0, 0, 0, 0, 0, 0, 0, 0, 1, 1, )
time 0 = 102566 us
loop counter = (0, 64, 39, 25, 32, 0, 0, 0, 0, 1, 0, 0, 0, 1, 16, 4, 1, 1, 1, 287196, 1, 4595136, 0, 0, 0, 1, 0, 16, 0, 0, 0, 0, 0, 0, 0, 0, 0, 0, 0, 0, 0, 0, 0, 0, 1, 1, )
time 0 = 149150 us
loop counter = (0, 64, 36, 28, 32, 0, 0, 0, 0, 1, 0, 0, 0, 1, 16, 4, 1, 1, 1, 239512, 1, 3832192, 0, 0, 0, 1, 0, 16, 0, 0, 0, 0, 0, 0, 0, 0, 0, 0, 0, 0, 0, 0, 0, 0, 1, 1, )
time 0 = 126485 us
loop counter = (0, 64, 38, 26, 32, 0, 0, 0, 0, 1, 0, 0, 0, 1, 16, 4, 1, 1, 1, 279531, 1, 4472496, 0, 0, 0, 1, 0, 16, 0, 0, 0, 0, 0, 0, 0, 0, 0, 0, 0, 0, 0, 0, 0, 0, 1, 1, )
time 0 = 145597 us
loop counter = (0, 64, 43, 21, 32, 0, 0, 0, 0, 1, 0, 0, 0, 1, 16, 4, 1, 1, 1, 122210, 1, 1955360, 0, 0, 0, 1, 0, 16, 0, 0, 0, 0, 0, 0, 0, 0, 0, 0, 0, 0, 0, 0, 0, 0, 1, 1, )
time 0 = 63449 us
loop counter = (0, 64, 43, 21, 32, 0, 0, 0, 0, 1, 0, 0, 0, 1, 16, 4, 1, 1, 1, 1195, 1, 19120, 0, 0, 0, 1, 0, 16, 0, 0, 0, 0, 0, 0, 0, 0, 0, 0, 0, 0, 0, 0, 0, 0, 1, 1, )
time 0 = 755 us
loop counter = (0, 64, 42, 22, 32, 0, 0, 0, 0, 1, 0, 0, 0, 1, 16, 4, 1, 1, 1, 128049, 1, 2048784, 0, 0, 0, 1, 0, 16, 0, 0, 0, 0, 0, 0, 0, 0, 0, 0, 0, 0, 0, 0, 0, 0, 1, 1, )
time 0 = 66124 us
loop counter = (0, 64, 44, 20, 32, 0, 0, 0, 0, 1, 0, 0, 0, 1, 16, 4, 1, 1, 1, 226185, 1, 3618960, 0, 0, 0, 1, 0, 16, 0, 0, 0, 0, 0, 0, 0, 0, 0, 0, 0, 0, 0, 0, 0, 0, 1, 1, )
time 0 = 117374 us
loop counter = (0, 64, 32, 32, 32, 0, 0, 0, 0, 1, 0, 0, 0, 1, 16, 4, 1, 1, 1, 16865, 1, 269840, 0, 0, 0, 1, 0, 16, 0, 0, 0, 0, 0, 0, 0, 0, 0, 0, 0, 0, 0, 0, 0, 0, 1, 1, )
time 0 = 8884 us
loop counter = (0, 64, 38, 26, 32, 0, 0, 0, 0, 1, 0, 0, 0, 1, 16, 4, 1, 1, 1, 271488, 1, 4343808, 0, 0, 0, 1, 0, 16, 0, 0, 0, 0, 0, 0, 0, 0, 0, 0, 0, 0, 0, 0, 0, 0, 1, 1, )
time 0 = 140607 us
loop counter = (0, 64, 32, 32, 32, 0, 0, 0, 0, 1, 0, 0, 0, 1, 16, 4, 1, 1, 1, 104101, 1, 1665616, 0, 0, 0, 1, 0, 16, 0, 0, 0, 0, 0, 0, 0, 0, 0, 0, 0, 0, 0, 0, 0, 0, 1, 1, )
time 0 = 53909 us
loop counter = (0, 64, 35, 29, 32, 0, 0, 0, 0, 1, 0, 0, 0, 1, 16, 4, 1, 1, 1, 294369, 1, 4709904, 0, 0, 0, 1, 0, 16, 0, 0, 0, 0, 0, 0, 0, 0, 0, 0, 0, 0, 0, 0, 0, 0, 1, 1, )
time 0 = 153234 us
loop counter = (0, 64, 44, 20, 32, 0, 0, 0, 0, 1, 0, 0, 0, 1, 16, 4, 1, 1, 1, 15416, 1, 246656, 0, 0, 0, 1, 0, 16, 0, 0, 0, 0, 0, 0, 0, 0, 0, 0, 0, 0, 0, 0, 0, 0, 1, 1, )
time 0 = 8206 us
