loop counter = (0, 64, 47, 17, 32, 0, 0, 0, 0, 1, 0, 0, 0, 1, 16, 4, 1, 1, 1, 273182, 1, 4370912, 0, 0, 0, 1, 0, 16, 0, 0, 0, 0, 0, 0, 0, 0, 0, 0, 0, 0, 0, 0, 0, 0, 1, 1, )
time 0 = 143973 us
loop counter = (0, 64, 39, 25, 32, 0, 0, 0, 0, 1, 0, 0, 0, 1, 16, 4, 1, 1, 1, 29228, 1, 467648, 0, 0, 0, 1, 0, 16, 0, 0, 0, 0, 0, 0, 0, 0, 0, 0, 0, 0, 0, 0, 0, 0, 1, 1, )
time 0 = 15212 us
loop counter = (0, 64, 39, 25, 32, 0, 0, 0, 0, 1, 0, 0, 0, 1, 16, 4, 1, 1, 1, 243124, 1, 3889984, 0, 0, 0, 1, 0, 16, 0, 0, 0, 0, 0, 0, 0, 0, 0, 0, 0, 0, 0, 0, 0, 0, 1, 1, )
time 0 = 126139 us
loop counter = (0, 64, 44, 20, 32, 0, 0, 0, 0, 1, 0, 0, 0, 1, 16, 4, 1, 1, 1, 219740, 1, 3515840, 0, 0, 0, 1, 0, 16, 0, 0, 0, 0, 0, 0, 0, 0, 0, 0, 0, 0, 0, 0, 0, 0, 1, 1, )
time 0 = 113591 us
loop counter = (0, 64, 52, 12, 32, 0, 0, 0, 0, 1, 0, 0, 0, 1, 16, 4, 1, 1, 1, 147557, 1, 2360912, 0, 0, 0, 1, 0, 16, 0, 0, 0, 0, 0, 0, 0, 0, 0, 0, 0, 0, 0, 0, 0, 0, 1, 1, )
time 0 = 76289 us
loop counter = (0, 64, 43, 21, 32, 0, 0, 0, 0, 1, 0, 0, 0, 1, 16, 4, 1, 1, 1, 96706, 1, 1547296, 0, 0, 0, 1, 0, 16, 0, 0, 0, 0, 0, 0, 0, 0, 0, 0, 0, 0, 0, 0, 0, 0, 1, 1, )
time 0 = 49868 us
loop counter = (0, 64, 37, 27, 32, 0, 0, 0, 0, 1, 0, 0, 0, 1, 16, 4, 1, 1, 1, 129987, 1, 2079792, 0, 0, 0, 1, 0, 16, 0, 0, 0, 0, 0, 0, 0, 0, 0, 0, 0, 0, 0, 0, 0, 0, 1, 1, )
time 0 = 69247 us
loop counter = (0, 64, 42, 22, 32, 0, 0, 0, 0, 1, 0, 0, 0, 1, 16, 4, 1, 1, 1, 270807, 1, 4332912, 0, 0, 0, 1, 0, 16, 0, 0, 0, 0, 0, 0, 0, 0, 0, 0, 0, 0, 0, 0, 0, 0, 1, 1, )
time 0 = 141154 us
loop counter = (0, 64, 35, 29, 32, 0, 0, 0, 0, 1, 0, 0, 0, 1, 16, 4, 1, 1, 1, 19204, 1, 307264, 0, 0, 0, 1, 0, 16, 0, 0, 0, 0, 0, 0, 0, 0, 0, 0, 0, 0, 0, 0, 0, 0, 1, 1, )
time 0 = 10331 us
loop counter = (0, 64, 40, 24, 32, 0, 0, 0, 0, 1, 0, 0, 0, 1, 16, 4, 1, 1, 1, 244338, 1, 3909408, 0, 0, 0, 1, 0, 16, 0, 0, 0, 0, 0, 0, 0, 0, 0, 0, 0, 0, 0, 0, 0, 0, 1, 1, )
time 0 = 127425 us
loop counter = (0, 64, 38, 26, 32, 0, 0, 0, 0, 1, 0, 0, 0, 1, 16, 4, 1, 1, 1, 81592, 1, 1305472, 0, 0, 0, 1, 0, 16, 0, 0, 0, 0, 0, 0, 0, 0, 0, 0, 0, 0, 0, 0, 0, 0, 1, 1, )
time 0 = 41973 us
loop counter = (0, 64, 39, 25, 32, 0, 0, 0, 0, 1, 0, 0, 0, 1, 16, 4, 1, 1, 1, 159524, 1, 2552384, 0, 0, 0, 1, 0, 16, 0, 0, 0, 0, 0, 0, 0, 0, 0, 0, 0, 0, 0, 0, 0, 0, 1, 1, )
time 0 = 84092 us
loop counter = (0, 64, 32, 32, 32, 0, 0, 0, 0, 1, 0, 0, 0, 1, 16, 4, 1, 1, 1, 211697, 1, 3387152, 0, 0, 0, 1, 0, 16, 0, 0, 0, 0, 0, 0, 0, 0, 0, 0, 0, 0, 0, 0, 0, 0, 1, 1, )
time 0 = 110562 us
loop counter = (0, 64, 42, 22, 32, 0, 0, 0, 0, 1, 0, 0, 0, 1, 16, 4, 1, 1, 1, 227715, 1, 3643440, 0, 0, 0, 1, 0, 16, 0, 0, 0, 0, 0, 0, 0, 0, 0, 0, 0, 0, 0, 0, 0, 0, 1, 1, )
time 0 = 118242 us
loop counter = (0, 64, 48, 16, 32, 0, 0, 0, 0, 1, 0, 0, 0, 1, 16, 4, 1, 1, 1, 14612, 1, 233792, 0, 0, 0, 1, 0, 16, 0, 0, 0, 0, 0, 0, 0, 0, 0, 0, 0, 0, 0, 0, 0, 0, 1, 1, )
time 0 = 7637 us
loop counter = (0, 64, 34, 30, 32, 0, 0, 0, 0, 1, 0, 0, 0, 1, 16, 4, 1, 1, 1, 253817, 1, 4061072, 0, 0, 0, 1, 0, 16, 0, 0, 0, 0, 0, 0, 0, 0, 0, 0, 0, 0, 0, 0, 0, 0, 1, 1, )
time 0 = 132772 us
loop counter = (0, 64, 41, 23, 32, 0, 0, 0, 0, 1, 0, 0, 0, 1, 16, 4, 1, 1, 1, 213379, 1, 3414064, 0, 0, 0, 1, 0, 16, 0, 0, 0, 0, 0, 0, 0, 0, 0, 0, 0, 0, 0, 0, 0, 0, 1, 1, )
time 0 = 111023 us
loop counter = (0, 64, 38, 26, 32, 0, 0, 0, 0, 1, 0, 0, 0, 1, 16, 4, 1, 1, 1, 288838, 1, 4621408, 0, 0, 0, 1, 0, 16, 0, 0, 0, 0, 0, 0, 0, 0, 0, 0, 0, 0, 0, 0, 0, 0, 1, 1, )
time 0 = 149990 us
loop counter = (0, 64, 36, 28, 32, 0, 0, 0, 0, 1, 0, 0, 0, 1, 16, 4, 1, 1, 1, 106962, 1, 1711392, 0, 0, 0, 1, 0, 16, 0, 0, 0, 0, 0, 0, 0, 0, 0, 0, 0, 0, 0, 0, 0, 0, 1, 1, )
time 0 = 55113 us
loop counter = (0, 64, 43, 21, 32, 0, 0, 0, 0, 1, 0, 0, 0, 1, 16, 4, 1, 1, 1, 52623, 1, 841968, 0, 0, 0, 1, 0, 16, 0, 0, 0, 0, 0, 0, 0, 0, 0, 0, 0, 0, 0, 0, 0, 0, 1, 1, )
time 0 = 27212 us
loop counter = (0, 64, 45, 19, 32, 0, 0, 0, 0, 1, 0, 0, 0, 1, 16, 4, 1, 1, 1, 199383, 1, 3190128, 0, 0, 0, 1, 0, 16, 0, 0, 0, 0, 0, 0, 0, 0, 0, 0, 0, 0, 0, 0, 0, 0, 1, 1, )
time 0 = 103951 us
loop counter = (0, 64, 35, 29, 32, 0, 0, 0, 0, 1, 0, 0, 0, 1, 16, 4, 1, 1, 1, 113751, 1, 1820016, 0, 0, 0, 1, 0, 16, 0, 0, 0, 0, 0, 0, 0, 0, 0, 0, 0, 0, 0, 0, 0, 0, 1, 1, )
time 0 = 58756 us
loop counter = (0, 64, 37, 27, 32, 0, 0, 0, 0, 1, 0, 0, 0, 1, 16, 4, 1, 1, 1, 202960, 1, 3247360, 0, 0, 0, 1, 0, 16, 0, 0, 0, 0, 0, 0, 0, 0, 0, 0, 0, 0, 0, 0, 0, 0, 1, 1, )
time 0 = 106906 us
loop counter = (0, 64, 42, 22, 32, 0, 0, 0, 0, 1, 0, 0, 0, 1, 16, 4, 1, 1, 1, 127085, 1, 2033360, 0, 0, 0, 1, 0, 16, 0, 0, 0, 0, 0, 0, 0, 0, 0, 0, 0, 0, 0, 0, 0, 0, 1, 1, )
time 0 = 65925 us
loop counter = (0, 64, 41, 23, 32, 0, 0, 0, 0, 1, 0, 0, 0, 1, 16, 4, 1, 1, 1, 145790, 1, 2332640, 0, 0, 0, 1, 0, 16, 0, 0, 0, 0, 0, 0, 0, 0, 0, 0, 0, 0, 0, 0, 0, 0, 1, 1, )
time 0 = 75329 us
loop counter = (0, 64, 44, 20, 32, 0, 0, 0, 0, 1, 0, 0, 0, 1, 16, 4, 1, 1, 1, 222660, 1, 3562560, 0, 0, 0, 1, 0, 16, 0, 0, 0, 0, 0, 0, 0, 0, 0, 0, 0, 0, 0, 0, 0, 0, 1, 1, )
time 0 = 115480 us
loop counter = (0, 64, 34, 30, 32, 0, 0, 0, 0, 1, 0, 0, 0, 1, 16, 4, 1, 1, 1, 186705, 1, 2987280, 0, 0, 0, 1, 0, 16, 0, 0, 0, 0, 0, 0, 0, 0, 0, 0, 0, 0, 0, 0, 0, 0, 1, 1, )
time 0 = 96511 us
loop counter = (0, 64, 36, 28, 32, 0, 0, 0, 0, 1, 0, 0, 0, 1, 16, 4, 1, 1, 1, 155978, 1, 2495648, 0, 0, 0, 1, 0, 16, 0, 0, 0, 0, 0, 0, 0, 0, 0, 0, 0, 0, 0, 0, 0, 0, 1, 1, )
time 0 = 80889 us
loop counter = (0, 64, 44, 20, 32, 0, 0, 0, 0, 1, 0, 0, 0, 1, 16, 4, 1, 1, 1, 139630, 1, 2234080, 0, 0, 0, 1, 0, 16, 0, 0, 0, 0, 0, 0, 0, 0, 0, 0, 0, 0, 0, 0, 0, 0, 1, 1, )
time 0 = 73296 us
loop counter = (0, 64, 42, 22, 32, 0, 0, 0, 0, 1, 0, 0, 0, 1, 16, 4, 1, 1, 1, 250721, 1, 4011536, 0, 0, 0, 1, 0, 16, 0, 0, 0, 0, 0, 0, 0, 0, 0, 0, 0, 0, 0, 0, 0, 0, 1, 1, )
time 0 = 132277 us
loop counter = (0, 64, 42, 22, 32, 0, 0, 0, 0, 1, 0, 0, 0, 1, 16, 4, 1, 1, 1, 81311, 1, 1300976, 0, 0, 0, 1, 0, 16, 0, 0, 0, 0, 0, 0, 0, 0, 0, 0, 0, 0, 0, 0, 0, 0, 1, 1, )
time 0 = 42167 us
loop counter = (0, 64, 35, 29, 32, 0, 0, 0, 0, 1, 0, 0, 0, 1, 16, 4, 1, 1, 1, 249691, 1, 3995056, 0, 0, 0, 1, 0, 16, 0, 0, 0, 0, 0, 0, 0, 0, 0, 0, 0, 0, 0, 0, 0, 0, 1, 1, )
time 0 = 129933 us
loop counter = (0, 64, 45, 19, 32, 0, 0, 0, 0, 1, 0, 0, 0, 1, 16, 4, 1, 1, 1, 155303, 1, 2484848, 0, 0, 0, 1, 0, 16, 0, 0, 0, 0, 0, 0, 0, 0, 0, 0, 0, 0, 0, 0, 0, 0, 1, 1, )
time 0 = 81908 us
loop counter = (0, 64, 39, 25, 32, 0, 0, 0, 0, 1, 0, 0, 0, 1, 16, 4, 1, 1, 1, 133608, 1, 2137728, 0, 0, 0, 1, 0, 16, 0, 0, 0, 0, 0, 0, 0, 0, 0, 0, 0, 0, 0, 0, 0, 0, 1, 1, )
time 0 = 69443 us
loop counter = (0, 64, 41, 23, 32, 0, 0, 0, 0, 1, 0, 0, 0, 1, 16, 4, 1, 1, 1, 52371, 1, 837936, 0, 0, 0, 1, 0, 16, 0, 0, 0, 0, 0, 0, 0, 0, 0, 0, 0, 0, 0, 0, 0, 0, 1, 1, )
time 0 = 27089 us
loop counter = (0, 64, 37, 27, 32, 0, 0, 0, 0, 1, 0, 0, 0, 1, 16, 4, 1, 1, 1, 192449, 1, 3079184, 0, 0, 0, 1, 0, 16, 0, 0, 0, 0, 0, 0, 0, 0, 0, 0, 0, 0, 0, 0, 0, 0, 1, 1, )
time 0 = 101664 us
loop counter = (0, 64, 47, 17, 32, 0, 0, 0, 0, 1, 0, 0, 0, 1, 16, 4, 1, 1, 1, 143964, 1, 2303424, 0, 0, 0, 1, 0, 16, 0, 0, 0, 0, 0, 0, 0, 0, 0, 0, 0, 0, 0, 0, 0, 0, 1, 1, )
time 0 = 74740 us
loop counter = (0, 64, 38, 26, 32, 0, 0, 0, 0, 1, 0, 0, 0, 1, 16, 4, 1, 1, 1, 224017, 1, 3584272, 0, 0, 0, 1, 0, 16, 0, 0, 0, 0, 0, 0, 0, 0, 0, 0, 0, 0, 0, 0, 0, 0, 1, 1, )
time 0 = 117197 us
loop counter = (0, 64, 42, 22, 32, 0, 0, 0, 0, 1, 0, 0, 0, 1, 16, 4, 1, 1, 1, 239989, 1, 3839824, 0, 0, 0, 1, 0, 16, 0, 0, 0, 0, 0, 0, 0, 0, 0, 0, 0, 0, 0, 0, 0, 0, 1, 1, )
time 0 = 125449 us
loop counter = (0, 64, 39, 25, 32, 0, 0, 0, 0, 1, 0, 0, 0, 1, 16, 4, 1, 1, 1, 57316, 1, 917056, 0, 0, 0, 1, 0, 16, 0, 0, 0, 0, 0, 0, 0, 0, 0, 0, 0, 0, 0, 0, 0, 0, 1, 1, )
time 0 = 29468 us
loop counter = (0, 64, 39, 25, 32, 0, 0, 0, 0, 1, 0, 0, 0, 1, 16, 4, 1, 1, 1, 95110, 1, 1521760, 0, 0, 0, 1, 0, 16, 0, 0, 0, 0, 0, 0, 0, 0, 0, 0, 0, 0, 0, 0, 0, 0, 1, 1, )
time 0 = 49055 us
loop counter = (0, 64, 35, 29, 32, 0, 0, 0, 0, 1, 0, 0, 0, 1, 16, 4, 1, 1, 1, 158509, 1, 2536144, 0, 0, 0, 1, 0, 16, 0, 0, 0, 0, 0, 0, 0, 0, 0, 0, 0, 0, 0, 0, 0, 0, 1, 1, )
time 0 = 82930 us
loop counter = (0, 64, 38, 26, 32, 0, 0, 0, 0, 1, 0, 0, 0, 1, 16, 4, 1, 1, 1, 247700, 1, 3963200, 0, 0, 0, 1, 0, 16, 0, 0, 0, 0, 0, 0, 0, 0, 0, 0, 0, 0, 0, 0, 0, 0, 1, 1, )
time 0 = 128594 us
loop counter = (0, 64, 42, 22, 32, 0, 0, 0, 0, 1, 0, 0, 0, 1, 16, 4, 1, 1, 1, 290538, 1, 4648608, 0, 0, 0, 1, 0, 16, 0, 0, 0, 0, 0, 0, 0, 0, 0, 0, 0, 0, 0, 0, 0, 0, 1, 1, )
time 0 = 151450 us
loop counter = (0, 64, 45, 19, 32, 0, 0, 0, 0, 1, 0, 0, 0, 1, 16, 4, 1, 1, 1, 20386, 1, 326176, 0, 0, 0, 1, 0, 16, 0, 0, 0, 0, 0, 0, 0, 0, 0, 0, 0, 0, 0, 0, 0, 0, 1, 1, )
time 0 = 10619 us
loop counter = (0, 64, 35, 29, 32, 0, 0, 0, 0, 1, 0, 0, 0, 1, 16, 4, 1, 1, 1, 42247, 1, 675952, 0, 0, 0, 1, 0, 16, 0, 0, 0, 0, 0, 0, 0, 0, 0, 0, 0, 0, 0, 0, 0, 0, 1, 1, )
time 0 = 22174 us
loop counter = (0, 64, 40, 24, 32, 0, 0, 0, 0, 1, 0, 0, 0, 1, 16, 4, 1, 1, 1, 59961, 1, 959376, 0, 0, 0, 1, 0, 16, 0, 0, 0, 0, 0, 0, 0, 0, 0, 0, 0, 0, 0, 0, 0, 0, 1, 1, )
time 0 = 31221 us
loop counter = (0, 64, 42, 22, 32, 0, 0, 0, 0, 1, 0, 0, 0, 1, 16, 4, 1, 1, 1, 23831, 1, 381296, 0, 0, 0, 1, 0, 16, 0, 0, 0, 0, 0, 0, 0, 0, 0, 0, 0, 0, 0, 0, 0, 0, 1, 1, )
time 0 = 12376 us
loop counter = (0, 64, 43, 21, 32, 0, 0, 0, 0, 1, 0, 0, 0, 1, 16, 4, 1, 1, 1, 212629, 1, 3402064, 0, 0, 0, 1, 0, 16, 0, 0, 0, 0, 0, 0, 0, 0, 0, 0, 0, 0, 0, 0, 0, 0, 1, 1, )
time 0 = 110512 us
loop counter = (0, 64, 42, 22, 32, 0, 0, 0, 0, 1, 0, 0, 0, 1, 16, 4, 1, 1, 1, 247661, 1, 3962576, 0, 0, 0, 1, 0, 16, 0, 0, 0, 0, 0, 0, 0, 0, 0, 0, 0, 0, 0, 0, 0, 0, 1, 1, )
time 0 = 129124 us
loop counter = (0, 64, 42, 22, 32, 0, 0, 0, 0, 1, 0, 0, 0, 1, 16, 4, 1, 1, 1, 47390, 1, 758240, 0, 0, 0, 1, 0, 16, 0, 0, 0, 0, 0, 0, 0, 0, 0, 0, 0, 0, 0, 0, 0, 0, 1, 1, )
time 0 = 24503 us
loop counter = (0, 64, 38, 26, 32, 0, 0, 0, 0, 1, 0, 0, 0, 1, 16, 4, 1, 1, 1, 27139, 1, 434224, 0, 0, 0, 1, 0, 16, 0, 0, 0, 0, 0, 0, 0, 0, 0, 0, 0, 0, 0, 0, 0, 0, 1, 1, )
time 0 = 14223 us
loop counter = (0, 64, 35, 29, 32, 0, 0, 0, 0, 1, 0, 0, 0, 1, 16, 4, 1, 1, 1, 105729, 1, 1691664, 0, 0, 0, 1, 0, 16, 0, 0, 0, 0, 0, 0, 0, 0, 0, 0, 0, 0, 0, 0, 0, 0, 1, 1, )
time 0 = 55375 us
loop counter = (0, 64, 41, 23, 32, 0, 0, 0, 0, 1, 0, 0, 0, 1, 16, 4, 1, 1, 1, 84904, 1, 1358464, 0, 0, 0, 1, 0, 16, 0, 0, 0, 0, 0, 0, 0, 0, 0, 0, 0, 0, 0, 0, 0, 0, 1, 1, )
time 0 = 43717 us
loop counter = (0, 64, 35, 29, 32, 0, 0, 0, 0, 1, 0, 0, 0, 1, 16, 4, 1, 1, 1, 156694, 1, 2507104, 0, 0, 0, 1, 0, 16, 0, 0, 0, 0, 0, 0, 0, 0, 0, 0, 0, 0, 0, 0, 0, 0, 1, 1, )
time 0 = 83218 us
loop counter = (0, 64, 38, 26, 32, 0, 0, 0, 0, 1, 0, 0, 0, 1, 16, 4, 1, 1, 1, 230548, 1, 3688768, 0, 0, 0, 1, 0, 16, 0, 0, 0, 0, 0, 0, 0, 0, 0, 0, 0, 0, 0, 0, 0, 0, 1, 1, )
time 0 = 120129 us
loop counter = (0, 64, 40, 24, 32, 0, 0, 0, 0, 1, 0, 0, 0, 1, 16, 4, 1, 1, 1, 207989, 1, 3327824, 0, 0, 0, 1, 0, 16, 0, 0, 0, 0, 0, 0, 0, 0, 0, 0, 0, 0, 0, 0, 0, 0, 1, 1, )
time 0 = 109652 us
loop counter = (0, 64, 45, 19, 32, 0, 0, 0, 0, 1, 0, 0, 0, 1, 16, 4, 1, 1, 1, 10723, 1, 171568, 0, 0, 0, 1, 0, 16, 0, 0, 0, 0, 0, 0, 0, 0, 0, 0, 0, 0, 0, 0, 0, 0, 1, 1, )
time 0 = 5616 us
loop counter = (0, 64, 44, 20, 32, 0, 0, 0, 0, 1, 0, 0, 0, 1, 16, 4, 1, 1, 1, 243589, 1, 3897424, 0, 0, 0, 1, 0, 16, 0, 0, 0, 0, 0, 0, 0, 0, 0, 0, 0, 0, 0, 0, 0, 0, 1, 1, )
time 0 = 126607 us
loop counter = (0, 64, 37, 27, 32, 0, 0, 0, 0, 1, 0, 0, 0, 1, 16, 4, 1, 1, 1, 168237, 1, 2691792, 0, 0, 0, 1, 0, 16, 0, 0, 0, 0, 0, 0, 0, 0, 0, 0, 0, 0, 0, 0, 0, 0, 1, 1, )
time 0 = 87105 us
loop counter = (0, 64, 43, 21, 32, 0, 0, 0, 0, 1, 0, 0, 0, 1, 16, 4, 1, 1, 1, 99680, 1, 1594880, 0, 0, 0, 1, 0, 16, 0, 0, 0, 0, 0, 0, 0, 0, 0, 0, 0, 0, 0, 0, 0, 0, 1, 1, )
time 0 = 51644 us
loop counter = (0, 64, 40, 24, 32, 0, 0, 0, 0, 1, 0, 0, 0, 1, 16, 4, 1, 1, 1, 104278, 1, 1668448, 0, 0, 0, 1, 0, 16, 0, 0, 0, 0, 0, 0, 0, 0, 0, 0, 0, 0, 0, 0, 0, 0, 1, 1, )
time 0 = 54201 us
loop counter = (0, 64, 46, 18, 32, 0, 0, 0, 0, 1, 0, 0, 0, 1, 16, 4, 1, 1, 1, 5920, 1, 94720, 0, 0, 0, 1, 0, 16, 0, 0, 0, 0, 0, 0, 0, 0, 0, 0, 0, 0, 0, 0, 0, 0, 1, 1, )
time 0 = 3162 us
loop counter = (0, 64, 46, 18, 32, 0, 0, 0, 0, 1, 0, 0, 0, 1, 16, 4, 1, 1, 1, 76081, 1, 1217296, 0, 0, 0, 1, 0, 16, 0, 0, 0, 0, 0, 0, 0, 0, 0, 0, 0, 0, 0, 0, 0, 0, 1, 1, )
time 0 = 39508 us
loop counter = (0, 64, 37, 27, 32, 0, 0, 0, 0, 1, 0, 0, 0, 1, 16, 4, 1, 1, 1, 76150, 1, 1218400, 0, 0, 0, 1, 0, 16, 0, 0, 0, 0, 0, 0, 0, 0, 0, 0, 0, 0, 0, 0, 0, 0, 1, 1, )
time 0 = 39795 us
loop counter = (0, 64, 39, 25, 32, 0, 0, 0, 0, 1, 0, 0, 0, 1, 16, 4, 1, 1, 1, 8296, 1, 132736, 0, 0, 0, 1, 0, 16, 0, 0, 0, 0, 0, 0, 0, 0, 0, 0, 0, 0, 0, 0, 0, 0, 1, 1, )
time 0 = 4500 us
loop counter = (0, 64, 34, 30, 32, 0, 0, 0, 0, 1, 0, 0, 0, 1, 16, 4, 1, 1, 1, 85088, 1, 1361408, 0, 0, 0, 1, 0, 16, 0, 0, 0, 0, 0, 0, 0, 0, 0, 0, 0, 0, 0, 0, 0, 0, 1, 1, )
time 0 = 44084 us
loop counter = (0, 64, 41, 23, 32, 0, 0, 0, 0, 1, 0, 0, 0, 1, 16, 4, 1, 1, 1, 51467, 1, 823472, 0, 0, 0, 1, 0, 16, 0, 0, 0, 0, 0, 0, 0, 0, 0, 0, 0, 0, 0, 0, 0, 0, 1, 1, )
time 0 = 26762 us
loop counter = (0, 64, 40, 24, 32, 0, 0, 0, 0, 1, 0, 0, 0, 1, 16, 4, 1, 1, 1, 192103, 1, 3073648, 0, 0, 0, 1, 0, 16, 0, 0, 0, 0, 0, 0, 0, 0, 0, 0, 0, 0, 0, 0, 0, 0, 1, 1, )
time 0 = 100319 us
loop counter = (0, 64, 35, 29, 32, 0, 0, 0, 0, 1, 0, 0, 0, 1, 16, 4, 1, 1, 1, 8524, 1, 136384, 0, 0, 0, 1, 0, 16, 0, 0, 0, 0, 0, 0, 0, 0, 0, 0, 0, 0, 0, 0, 0, 0, 1, 1, )
time 0 = 4604 us
loop counter = (0, 64, 40, 24, 32, 0, 0, 0, 0, 1, 0, 0, 0, 1, 16, 4, 1, 1, 1, 9495, 1, 151920, 0, 0, 0, 1, 0, 16, 0, 0, 0, 0, 0, 0, 0, 0, 0, 0, 0, 0, 0, 0, 0, 0, 1, 1, )
time 0 = 5029 us
loop counter = (0, 64, 37, 27, 32, 0, 0, 0, 0, 1, 0, 0, 0, 1, 16, 4, 1, 1, 1, 37910, 1, 606560, 0, 0, 0, 1, 0, 16, 0, 0, 0, 0, 0, 0, 0, 0, 0, 0, 0, 0, 0, 0, 0, 0, 1, 1, )
time 0 = 19940 us
loop counter = (0, 64, 38, 26, 32, 0, 0, 0, 0, 1, 0, 0, 0, 1, 16, 4, 1, 1, 1, 41276, 1, 660416, 0, 0, 0, 1, 0, 16, 0, 0, 0, 0, 0, 0, 0, 0, 0, 0, 0, 0, 0, 0, 0, 0, 1, 1, )
time 0 = 21442 us
loop counter = (0, 64, 42, 22, 32, 0, 0, 0, 0, 1, 0, 0, 0, 1, 16, 4, 1, 1, 1, 86418, 1, 1382688, 0, 0, 0, 1, 0, 16, 0, 0, 0, 0, 0, 0, 0, 0, 0, 0, 0, 0, 0, 0, 0, 0, 1, 1, )
time 0 = 44673 us
loop counter = (0, 64, 35, 29, 32, 0, 0, 0, 0, 1, 0, 0, 0, 1, 16, 4, 1, 1, 1, 165406, 1, 2646496, 0, 0, 0, 1, 0, 16, 0, 0, 0, 0, 0, 0, 0, 0, 0, 0, 0, 0, 0, 0, 0, 0, 1, 1, )
time 0 = 85443 us
loop counter = (0, 64, 45, 19, 32, 0, 0, 0, 0, 1, 0, 0, 0, 1, 16, 4, 1, 1, 1, 188870, 1, 3021920, 0, 0, 0, 1, 0, 16, 0, 0, 0, 0, 0, 0, 0, 0, 0, 0, 0, 0, 0, 0, 0, 0, 1, 1, )
time 0 = 98007 us
loop counter = (0, 64, 34, 30, 32, 0, 0, 0, 0, 1, 0, 0, 0, 1, 16, 4, 1, 1, 1, 269609, 1, 4313744, 0, 0, 0, 1, 0, 16, 0, 0, 0, 0, 0, 0, 0, 0, 0, 0, 0, 0, 0, 0, 0, 0, 1, 1, )
time 0 = 139695 us
loop counter = (0, 64, 43, 21, 32, 0, 0, 0, 0, 1, 0, 0, 0, 1, 16, 4, 1, 1, 1, 180863, 1, 2893808, 0, 0, 0, 1, 0, 16, 0, 0, 0, 0, 0, 0, 0, 0, 0, 0, 0, 0, 0, 0, 0, 0, 1, 1, )
time 0 = 94485 us
loop counter = (0, 64, 35, 29, 32, 0, 0, 0, 0, 1, 0, 0, 0, 1, 16, 4, 1, 1, 1, 95789, 1, 1532624, 0, 0, 0, 1, 0, 16, 0, 0, 0, 0, 0, 0, 0, 0, 0, 0, 0, 0, 0, 0, 0, 0, 1, 1, )
time 0 = 50125 us
loop counter = (0, 64, 38, 26, 32, 0, 0, 0, 0, 1, 0, 0, 0, 1, 16, 4, 1, 1, 1, 133953, 1, 2143248, 0, 0, 0, 1, 0, 16, 0, 0, 0, 0, 0, 0, 0, 0, 0, 0, 0, 0, 0, 0, 0, 0, 1, 1, )
time 0 = 69261 us
loop counter = (0, 64, 46, 18, 32, 0, 0, 0, 0, 1, 0, 0, 0, 1, 16, 4, 1, 1, 1, 95418, 1, 1526688, 0, 0, 0, 1, 0, 16, 0, 0, 0, 0, 0, 0, 0, 0, 0, 0, 0, 0, 0, 0, 0, 0, 1, 1, )
time 0 = 49346 us
loop counter = (0, 64, 33, 31, 32, 0, 0, 0, 0, 1, 0, 0, 0, 1, 16, 4, 1, 1, 1, 16395, 1, 262320, 0, 0, 0, 1, 0, 16, 0, 0, 0, 0, 0, 0, 0, 0, 0, 0, 0, 0, 0, 0, 0, 0, 1, 1, )
time 0 = 8525 us
loop counter = (0, 64, 37, 27, 32, 0, 0, 0, 0, 1, 0, 0, 0, 1, 16, 4, 1, 1, 1, 44308, 1, 708928, 0, 0, 0, 1, 0, 16, 0, 0, 0, 0, 0, 0, 0, 0, 0, 0, 0, 0, 0, 0, 0, 0, 1, 1, )
time 0 = 23024 us
loop counter = (0, 64, 44, 20, 32, 0, 0, 0, 0, 1, 0, 0, 0, 1, 16, 4, 1, 1, 1, 280810, 1, 4492960, 0, 0, 0, 1, 0, 16, 0, 0, 0, 0, 0, 0, 0, 0, 0, 0, 0, 0, 0, 0, 0, 0, 1, 1, )
time 0 = 146023 us
loop counter = (0, 64, 43, 21, 32, 0, 0, 0, 0, 1, 0, 0, 0, 1, 16, 4, 1, 1, 1, 234936, 1, 3758976, 0, 0, 0, 1, 0, 16, 0, 0, 0, 0, 0, 0, 0, 0, 0, 0, 0, 0, 0, 0, 0, 0, 1, 1, )
time 0 = 124242 us
loop counter = (0, 64, 30, 34, 32, 0, 0, 0, 0, 1, 0, 0, 0, 1, 16, 4, 1, 1, 1, 8086, 1, 129376, 0, 0, 0, 1, 0, 16, 0, 0, 0, 0, 0, 0, 0, 0, 0, 0, 0, 0, 0, 0, 0, 0, 1, 1, )
time 0 = 4298 us
loop counter = (0, 64, 39, 25, 32, 0, 0, 0, 0, 1, 0, 0, 0, 1, 16, 4, 1, 1, 1, 4039, 1, 64624, 0, 0, 0, 1, 0, 16, 0, 0, 0, 0, 0, 0, 0, 0, 0, 0, 0, 0, 0, 0, 0, 0, 1, 1, )
time 0 = 2254 us
loop counter = (0, 64, 39, 25, 32, 0, 0, 0, 0, 1, 0, 0, 0, 1, 16, 4, 1, 1, 1, 108847, 1, 1741552, 0, 0, 0, 1, 0, 16, 0, 0, 0, 0, 0, 0, 0, 0, 0, 0, 0, 0, 0, 0, 0, 0, 1, 1, )
time 0 = 56418 us
loop counter = (0, 64, 40, 24, 32, 0, 0, 0, 0, 1, 0, 0, 0, 1, 16, 4, 1, 1, 1, 206196, 1, 3299136, 0, 0, 0, 1, 0, 16, 0, 0, 0, 0, 0, 0, 0, 0, 0, 0, 0, 0, 0, 0, 0, 0, 1, 1, )
time 0 = 107289 us
loop counter = (0, 64, 40, 24, 32, 0, 0, 0, 0, 1, 0, 0, 0, 1, 16, 4, 1, 1, 1, 257461, 1, 4119376, 0, 0, 0, 1, 0, 16, 0, 0, 0, 0, 0, 0, 0, 0, 0, 0, 0, 0, 0, 0, 0, 0, 1, 1, )
time 0 = 134223 us
loop counter = (0, 64, 43, 21, 32, 0, 0, 0, 0, 1, 0, 0, 0, 1, 16, 4, 1, 1, 1, 57767, 1, 924272, 0, 0, 0, 1, 0, 16, 0, 0, 0, 0, 0, 0, 0, 0, 0, 0, 0, 0, 0, 0, 0, 0, 1, 1, )
time 0 = 29841 us
loop counter = (0, 64, 41, 23, 32, 0, 0, 0, 0, 1, 0, 0, 0, 1, 16, 4, 1, 1, 1, 87724, 1, 1403584, 0, 0, 0, 1, 0, 16, 0, 0, 0, 0, 0, 0, 0, 0, 0, 0, 0, 0, 0, 0, 0, 0, 1, 1, )
time 0 = 45379 us
loop counter = (0, 64, 37, 27, 32, 0, 0, 0, 0, 1, 0, 0, 0, 1, 16, 4, 1, 1, 1, 261701, 1, 4187216, 0, 0, 0, 1, 0, 16, 0, 0, 0, 0, 0, 0, 0, 0, 0, 0, 0, 0, 0, 0, 0, 0, 1, 1, )
time 0 = 136502 us
loop counter = (0, 64, 42, 22, 32, 0, 0, 0, 0, 1, 0, 0, 0, 1, 16, 4, 1, 1, 1, 279986, 1, 4479776, 0, 0, 0, 1, 0, 16, 0, 0, 0, 0, 0, 0, 0, 0, 0, 0, 0, 0, 0, 0, 0, 0, 1, 1, )
time 0 = 147130 us
loop counter = (0, 64, 40, 24, 32, 0, 0, 0, 0, 1, 0, 0, 0, 1, 16, 4, 1, 1, 1, 155850, 1, 2493600, 0, 0, 0, 1, 0, 16, 0, 0, 0, 0, 0, 0, 0, 0, 0, 0, 0, 0, 0, 0, 0, 0, 1, 1, )
time 0 = 81201 us
loop counter = (0, 64, 41, 23, 32, 0, 0, 0, 0, 1, 0, 0, 0, 1, 16, 4, 1, 1, 1, 274869, 1, 4397904, 0, 0, 0, 1, 0, 16, 0, 0, 0, 0, 0, 0, 0, 0, 0, 0, 0, 0, 0, 0, 0, 0, 1, 1, )
time 0 = 142712 us
loop counter = (0, 64, 40, 24, 32, 0, 0, 0, 0, 1, 0, 0, 0, 1, 16, 4, 1, 1, 1, 90668, 1, 1450688, 0, 0, 0, 1, 0, 16, 0, 0, 0, 0, 0, 0, 0, 0, 0, 0, 0, 0, 0, 0, 0, 0, 1, 1, )
time 0 = 47100 us
loop counter = (0, 64, 38, 26, 32, 0, 0, 0, 0, 1, 0, 0, 0, 1, 16, 4, 1, 1, 1, 234457, 1, 3751312, 0, 0, 0, 1, 0, 16, 0, 0, 0, 0, 0, 0, 0, 0, 0, 0, 0, 0, 0, 0, 0, 0, 1, 1, )
time 0 = 121951 us
loop counter = (0, 64, 44, 20, 32, 0, 0, 0, 0, 1, 0, 0, 0, 1, 16, 4, 1, 1, 1, 141478, 1, 2263648, 0, 0, 0, 1, 0, 16, 0, 0, 0, 0, 0, 0, 0, 0, 0, 0, 0, 0, 0, 0, 0, 0, 1, 1, )
time 0 = 73143 us
loop counter = (0, 64, 40, 24, 32, 0, 0, 0, 0, 1, 0, 0, 0, 1, 16, 4, 1, 1, 1, 33824, 1, 541184, 0, 0, 0, 1, 0, 16, 0, 0, 0, 0, 0, 0, 0, 0, 0, 0, 0, 0, 0, 0, 0, 0, 1, 1, )
time 0 = 17503 us
