loop counter = (185, 185, 92, 92, 185, 92, 95, 95, 92, 185, 92, 92, 92, 92, 92, 92, 92, 92, 185, 92, 92, 92, )

time 000 = 597 us

loop counter = (619, 619, 309, 309, 619, 309, 312, 312, 309, 619, 309, 309, 309, 309, 309, 309, 309, 309, 619, 309, 309, 309, )

time 000 = 2535 us

loop counter = (999, 999, 499, 499, 999, 499, 502, 502, 499, 999, 499, 499, 499, 499, 499, 499, 499, 499, 999, 499, 499, 499, )

time 000 = 5734 us

loop counter = (275, 275, 137, 137, 275, 137, 140, 140, 137, 275, 137, 137, 137, 137, 137, 137, 137, 137, 275, 137, 137, 137, )

time 000 = 1113 us

loop counter = (397, 397, 198, 198, 397, 198, 201, 201, 198, 397, 198, 198, 198, 198, 198, 198, 198, 198, 397, 198, 198, 198, )

time 000 = 1612 us

loop counter = (511, 511, 255, 255, 511, 255, 258, 258, 255, 511, 255, 255, 255, 255, 255, 255, 255, 255, 511, 255, 255, 255, )

time 000 = 1915 us

loop counter = (315, 315, 157, 157, 315, 157, 160, 160, 157, 315, 157, 157, 157, 157, 157, 157, 157, 157, 315, 157, 157, 157, )

time 000 = 912 us

loop counter = (795, 795, 397, 397, 795, 397, 400, 400, 397, 795, 397, 397, 397, 397, 397, 397, 397, 397, 795, 397, 397, 397, )

time 000 = 3904 us

loop counter = (791, 791, 395, 395, 791, 395, 398, 398, 395, 791, 395, 395, 395, 395, 395, 395, 395, 395, 791, 395, 395, 395, )

time 000 = 4396 us

loop counter = (699, 699, 349, 349, 699, 349, 352, 352, 349, 699, 349, 349, 349, 349, 349, 349, 349, 349, 699, 349, 349, 349, )

time 000 = 3288 us

loop counter = (505, 505, 252, 252, 505, 252, 255, 255, 252, 505, 252, 252, 252, 252, 252, 252, 252, 252, 505, 252, 252, 252, )

time 000 = 1811 us

loop counter = (821, 821, 410, 410, 821, 410, 413, 413, 410, 821, 410, 410, 410, 410, 410, 410, 410, 410, 821, 410, 410, 410, )

time 000 = 3810 us

loop counter = (551, 551, 275, 275, 551, 275, 278, 278, 275, 551, 275, 275, 275, 275, 275, 275, 275, 275, 551, 275, 275, 275, )

time 000 = 2483 us

loop counter = (767, 767, 383, 383, 767, 383, 386, 386, 383, 767, 383, 383, 383, 383, 383, 383, 383, 383, 767, 383, 383, 383, )

time 000 = 3554 us

loop counter = (673, 673, 336, 336, 673, 336, 339, 339, 336, 673, 336, 336, 336, 336, 336, 336, 336, 336, 673, 336, 336, 336, )

time 000 = 3846 us

loop counter = (723, 723, 361, 361, 723, 361, 364, 364, 361, 723, 361, 361, 361, 361, 361, 361, 361, 361, 723, 361, 361, 361, )

time 000 = 3418 us

loop counter = (417, 417, 208, 208, 417, 208, 211, 211, 208, 417, 208, 208, 208, 208, 208, 208, 208, 208, 417, 208, 208, 208, )

time 000 = 1525 us

loop counter = (783, 783, 391, 391, 783, 391, 394, 394, 391, 783, 391, 391, 391, 391, 391, 391, 391, 391, 783, 391, 391, 391, )

time 000 = 4157 us

loop counter = (479, 479, 239, 239, 479, 239, 242, 242, 239, 479, 239, 239, 239, 239, 239, 239, 239, 239, 479, 239, 239, 239, )

time 000 = 1436 us

loop counter = (379, 379, 189, 189, 379, 189, 192, 192, 189, 379, 189, 189, 189, 189, 189, 189, 189, 189, 379, 189, 189, 189, )

time 000 = 1996 us

loop counter = (855, 855, 427, 427, 855, 427, 430, 430, 427, 855, 427, 427, 427, 427, 427, 427, 427, 427, 855, 427, 427, 427, )

time 000 = 4303 us

loop counter = (491, 491, 245, 245, 491, 245, 248, 248, 245, 491, 245, 245, 245, 245, 245, 245, 245, 245, 491, 245, 245, 245, )

time 000 = 1879 us

loop counter = (631, 631, 315, 315, 631, 315, 318, 318, 315, 631, 315, 315, 315, 315, 315, 315, 315, 315, 631, 315, 315, 315, )

time 000 = 3682 us

loop counter = (475, 475, 237, 237, 475, 237, 240, 240, 237, 475, 237, 237, 237, 237, 237, 237, 237, 237, 475, 237, 237, 237, )

time 000 = 1417 us

loop counter = (755, 755, 377, 377, 755, 377, 380, 380, 377, 755, 377, 377, 377, 377, 377, 377, 377, 377, 755, 377, 377, 377, )

time 000 = 5619 us

loop counter = (809, 809, 404, 404, 809, 404, 407, 407, 404, 809, 404, 404, 404, 404, 404, 404, 404, 404, 809, 404, 404, 404, )

time 000 = 5586 us

loop counter = (409, 409, 204, 204, 409, 204, 207, 207, 204, 409, 204, 204, 204, 204, 204, 204, 204, 204, 409, 204, 204, 204, )

time 000 = 3017 us

loop counter = (931, 931, 465, 465, 931, 465, 468, 468, 465, 931, 465, 465, 465, 465, 465, 465, 465, 465, 931, 465, 465, 465, )

time 000 = 4965 us

loop counter = (451, 451, 225, 225, 451, 225, 228, 228, 225, 451, 225, 225, 225, 225, 225, 225, 225, 225, 451, 225, 225, 225, )

time 000 = 1658 us

loop counter = (933, 933, 466, 466, 933, 466, 469, 469, 466, 933, 466, 466, 466, 466, 466, 466, 466, 466, 933, 466, 466, 466, )

time 000 = 5326 us

loop counter = (937, 937, 468, 468, 937, 468, 471, 471, 468, 937, 468, 468, 468, 468, 468, 468, 468, 468, 937, 468, 468, 468, )

time 000 = 4989 us

loop counter = (363, 363, 181, 181, 363, 181, 184, 184, 181, 363, 181, 181, 181, 181, 181, 181, 181, 181, 363, 181, 181, 181, )

time 000 = 1527 us

loop counter = (345, 345, 172, 172, 345, 172, 175, 175, 172, 345, 172, 172, 172, 172, 172, 172, 172, 172, 345, 172, 172, 172, )

time 000 = 1520 us

loop counter = (929, 929, 464, 464, 929, 464, 467, 467, 464, 929, 464, 464, 464, 464, 464, 464, 464, 464, 929, 464, 464, 464, )

time 000 = 4936 us

loop counter = (647, 647, 323, 323, 647, 323, 326, 326, 323, 647, 323, 323, 323, 323, 323, 323, 323, 323, 647, 323, 323, 323, )

time 000 = 3111 us

loop counter = (459, 459, 229, 229, 459, 229, 232, 232, 229, 459, 229, 229, 229, 229, 229, 229, 229, 229, 459, 229, 229, 229, )

time 000 = 1790 us

loop counter = (693, 693, 346, 346, 693, 346, 349, 349, 346, 693, 346, 346, 346, 346, 346, 346, 346, 346, 693, 346, 346, 346, )

time 000 = 3562 us

loop counter = (877, 877, 438, 438, 877, 438, 441, 441, 438, 877, 438, 438, 438, 438, 438, 438, 438, 438, 877, 438, 438, 438, )

time 000 = 4841 us

loop counter = (449, 449, 224, 224, 449, 224, 227, 227, 224, 449, 224, 224, 224, 224, 224, 224, 224, 224, 449, 224, 224, 224, )

time 000 = 1966 us

loop counter = (909, 909, 454, 454, 909, 454, 457, 457, 454, 909, 454, 454, 454, 454, 454, 454, 454, 454, 909, 454, 454, 454, )

time 000 = 4756 us

loop counter = (1011, 1011, 505, 505, 1011, 505, 508, 508, 505, 1011, 505, 505, 505, 505, 505, 505, 505, 505, 1011, 505, 505, 505, )

time 000 = 5915 us

loop counter = (223, 223, 111, 111, 223, 111, 114, 114, 111, 223, 111, 111, 111, 111, 111, 111, 111, 111, 223, 111, 111, 111, )

time 000 = 707 us

loop counter = (511, 511, 255, 255, 511, 255, 258, 258, 255, 511, 255, 255, 255, 255, 255, 255, 255, 255, 511, 255, 255, 255, )

time 000 = 1893 us

loop counter = (505, 505, 252, 252, 505, 252, 255, 255, 252, 505, 252, 252, 252, 252, 252, 252, 252, 252, 505, 252, 252, 252, )

time 000 = 2329 us

loop counter = (745, 745, 372, 372, 745, 372, 375, 375, 372, 745, 372, 372, 372, 372, 372, 372, 372, 372, 745, 372, 372, 372, )

time 000 = 3223 us

loop counter = (769, 769, 384, 384, 769, 384, 387, 387, 384, 769, 384, 384, 384, 384, 384, 384, 384, 384, 769, 384, 384, 384, )

time 000 = 3764 us

loop counter = (529, 529, 264, 264, 529, 264, 267, 267, 264, 529, 264, 264, 264, 264, 264, 264, 264, 264, 529, 264, 264, 264, )

time 000 = 2103 us

loop counter = (913, 913, 456, 456, 913, 456, 459, 459, 456, 913, 456, 456, 456, 456, 456, 456, 456, 456, 913, 456, 456, 456, )

time 000 = 5532 us

loop counter = (647, 647, 323, 323, 647, 323, 326, 326, 323, 647, 323, 323, 323, 323, 323, 323, 323, 323, 647, 323, 323, 323, )

time 000 = 2910 us

loop counter = (893, 893, 446, 446, 893, 446, 449, 449, 446, 893, 446, 446, 446, 446, 446, 446, 446, 446, 893, 446, 446, 446, )

time 000 = 4917 us

loop counter = (185, 185, 92, 92, 185, 92, 95, 95, 92, 185, 92, 92, 92, 92, 92, 92, 92, 92, 185, 92, 92, 92, )

time 000 = 586 us

loop counter = (299, 299, 149, 149, 299, 149, 152, 152, 149, 299, 149, 149, 149, 149, 149, 149, 149, 149, 299, 149, 149, 149, )

time 000 = 1006 us

loop counter = (223, 223, 111, 111, 223, 111, 114, 114, 111, 223, 111, 111, 111, 111, 111, 111, 111, 111, 223, 111, 111, 111, )

time 000 = 758 us

loop counter = (949, 949, 474, 474, 949, 474, 477, 477, 474, 949, 474, 474, 474, 474, 474, 474, 474, 474, 949, 474, 474, 474, )

time 000 = 4208 us

loop counter = (789, 789, 394, 394, 789, 394, 397, 397, 394, 789, 394, 394, 394, 394, 394, 394, 394, 394, 789, 394, 394, 394, )

time 000 = 4556 us

loop counter = (223, 223, 111, 111, 223, 111, 114, 114, 111, 223, 111, 111, 111, 111, 111, 111, 111, 111, 223, 111, 111, 111, )

time 000 = 760 us

loop counter = (791, 791, 395, 395, 791, 395, 398, 398, 395, 791, 395, 395, 395, 395, 395, 395, 395, 395, 791, 395, 395, 395, )

time 000 = 3978 us

loop counter = (483, 483, 241, 241, 483, 241, 244, 244, 241, 483, 241, 241, 241, 241, 241, 241, 241, 241, 483, 241, 241, 241, )

time 000 = 1868 us

loop counter = (185, 185, 92, 92, 185, 92, 95, 95, 92, 185, 92, 92, 92, 92, 92, 92, 92, 92, 185, 92, 92, 92, )

time 000 = 598 us

loop counter = (651, 651, 325, 325, 651, 325, 328, 328, 325, 651, 325, 325, 325, 325, 325, 325, 325, 325, 651, 325, 325, 325, )

time 000 = 5037 us

loop counter = (641, 641, 320, 320, 641, 320, 323, 323, 320, 641, 320, 320, 320, 320, 320, 320, 320, 320, 641, 320, 320, 320, )

time 000 = 2818 us

loop counter = (539, 539, 269, 269, 539, 269, 272, 272, 269, 539, 269, 269, 269, 269, 269, 269, 269, 269, 539, 269, 269, 269, )

time 000 = 2893 us

loop counter = (597, 597, 298, 298, 597, 298, 301, 301, 298, 597, 298, 298, 298, 298, 298, 298, 298, 298, 597, 298, 298, 298, )

time 000 = 2389 us

loop counter = (291, 291, 145, 145, 291, 145, 148, 148, 145, 291, 145, 145, 145, 145, 145, 145, 145, 145, 291, 145, 145, 145, )

time 000 = 1010 us

loop counter = (511, 511, 255, 255, 511, 255, 258, 258, 255, 511, 255, 255, 255, 255, 255, 255, 255, 255, 511, 255, 255, 255, )

time 000 = 2909 us

loop counter = (547, 547, 273, 273, 547, 273, 276, 276, 273, 547, 273, 273, 273, 273, 273, 273, 273, 273, 547, 273, 273, 273, )

time 000 = 2209 us

loop counter = (499, 499, 249, 249, 499, 249, 252, 252, 249, 499, 249, 249, 249, 249, 249, 249, 249, 249, 499, 249, 249, 249, )

time 000 = 1841 us

loop counter = (767, 767, 383, 383, 767, 383, 386, 386, 383, 767, 383, 383, 383, 383, 383, 383, 383, 383, 767, 383, 383, 383, )

time 000 = 3377 us

loop counter = (487, 487, 243, 243, 487, 243, 246, 246, 243, 487, 243, 243, 243, 243, 243, 243, 243, 243, 487, 243, 243, 243, )

time 000 = 1660 us

loop counter = (271, 271, 135, 135, 271, 135, 138, 138, 135, 271, 135, 135, 135, 135, 135, 135, 135, 135, 271, 135, 135, 135, )

time 000 = 977 us

loop counter = (861, 861, 430, 430, 861, 430, 433, 433, 430, 861, 430, 430, 430, 430, 430, 430, 430, 430, 861, 430, 430, 430, )

time 000 = 10593 us

loop counter = (705, 705, 352, 352, 705, 352, 355, 355, 352, 705, 352, 352, 352, 352, 352, 352, 352, 352, 705, 352, 352, 352, )

time 000 = 2927 us

loop counter = (797, 797, 398, 398, 797, 398, 401, 401, 398, 797, 398, 398, 398, 398, 398, 398, 398, 398, 797, 398, 398, 398, )

time 000 = 5514 us

loop counter = (553, 553, 276, 276, 553, 276, 279, 279, 276, 553, 276, 276, 276, 276, 276, 276, 276, 276, 553, 276, 276, 276, )

time 000 = 2095 us

loop counter = (557, 557, 278, 278, 557, 278, 281, 281, 278, 557, 278, 278, 278, 278, 278, 278, 278, 278, 557, 278, 278, 278, )

time 000 = 2197 us

loop counter = (947, 947, 473, 473, 947, 473, 476, 476, 473, 947, 473, 473, 473, 473, 473, 473, 473, 473, 947, 473, 473, 473, )

time 000 = 5475 us

loop counter = (531, 531, 265, 265, 531, 265, 268, 268, 265, 531, 265, 265, 265, 265, 265, 265, 265, 265, 531, 265, 265, 265, )

time 000 = 2545 us

loop counter = (629, 629, 314, 314, 629, 314, 317, 317, 314, 629, 314, 314, 314, 314, 314, 314, 314, 314, 629, 314, 314, 314, )

time 000 = 4217 us

loop counter = (447, 447, 223, 223, 447, 223, 226, 226, 223, 447, 223, 223, 223, 223, 223, 223, 223, 223, 447, 223, 223, 223, )

time 000 = 1774 us

loop counter = (525, 525, 262, 262, 525, 262, 265, 265, 262, 525, 262, 262, 262, 262, 262, 262, 262, 262, 525, 262, 262, 262, )

time 000 = 2099 us

loop counter = (285, 285, 142, 142, 285, 142, 145, 145, 142, 285, 142, 142, 142, 142, 142, 142, 142, 142, 285, 142, 142, 142, )

time 000 = 809 us

loop counter = (811, 811, 405, 405, 811, 405, 408, 408, 405, 811, 405, 405, 405, 405, 405, 405, 405, 405, 811, 405, 405, 405, )

time 000 = 3858 us

loop counter = (371, 371, 185, 185, 371, 185, 188, 188, 185, 371, 185, 185, 185, 185, 185, 185, 185, 185, 371, 185, 185, 185, )

time 000 = 1049 us

loop counter = (771, 771, 385, 385, 771, 385, 388, 388, 385, 771, 385, 385, 385, 385, 385, 385, 385, 385, 771, 385, 385, 385, )

time 000 = 3787 us

loop counter = (835, 835, 417, 417, 835, 417, 420, 420, 417, 835, 417, 417, 417, 417, 417, 417, 417, 417, 835, 417, 417, 417, )

time 000 = 4118 us

loop counter = (283, 283, 141, 141, 283, 141, 144, 144, 141, 283, 141, 141, 141, 141, 141, 141, 141, 141, 283, 141, 141, 141, )

time 000 = 1000 us

loop counter = (947, 947, 473, 473, 947, 473, 476, 476, 473, 947, 473, 473, 473, 473, 473, 473, 473, 473, 947, 473, 473, 473, )

time 000 = 5134 us

loop counter = (515, 515, 257, 257, 515, 257, 260, 260, 257, 515, 257, 257, 257, 257, 257, 257, 257, 257, 515, 257, 257, 257, )

time 000 = 1917 us

loop counter = (201, 201, 100, 100, 201, 100, 103, 103, 100, 201, 100, 100, 100, 100, 100, 100, 100, 100, 201, 100, 100, 100, )

time 000 = 581 us

loop counter = (885, 885, 442, 442, 885, 442, 445, 445, 442, 885, 442, 442, 442, 442, 442, 442, 442, 442, 885, 442, 442, 442, )

time 000 = 4925 us

loop counter = (391, 391, 195, 195, 391, 195, 198, 198, 195, 391, 195, 195, 195, 195, 195, 195, 195, 195, 391, 195, 195, 195, )

time 000 = 1267 us

loop counter = (829, 829, 414, 414, 829, 414, 417, 417, 414, 829, 414, 414, 414, 414, 414, 414, 414, 414, 829, 414, 414, 414, )

time 000 = 15265 us

loop counter = (287, 287, 143, 143, 287, 143, 146, 146, 143, 287, 143, 143, 143, 143, 143, 143, 143, 143, 287, 143, 143, 143, )

time 000 = 949 us

loop counter = (563, 563, 281, 281, 563, 281, 284, 284, 281, 563, 281, 281, 281, 281, 281, 281, 281, 281, 563, 281, 281, 281, )

time 000 = 2566 us

loop counter = (597, 597, 298, 298, 597, 298, 301, 301, 298, 597, 298, 298, 298, 298, 298, 298, 298, 298, 597, 298, 298, 298, )

time 000 = 1746 us

loop counter = (899, 899, 449, 449, 899, 449, 452, 452, 449, 899, 449, 449, 449, 449, 449, 449, 449, 449, 899, 449, 449, 449, )

time 000 = 5218 us

loop counter = (947, 947, 473, 473, 947, 473, 476, 476, 473, 947, 473, 473, 473, 473, 473, 473, 473, 473, 947, 473, 473, 473, )

time 000 = 4885 us

loop counter = (265, 265, 132, 132, 265, 132, 135, 135, 132, 265, 132, 132, 132, 132, 132, 132, 132, 132, 265, 132, 132, 132, )

time 000 = 1027 us

loop counter = (717, 717, 358, 358, 717, 358, 361, 361, 358, 717, 358, 358, 358, 358, 358, 358, 358, 358, 717, 358, 358, 358, )

time 000 = 3218 us

loop counter = (419, 419, 209, 209, 419, 209, 212, 212, 209, 419, 209, 209, 209, 209, 209, 209, 209, 209, 419, 209, 209, 209, )

time 000 = 2113 us

loop counter = (749, 749, 374, 374, 749, 374, 377, 377, 374, 749, 374, 374, 374, 374, 374, 374, 374, 374, 749, 374, 374, 374, )

time 000 = 7784 us

loop counter = (273, 273, 136, 136, 273, 136, 139, 139, 136, 273, 136, 136, 136, 136, 136, 136, 136, 136, 273, 136, 136, 136, )

time 000 = 1001 us

loop counter = (479, 479, 239, 239, 479, 239, 242, 242, 239, 479, 239, 239, 239, 239, 239, 239, 239, 239, 479, 239, 239, 239, )

time 000 = 1717 us

loop counter = (185, 185, 92, 92, 185, 92, 95, 95, 92, 185, 92, 92, 92, 92, 92, 92, 92, 92, 185, 92, 92, 92, )

time 000 = 588 us

loop counter = (185, 185, 92, 92, 185, 92, 95, 95, 92, 185, 92, 92, 92, 92, 92, 92, 92, 92, 185, 92, 92, 92, )

time 000 = 824 us

loop counter = (649, 649, 324, 324, 649, 324, 327, 327, 324, 649, 324, 324, 324, 324, 324, 324, 324, 324, 649, 324, 324, 324, )

time 000 = 2743 us

loop counter = (515, 515, 257, 257, 515, 257, 260, 260, 257, 515, 257, 257, 257, 257, 257, 257, 257, 257, 515, 257, 257, 257, )

time 000 = 2116 us

loop counter = (627, 627, 313, 313, 627, 313, 316, 316, 313, 627, 313, 313, 313, 313, 313, 313, 313, 313, 627, 313, 313, 313, )

time 000 = 9429 us

loop counter = (421, 421, 210, 210, 421, 210, 213, 213, 210, 421, 210, 210, 210, 210, 210, 210, 210, 210, 421, 210, 210, 210, )

time 000 = 1411 us

loop counter = (889, 889, 444, 444, 889, 444, 447, 447, 444, 889, 444, 444, 444, 444, 444, 444, 444, 444, 889, 444, 444, 444, )

time 000 = 5434 us

loop counter = (525, 525, 262, 262, 525, 262, 265, 265, 262, 525, 262, 262, 262, 262, 262, 262, 262, 262, 525, 262, 262, 262, )

time 000 = 1833 us

loop counter = (823, 823, 411, 411, 823, 411, 414, 414, 411, 823, 411, 411, 411, 411, 411, 411, 411, 411, 823, 411, 411, 411, )

time 000 = 3807 us

loop counter = (291, 291, 145, 145, 291, 145, 148, 148, 145, 291, 145, 145, 145, 145, 145, 145, 145, 145, 291, 145, 145, 145, )

time 000 = 1030 us

loop counter = (287, 287, 143, 143, 287, 143, 146, 146, 143, 287, 143, 143, 143, 143, 143, 143, 143, 143, 287, 143, 143, 143, )

time 000 = 1162 us

loop counter = (677, 677, 338, 338, 677, 338, 341, 341, 338, 677, 338, 338, 338, 338, 338, 338, 338, 338, 677, 338, 338, 338, )

time 000 = 3101 us

loop counter = (315, 315, 157, 157, 315, 157, 160, 160, 157, 315, 157, 157, 157, 157, 157, 157, 157, 157, 315, 157, 157, 157, )

time 000 = 1076 us

loop counter = (347, 347, 173, 173, 347, 173, 176, 176, 173, 347, 173, 173, 173, 173, 173, 173, 173, 173, 347, 173, 173, 173, )

time 000 = 1256 us

loop counter = (317, 317, 158, 158, 317, 158, 161, 161, 158, 317, 158, 158, 158, 158, 158, 158, 158, 158, 317, 158, 158, 158, )

time 000 = 1043 us

loop counter = (327, 327, 163, 163, 327, 163, 166, 166, 163, 327, 163, 163, 163, 163, 163, 163, 163, 163, 327, 163, 163, 163, )

time 000 = 1030 us

loop counter = (661, 661, 330, 330, 661, 330, 333, 333, 330, 661, 330, 330, 330, 330, 330, 330, 330, 330, 661, 330, 330, 330, )

time 000 = 2696 us

loop counter = (897, 897, 448, 448, 897, 448, 451, 451, 448, 897, 448, 448, 448, 448, 448, 448, 448, 448, 897, 448, 448, 448, )

time 000 = 5126 us

loop counter = (619, 619, 309, 309, 619, 309, 312, 312, 309, 619, 309, 309, 309, 309, 309, 309, 309, 309, 619, 309, 309, 309, )

time 000 = 2821 us

loop counter = (721, 721, 360, 360, 721, 360, 363, 363, 360, 721, 360, 360, 360, 360, 360, 360, 360, 360, 721, 360, 360, 360, )

time 000 = 3213 us

loop counter = (991, 991, 495, 495, 991, 495, 498, 498, 495, 991, 495, 495, 495, 495, 495, 495, 495, 495, 991, 495, 495, 495, )

time 000 = 5035 us

loop counter = (961, 961, 480, 480, 961, 480, 483, 483, 480, 961, 480, 480, 480, 480, 480, 480, 480, 480, 961, 480, 480, 480, )

time 000 = 8010 us

loop counter = (455, 455, 227, 227, 455, 227, 230, 230, 227, 455, 227, 227, 227, 227, 227, 227, 227, 227, 455, 227, 227, 227, )

time 000 = 1695 us

loop counter = (775, 775, 387, 387, 775, 387, 390, 390, 387, 775, 387, 387, 387, 387, 387, 387, 387, 387, 775, 387, 387, 387, )

time 000 = 3380 us

loop counter = (221, 221, 110, 110, 221, 110, 113, 113, 110, 221, 110, 110, 110, 110, 110, 110, 110, 110, 221, 110, 110, 110, )

time 000 = 763 us

loop counter = (827, 827, 413, 413, 827, 413, 416, 416, 413, 827, 413, 413, 413, 413, 413, 413, 413, 413, 827, 413, 413, 413, )

time 000 = 4270 us

loop counter = (783, 783, 391, 391, 783, 391, 394, 394, 391, 783, 391, 391, 391, 391, 391, 391, 391, 391, 783, 391, 391, 391, )

time 000 = 4164 us

loop counter = (359, 359, 179, 179, 359, 179, 182, 182, 179, 359, 179, 179, 179, 179, 179, 179, 179, 179, 359, 179, 179, 179, )

time 000 = 1191 us

loop counter = (377, 377, 188, 188, 377, 188, 191, 191, 188, 377, 188, 188, 188, 188, 188, 188, 188, 188, 377, 188, 188, 188, )

time 000 = 1451 us

loop counter = (939, 939, 469, 469, 939, 469, 472, 472, 469, 939, 469, 469, 469, 469, 469, 469, 469, 469, 939, 469, 469, 469, )

time 000 = 5371 us

loop counter = (409, 409, 204, 204, 409, 204, 207, 207, 204, 409, 204, 204, 204, 204, 204, 204, 204, 204, 409, 204, 204, 204, )

time 000 = 2835 us

loop counter = (373, 373, 186, 186, 373, 186, 189, 189, 186, 373, 186, 186, 186, 186, 186, 186, 186, 186, 373, 186, 186, 186, )

time 000 = 1303 us

loop counter = (621, 621, 310, 310, 621, 310, 313, 313, 310, 621, 310, 310, 310, 310, 310, 310, 310, 310, 621, 310, 310, 310, )

time 000 = 3045 us

loop counter = (931, 931, 465, 465, 931, 465, 468, 468, 465, 931, 465, 465, 465, 465, 465, 465, 465, 465, 931, 465, 465, 465, )

time 000 = 5102 us

loop counter = (967, 967, 483, 483, 967, 483, 486, 486, 483, 967, 483, 483, 483, 483, 483, 483, 483, 483, 967, 483, 483, 483, )

time 000 = 5102 us

loop counter = (531, 531, 265, 265, 531, 265, 268, 268, 265, 531, 265, 265, 265, 265, 265, 265, 265, 265, 531, 265, 265, 265, )

time 000 = 2018 us

loop counter = (725, 725, 362, 362, 725, 362, 365, 365, 362, 725, 362, 362, 362, 362, 362, 362, 362, 362, 725, 362, 362, 362, )

time 000 = 3464 us

loop counter = (467, 467, 233, 233, 467, 233, 236, 236, 233, 467, 233, 233, 233, 233, 233, 233, 233, 233, 467, 233, 233, 233, )

time 000 = 1653 us

loop counter = (185, 185, 92, 92, 185, 92, 95, 95, 92, 185, 92, 92, 92, 92, 92, 92, 92, 92, 185, 92, 92, 92, )

time 000 = 836 us

loop counter = (205, 205, 102, 102, 205, 102, 105, 105, 102, 205, 102, 102, 102, 102, 102, 102, 102, 102, 205, 102, 102, 102, )

time 000 = 2223 us

loop counter = (173, 173, 86, 86, 173, 86, 89, 89, 86, 173, 86, 86, 86, 86, 86, 86, 86, 86, 173, 86, 86, 86, )

time 000 = 552 us

loop counter = (453, 453, 226, 226, 453, 226, 229, 229, 226, 453, 226, 226, 226, 226, 226, 226, 226, 226, 453, 226, 226, 226, )

time 000 = 1542 us

loop counter = (461, 461, 230, 230, 461, 230, 233, 233, 230, 461, 230, 230, 230, 230, 230, 230, 230, 230, 461, 230, 230, 230, )

time 000 = 2068 us

loop counter = (559, 559, 279, 279, 559, 279, 282, 282, 279, 559, 279, 279, 279, 279, 279, 279, 279, 279, 559, 279, 279, 279, )

time 000 = 2069 us

loop counter = (701, 701, 350, 350, 701, 350, 353, 353, 350, 701, 350, 350, 350, 350, 350, 350, 350, 350, 701, 350, 350, 350, )

time 000 = 3469 us

loop counter = (747, 747, 373, 373, 747, 373, 376, 376, 373, 747, 373, 373, 373, 373, 373, 373, 373, 373, 747, 373, 373, 373, )

time 000 = 3518 us

loop counter = (937, 937, 468, 468, 937, 468, 471, 471, 468, 937, 468, 468, 468, 468, 468, 468, 468, 468, 937, 468, 468, 468, )

time 000 = 5281 us

loop counter = (323, 323, 161, 161, 323, 161, 164, 164, 161, 323, 161, 161, 161, 161, 161, 161, 161, 161, 323, 161, 161, 161, )

time 000 = 810 us

loop counter = (613, 613, 306, 306, 613, 306, 309, 309, 306, 613, 306, 306, 306, 306, 306, 306, 306, 306, 613, 306, 306, 306, )

time 000 = 2750 us

loop counter = (831, 831, 415, 415, 831, 415, 418, 418, 415, 831, 415, 415, 415, 415, 415, 415, 415, 415, 831, 415, 415, 415, )

time 000 = 4830 us

loop counter = (743, 743, 371, 371, 743, 371, 374, 374, 371, 743, 371, 371, 371, 371, 371, 371, 371, 371, 743, 371, 371, 371, )

time 000 = 4937 us

loop counter = (837, 837, 418, 418, 837, 418, 421, 421, 418, 837, 418, 418, 418, 418, 418, 418, 418, 418, 837, 418, 418, 418, )

time 000 = 5488 us

loop counter = (773, 773, 386, 386, 773, 386, 389, 389, 386, 773, 386, 386, 386, 386, 386, 386, 386, 386, 773, 386, 386, 386, )

time 000 = 6015 us

loop counter = (307, 307, 153, 153, 307, 153, 156, 156, 153, 307, 153, 153, 153, 153, 153, 153, 153, 153, 307, 153, 153, 153, )

time 000 = 1187 us

loop counter = (423, 423, 211, 211, 423, 211, 214, 214, 211, 423, 211, 211, 211, 211, 211, 211, 211, 211, 423, 211, 211, 211, )

time 000 = 1530 us

loop counter = (567, 567, 283, 283, 567, 283, 286, 286, 283, 567, 283, 283, 283, 283, 283, 283, 283, 283, 567, 283, 283, 283, )

time 000 = 2173 us

loop counter = (495, 495, 247, 247, 495, 247, 250, 250, 247, 495, 247, 247, 247, 247, 247, 247, 247, 247, 495, 247, 247, 247, )

time 000 = 2099 us

loop counter = (701, 701, 350, 350, 701, 350, 353, 353, 350, 701, 350, 350, 350, 350, 350, 350, 350, 350, 701, 350, 350, 350, )

time 000 = 2787 us

loop counter = (185, 185, 92, 92, 185, 92, 95, 95, 92, 185, 92, 92, 92, 92, 92, 92, 92, 92, 185, 92, 92, 92, )

time 000 = 592 us

loop counter = (185, 185, 92, 92, 185, 92, 95, 95, 92, 185, 92, 92, 92, 92, 92, 92, 92, 92, 185, 92, 92, 92, )

time 000 = 837 us

loop counter = (433, 433, 216, 216, 433, 216, 219, 219, 216, 433, 216, 216, 216, 216, 216, 216, 216, 216, 433, 216, 216, 216, )

time 000 = 1708 us

loop counter = (849, 849, 424, 424, 849, 424, 427, 427, 424, 849, 424, 424, 424, 424, 424, 424, 424, 424, 849, 424, 424, 424, )

time 000 = 4377 us

loop counter = (523, 523, 261, 261, 523, 261, 264, 264, 261, 523, 261, 261, 261, 261, 261, 261, 261, 261, 523, 261, 261, 261, )

time 000 = 2123 us

loop counter = (565, 565, 282, 282, 565, 282, 285, 285, 282, 565, 282, 282, 282, 282, 282, 282, 282, 282, 565, 282, 282, 282, )

time 000 = 2531 us

loop counter = (975, 975, 487, 487, 975, 487, 490, 490, 487, 975, 487, 487, 487, 487, 487, 487, 487, 487, 975, 487, 487, 487, )

time 000 = 4705 us

loop counter = (513, 513, 256, 256, 513, 256, 259, 259, 256, 513, 256, 256, 256, 256, 256, 256, 256, 256, 513, 256, 256, 256, )

time 000 = 1550 us

loop counter = (637, 637, 318, 318, 637, 318, 321, 321, 318, 637, 318, 318, 318, 318, 318, 318, 318, 318, 637, 318, 318, 318, )

time 000 = 2396 us

loop counter = (935, 935, 467, 467, 935, 467, 470, 470, 467, 935, 467, 467, 467, 467, 467, 467, 467, 467, 935, 467, 467, 467, )

time 000 = 7319 us

loop counter = (963, 963, 481, 481, 963, 481, 484, 484, 481, 963, 481, 481, 481, 481, 481, 481, 481, 481, 963, 481, 481, 481, )

time 000 = 5181 us

loop counter = (653, 653, 326, 326, 653, 326, 329, 329, 326, 653, 326, 326, 326, 326, 326, 326, 326, 326, 653, 326, 326, 326, )

time 000 = 4049 us

loop counter = (367, 367, 183, 183, 367, 183, 186, 186, 183, 367, 183, 183, 183, 183, 183, 183, 183, 183, 367, 183, 183, 183, )

time 000 = 1261 us

loop counter = (769, 769, 384, 384, 769, 384, 387, 387, 384, 769, 384, 384, 384, 384, 384, 384, 384, 384, 769, 384, 384, 384, )

time 000 = 3832 us

loop counter = (427, 427, 213, 213, 427, 213, 216, 216, 213, 427, 213, 213, 213, 213, 213, 213, 213, 213, 427, 213, 213, 213, )

time 000 = 1554 us

loop counter = (223, 223, 111, 111, 223, 111, 114, 114, 111, 223, 111, 111, 111, 111, 111, 111, 111, 111, 223, 111, 111, 111, )

time 000 = 758 us

loop counter = (885, 885, 442, 442, 885, 442, 445, 445, 442, 885, 442, 442, 442, 442, 442, 442, 442, 442, 885, 442, 442, 442, )

time 000 = 5342 us

loop counter = (427, 427, 213, 213, 427, 213, 216, 216, 213, 427, 213, 213, 213, 213, 213, 213, 213, 213, 427, 213, 213, 213, )

time 000 = 1602 us

loop counter = (383, 383, 191, 191, 383, 191, 194, 194, 191, 383, 191, 191, 191, 191, 191, 191, 191, 191, 383, 191, 191, 191, )

time 000 = 1223 us

loop counter = (819, 819, 409, 409, 819, 409, 412, 412, 409, 819, 409, 409, 409, 409, 409, 409, 409, 409, 819, 409, 409, 409, )

time 000 = 4056 us

loop counter = (969, 969, 484, 484, 969, 484, 487, 487, 484, 969, 484, 484, 484, 484, 484, 484, 484, 484, 969, 484, 484, 484, )

time 000 = 6425 us

loop counter = (705, 705, 352, 352, 705, 352, 355, 355, 352, 705, 352, 352, 352, 352, 352, 352, 352, 352, 705, 352, 352, 352, )

time 000 = 3090 us

loop counter = (839, 839, 419, 419, 839, 419, 422, 422, 419, 839, 419, 419, 419, 419, 419, 419, 419, 419, 839, 419, 419, 419, )

time 000 = 4332 us

loop counter = (591, 591, 295, 295, 591, 295, 298, 298, 295, 591, 295, 295, 295, 295, 295, 295, 295, 295, 591, 295, 295, 295, )

time 000 = 3261 us

loop counter = (571, 571, 285, 285, 571, 285, 288, 288, 285, 571, 285, 285, 285, 285, 285, 285, 285, 285, 571, 285, 285, 285, )

time 000 = 2126 us

loop counter = (301, 301, 150, 150, 301, 150, 153, 153, 150, 301, 150, 150, 150, 150, 150, 150, 150, 150, 301, 150, 150, 150, )

time 000 = 1267 us

loop counter = (265, 265, 132, 132, 265, 132, 135, 135, 132, 265, 132, 132, 132, 132, 132, 132, 132, 132, 265, 132, 132, 132, )

time 000 = 917 us

loop counter = (529, 529, 264, 264, 529, 264, 267, 267, 264, 529, 264, 264, 264, 264, 264, 264, 264, 264, 529, 264, 264, 264, )

time 000 = 2092 us

loop counter = (729, 729, 364, 364, 729, 364, 367, 367, 364, 729, 364, 364, 364, 364, 364, 364, 364, 364, 729, 364, 364, 364, )

time 000 = 3526 us

loop counter = (481, 481, 240, 240, 481, 240, 243, 243, 240, 481, 240, 240, 240, 240, 240, 240, 240, 240, 481, 240, 240, 240, )

time 000 = 3251 us

loop counter = (773, 773, 386, 386, 773, 386, 389, 389, 386, 773, 386, 386, 386, 386, 386, 386, 386, 386, 773, 386, 386, 386, )

time 000 = 3890 us

loop counter = (223, 223, 111, 111, 223, 111, 114, 114, 111, 223, 111, 111, 111, 111, 111, 111, 111, 111, 223, 111, 111, 111, )

time 000 = 699 us

loop counter = (265, 265, 132, 132, 265, 132, 135, 135, 132, 265, 132, 132, 132, 132, 132, 132, 132, 132, 265, 132, 132, 132, )

time 000 = 1067 us

loop counter = (639, 639, 319, 319, 639, 319, 322, 322, 319, 639, 319, 319, 319, 319, 319, 319, 319, 319, 639, 319, 319, 319, )

time 000 = 2861 us

loop counter = (305, 305, 152, 152, 305, 152, 155, 155, 152, 305, 152, 152, 152, 152, 152, 152, 152, 152, 305, 152, 152, 152, )

time 000 = 1014 us

loop counter = (801, 801, 400, 400, 801, 400, 403, 403, 400, 801, 400, 400, 400, 400, 400, 400, 400, 400, 801, 400, 400, 400, )

time 000 = 4001 us

loop counter = (475, 475, 237, 237, 475, 237, 240, 240, 237, 475, 237, 237, 237, 237, 237, 237, 237, 237, 475, 237, 237, 237, )

time 000 = 1611 us

loop counter = (647, 647, 323, 323, 647, 323, 326, 326, 323, 647, 323, 323, 323, 323, 323, 323, 323, 323, 647, 323, 323, 323, )

time 000 = 3001 us

loop counter = (365, 365, 182, 182, 365, 182, 185, 185, 182, 365, 182, 182, 182, 182, 182, 182, 182, 182, 365, 182, 182, 182, )

time 000 = 1176 us

loop counter = (623, 623, 311, 311, 623, 311, 314, 314, 311, 623, 311, 311, 311, 311, 311, 311, 311, 311, 623, 311, 311, 311, )

time 000 = 3154 us

loop counter = (863, 863, 431, 431, 863, 431, 434, 434, 431, 863, 431, 431, 431, 431, 431, 431, 431, 431, 863, 431, 431, 431, )

time 000 = 5426 us

loop counter = (537, 537, 268, 268, 537, 268, 271, 271, 268, 537, 268, 268, 268, 268, 268, 268, 268, 268, 537, 268, 268, 268, )

time 000 = 2650 us

loop counter = (717, 717, 358, 358, 717, 358, 361, 361, 358, 717, 358, 358, 358, 358, 358, 358, 358, 358, 717, 358, 358, 358, )

time 000 = 2865 us

loop counter = (725, 725, 362, 362, 725, 362, 365, 365, 362, 725, 362, 362, 362, 362, 362, 362, 362, 362, 725, 362, 362, 362, )

time 000 = 3335 us

loop counter = (185, 185, 92, 92, 185, 92, 95, 95, 92, 185, 92, 92, 92, 92, 92, 92, 92, 92, 185, 92, 92, 92, )

time 000 = 588 us

loop counter = (433, 433, 216, 216, 433, 216, 219, 219, 216, 433, 216, 216, 216, 216, 216, 216, 216, 216, 433, 216, 216, 216, )

time 000 = 2128 us

loop counter = (735, 735, 367, 367, 735, 367, 370, 370, 367, 735, 367, 367, 367, 367, 367, 367, 367, 367, 735, 367, 367, 367, )

time 000 = 3676 us

loop counter = (861, 861, 430, 430, 861, 430, 433, 433, 430, 861, 430, 430, 430, 430, 430, 430, 430, 430, 861, 430, 430, 430, )

time 000 = 5133 us

loop counter = (289, 289, 144, 144, 289, 144, 147, 147, 144, 289, 144, 144, 144, 144, 144, 144, 144, 144, 289, 144, 144, 144, )

time 000 = 965 us

loop counter = (825, 825, 412, 412, 825, 412, 415, 415, 412, 825, 412, 412, 412, 412, 412, 412, 412, 412, 825, 412, 412, 412, )

time 000 = 11090 us

loop counter = (943, 943, 471, 471, 943, 471, 474, 474, 471, 943, 471, 471, 471, 471, 471, 471, 471, 471, 943, 471, 471, 471, )

time 000 = 4609 us

loop counter = (813, 813, 406, 406, 813, 406, 409, 409, 406, 813, 406, 406, 406, 406, 406, 406, 406, 406, 813, 406, 406, 406, )

time 000 = 5638 us

loop counter = (185, 185, 92, 92, 185, 92, 95, 95, 92, 185, 92, 92, 92, 92, 92, 92, 92, 92, 185, 92, 92, 92, )

time 000 = 584 us

loop counter = (471, 471, 235, 235, 471, 235, 238, 238, 235, 471, 235, 235, 235, 235, 235, 235, 235, 235, 471, 235, 235, 235, )

time 000 = 1951 us

loop counter = (539, 539, 269, 269, 539, 269, 272, 272, 269, 539, 269, 269, 269, 269, 269, 269, 269, 269, 539, 269, 269, 269, )

time 000 = 1938 us

loop counter = (899, 899, 449, 449, 899, 449, 452, 452, 449, 899, 449, 449, 449, 449, 449, 449, 449, 449, 899, 449, 449, 449, )

time 000 = 4809 us

loop counter = (595, 595, 297, 297, 595, 297, 300, 300, 297, 595, 297, 297, 297, 297, 297, 297, 297, 297, 595, 297, 297, 297, )

time 000 = 2212 us

loop counter = (505, 505, 252, 252, 505, 252, 255, 255, 252, 505, 252, 252, 252, 252, 252, 252, 252, 252, 505, 252, 252, 252, )

time 000 = 2665 us

loop counter = (241, 241, 120, 120, 241, 120, 123, 123, 120, 241, 120, 120, 120, 120, 120, 120, 120, 120, 241, 120, 120, 120, )

time 000 = 841 us

loop counter = (659, 659, 329, 329, 659, 329, 332, 332, 329, 659, 329, 329, 329, 329, 329, 329, 329, 329, 659, 329, 329, 329, )

time 000 = 2844 us

loop counter = (973, 973, 486, 486, 973, 486, 489, 489, 486, 973, 486, 486, 486, 486, 486, 486, 486, 486, 973, 486, 486, 486, )

time 000 = 5701 us

loop counter = (809, 809, 404, 404, 809, 404, 407, 407, 404, 809, 404, 404, 404, 404, 404, 404, 404, 404, 809, 404, 404, 404, )

time 000 = 6742 us

loop counter = (427, 427, 213, 213, 427, 213, 216, 216, 213, 427, 213, 213, 213, 213, 213, 213, 213, 213, 427, 213, 213, 213, )

time 000 = 1608 us

loop counter = (987, 987, 493, 493, 987, 493, 496, 496, 493, 987, 493, 493, 493, 493, 493, 493, 493, 493, 987, 493, 493, 493, )

time 000 = 5444 us

loop counter = (959, 959, 479, 479, 959, 479, 482, 482, 479, 959, 479, 479, 479, 479, 479, 479, 479, 479, 959, 479, 479, 479, )

time 000 = 5587 us

loop counter = (411, 411, 205, 205, 411, 205, 208, 208, 205, 411, 205, 205, 205, 205, 205, 205, 205, 205, 411, 205, 205, 205, )

time 000 = 1393 us

loop counter = (725, 725, 362, 362, 725, 362, 365, 365, 362, 725, 362, 362, 362, 362, 362, 362, 362, 362, 725, 362, 362, 362, )

time 000 = 3861 us

loop counter = (545, 545, 272, 272, 545, 272, 275, 275, 272, 545, 272, 272, 272, 272, 272, 272, 272, 272, 545, 272, 272, 272, )

time 000 = 2454 us

loop counter = (459, 459, 229, 229, 459, 229, 232, 232, 229, 459, 229, 229, 229, 229, 229, 229, 229, 229, 459, 229, 229, 229, )

time 000 = 1761 us

loop counter = (915, 915, 457, 457, 915, 457, 460, 460, 457, 915, 457, 457, 457, 457, 457, 457, 457, 457, 915, 457, 457, 457, )

time 000 = 6291 us

loop counter = (223, 223, 111, 111, 223, 111, 114, 114, 111, 223, 111, 111, 111, 111, 111, 111, 111, 111, 223, 111, 111, 111, )

time 000 = 704 us

loop counter = (935, 935, 467, 467, 935, 467, 470, 470, 467, 935, 467, 467, 467, 467, 467, 467, 467, 467, 935, 467, 467, 467, )

time 000 = 4407 us

loop counter = (567, 567, 283, 283, 567, 283, 286, 286, 283, 567, 283, 283, 283, 283, 283, 283, 283, 283, 567, 283, 283, 283, )

time 000 = 1955 us

loop counter = (185, 185, 92, 92, 185, 92, 95, 95, 92, 185, 92, 92, 92, 92, 92, 92, 92, 92, 185, 92, 92, 92, )

time 000 = 846 us

loop counter = (331, 331, 165, 165, 331, 165, 168, 168, 165, 331, 165, 165, 165, 165, 165, 165, 165, 165, 331, 165, 165, 165, )

time 000 = 1087 us

loop counter = (571, 571, 285, 285, 571, 285, 288, 288, 285, 571, 285, 285, 285, 285, 285, 285, 285, 285, 571, 285, 285, 285, )

time 000 = 2515 us

loop counter = (585, 585, 292, 292, 585, 292, 295, 295, 292, 585, 292, 292, 292, 292, 292, 292, 292, 292, 585, 292, 292, 292, )

time 000 = 2040 us

loop counter = (731, 731, 365, 365, 731, 365, 368, 368, 365, 731, 365, 365, 365, 365, 365, 365, 365, 365, 731, 365, 365, 365, )

time 000 = 4750 us

loop counter = (375, 375, 187, 187, 375, 187, 190, 190, 187, 375, 187, 187, 187, 187, 187, 187, 187, 187, 375, 187, 187, 187, )

time 000 = 1280 us

loop counter = (943, 943, 471, 471, 943, 471, 474, 474, 471, 943, 471, 471, 471, 471, 471, 471, 471, 471, 943, 471, 471, 471, )

time 000 = 11090 us

loop counter = (641, 641, 320, 320, 641, 320, 323, 323, 320, 641, 320, 320, 320, 320, 320, 320, 320, 320, 641, 320, 320, 320, )

time 000 = 2865 us

loop counter = (435, 435, 217, 217, 435, 217, 220, 220, 217, 435, 217, 217, 217, 217, 217, 217, 217, 217, 435, 217, 217, 217, )

time 000 = 1675 us

loop counter = (273, 273, 136, 136, 273, 136, 139, 139, 136, 273, 136, 136, 136, 136, 136, 136, 136, 136, 273, 136, 136, 136, )

time 000 = 781 us

loop counter = (537, 537, 268, 268, 537, 268, 271, 271, 268, 537, 268, 268, 268, 268, 268, 268, 268, 268, 537, 268, 268, 268, )

time 000 = 2201 us

loop counter = (519, 519, 259, 259, 519, 259, 262, 262, 259, 519, 259, 259, 259, 259, 259, 259, 259, 259, 519, 259, 259, 259, )

time 000 = 3949 us

loop counter = (1013, 1013, 506, 506, 1013, 506, 509, 509, 506, 1013, 506, 506, 506, 506, 506, 506, 506, 506, 1013, 506, 506, 506, )

time 000 = 5774 us

loop counter = (461, 461, 230, 230, 461, 230, 233, 233, 230, 461, 230, 230, 230, 230, 230, 230, 230, 230, 461, 230, 230, 230, )

time 000 = 1845 us

loop counter = (419, 419, 209, 209, 419, 209, 212, 212, 209, 419, 209, 209, 209, 209, 209, 209, 209, 209, 419, 209, 209, 209, )

time 000 = 1570 us

loop counter = (295, 295, 147, 147, 295, 147, 150, 150, 147, 295, 147, 147, 147, 147, 147, 147, 147, 147, 295, 147, 147, 147, )

time 000 = 1120 us

loop counter = (479, 479, 239, 239, 479, 239, 242, 242, 239, 479, 239, 239, 239, 239, 239, 239, 239, 239, 479, 239, 239, 239, )

time 000 = 1779 us

loop counter = (295, 295, 147, 147, 295, 147, 150, 150, 147, 295, 147, 147, 147, 147, 147, 147, 147, 147, 295, 147, 147, 147, )

time 000 = 1116 us

loop counter = (955, 955, 477, 477, 955, 477, 480, 480, 477, 955, 477, 477, 477, 477, 477, 477, 477, 477, 955, 477, 477, 477, )

time 000 = 6132 us

loop counter = (667, 667, 333, 333, 667, 333, 336, 336, 333, 667, 333, 333, 333, 333, 333, 333, 333, 333, 667, 333, 333, 333, )

time 000 = 4093 us

loop counter = (813, 813, 406, 406, 813, 406, 409, 409, 406, 813, 406, 406, 406, 406, 406, 406, 406, 406, 813, 406, 406, 406, )

time 000 = 4763 us

loop counter = (185, 185, 92, 92, 185, 92, 95, 95, 92, 185, 92, 92, 92, 92, 92, 92, 92, 92, 185, 92, 92, 92, )

time 000 = 590 us

loop counter = (473, 473, 236, 236, 473, 236, 239, 239, 236, 473, 236, 236, 236, 236, 236, 236, 236, 236, 473, 236, 236, 236, )

time 000 = 1692 us

loop counter = (295, 295, 147, 147, 295, 147, 150, 150, 147, 295, 147, 147, 147, 147, 147, 147, 147, 147, 295, 147, 147, 147, )

time 000 = 976 us

loop counter = (811, 811, 405, 405, 811, 405, 408, 408, 405, 811, 405, 405, 405, 405, 405, 405, 405, 405, 811, 405, 405, 405, )

time 000 = 4079 us

loop counter = (293, 293, 146, 146, 293, 146, 149, 149, 146, 293, 146, 146, 146, 146, 146, 146, 146, 146, 293, 146, 146, 146, )

time 000 = 960 us

loop counter = (661, 661, 330, 330, 661, 330, 333, 333, 330, 661, 330, 330, 330, 330, 330, 330, 330, 330, 661, 330, 330, 330, )

time 000 = 3152 us

loop counter = (387, 387, 193, 193, 387, 193, 196, 196, 193, 387, 193, 193, 193, 193, 193, 193, 193, 193, 387, 193, 193, 193, )

time 000 = 1211 us

loop counter = (223, 223, 111, 111, 223, 111, 114, 114, 111, 223, 111, 111, 111, 111, 111, 111, 111, 111, 223, 111, 111, 111, )

time 000 = 697 us

loop counter = (537, 537, 268, 268, 537, 268, 271, 271, 268, 537, 268, 268, 268, 268, 268, 268, 268, 268, 537, 268, 268, 268, )

time 000 = 2352 us

loop counter = (521, 521, 260, 260, 521, 260, 263, 263, 260, 521, 260, 260, 260, 260, 260, 260, 260, 260, 521, 260, 260, 260, )

time 000 = 2267 us

loop counter = (613, 613, 306, 306, 613, 306, 309, 309, 306, 613, 306, 306, 306, 306, 306, 306, 306, 306, 613, 306, 306, 306, )

time 000 = 2624 us

loop counter = (819, 819, 409, 409, 819, 409, 412, 412, 409, 819, 409, 409, 409, 409, 409, 409, 409, 409, 819, 409, 409, 409, )

time 000 = 65710 us

loop counter = (625, 625, 312, 312, 625, 312, 315, 315, 312, 625, 312, 312, 312, 312, 312, 312, 312, 312, 625, 312, 312, 312, )

time 000 = 2825 us

loop counter = (695, 695, 347, 347, 695, 347, 350, 350, 347, 695, 347, 347, 347, 347, 347, 347, 347, 347, 695, 347, 347, 347, )

time 000 = 3288 us

loop counter = (389, 389, 194, 194, 389, 194, 197, 197, 194, 389, 194, 194, 194, 194, 194, 194, 194, 194, 389, 194, 194, 194, )

time 000 = 1362 us

loop counter = (223, 223, 111, 111, 223, 111, 114, 114, 111, 223, 111, 111, 111, 111, 111, 111, 111, 111, 223, 111, 111, 111, )

time 000 = 708 us

loop counter = (621, 621, 310, 310, 621, 310, 313, 313, 310, 621, 310, 310, 310, 310, 310, 310, 310, 310, 621, 310, 310, 310, )

time 000 = 2870 us

loop counter = (223, 223, 111, 111, 223, 111, 114, 114, 111, 223, 111, 111, 111, 111, 111, 111, 111, 111, 223, 111, 111, 111, )

time 000 = 712 us

loop counter = (529, 529, 264, 264, 529, 264, 267, 267, 264, 529, 264, 264, 264, 264, 264, 264, 264, 264, 529, 264, 264, 264, )

time 000 = 2119 us

loop counter = (585, 585, 292, 292, 585, 292, 295, 295, 292, 585, 292, 292, 292, 292, 292, 292, 292, 292, 585, 292, 292, 292, )

time 000 = 4766 us

loop counter = (489, 489, 244, 244, 489, 244, 247, 247, 244, 489, 244, 244, 244, 244, 244, 244, 244, 244, 489, 244, 244, 244, )

time 000 = 1788 us

loop counter = (815, 815, 407, 407, 815, 407, 410, 410, 407, 815, 407, 407, 407, 407, 407, 407, 407, 407, 815, 407, 407, 407, )

time 000 = 4340 us

loop counter = (469, 469, 234, 234, 469, 234, 237, 237, 234, 469, 234, 234, 234, 234, 234, 234, 234, 234, 469, 234, 234, 234, )

time 000 = 1510 us

loop counter = (483, 483, 241, 241, 483, 241, 244, 244, 241, 483, 241, 241, 241, 241, 241, 241, 241, 241, 483, 241, 241, 241, )

time 000 = 2935 us

loop counter = (879, 879, 439, 439, 879, 439, 442, 442, 439, 879, 439, 439, 439, 439, 439, 439, 439, 439, 879, 439, 439, 439, )

time 000 = 5383 us

loop counter = (477, 477, 238, 238, 477, 238, 241, 241, 238, 477, 238, 238, 238, 238, 238, 238, 238, 238, 477, 238, 238, 238, )

time 000 = 1502 us

loop counter = (851, 851, 425, 425, 851, 425, 428, 428, 425, 851, 425, 425, 425, 425, 425, 425, 425, 425, 851, 425, 425, 425, )

time 000 = 4859 us

loop counter = (679, 679, 339, 339, 679, 339, 342, 342, 339, 679, 339, 339, 339, 339, 339, 339, 339, 339, 679, 339, 339, 339, )

time 000 = 2572 us

loop counter = (719, 719, 359, 359, 719, 359, 362, 362, 359, 719, 359, 359, 359, 359, 359, 359, 359, 359, 719, 359, 359, 359, )

time 000 = 3359 us

loop counter = (721, 721, 360, 360, 721, 360, 363, 363, 360, 721, 360, 360, 360, 360, 360, 360, 360, 360, 721, 360, 360, 360, )

time 000 = 3276 us

loop counter = (419, 419, 209, 209, 419, 209, 212, 212, 209, 419, 209, 209, 209, 209, 209, 209, 209, 209, 419, 209, 209, 209, )

time 000 = 1562 us

loop counter = (877, 877, 438, 438, 877, 438, 441, 441, 438, 877, 438, 438, 438, 438, 438, 438, 438, 438, 877, 438, 438, 438, )

time 000 = 10679 us

loop counter = (855, 855, 427, 427, 855, 427, 430, 430, 427, 855, 427, 427, 427, 427, 427, 427, 427, 427, 855, 427, 427, 427, )

time 000 = 4387 us

loop counter = (283, 283, 141, 141, 283, 141, 144, 144, 141, 283, 141, 141, 141, 141, 141, 141, 141, 141, 283, 141, 141, 141, )

time 000 = 1025 us

loop counter = (287, 287, 143, 143, 287, 143, 146, 146, 143, 287, 143, 143, 143, 143, 143, 143, 143, 143, 287, 143, 143, 143, )

time 000 = 1075 us

loop counter = (909, 909, 454, 454, 909, 454, 457, 457, 454, 909, 454, 454, 454, 454, 454, 454, 454, 454, 909, 454, 454, 454, )

time 000 = 6474 us

loop counter = (671, 671, 335, 335, 671, 335, 338, 338, 335, 671, 335, 335, 335, 335, 335, 335, 335, 335, 671, 335, 335, 335, )

time 000 = 3343 us

loop counter = (493, 493, 246, 246, 493, 246, 249, 249, 246, 493, 246, 246, 246, 246, 246, 246, 246, 246, 493, 246, 246, 246, )

time 000 = 1882 us

loop counter = (563, 563, 281, 281, 563, 281, 284, 284, 281, 563, 281, 281, 281, 281, 281, 281, 281, 281, 563, 281, 281, 281, )

time 000 = 2269 us

loop counter = (599, 599, 299, 299, 599, 299, 302, 302, 299, 599, 299, 299, 299, 299, 299, 299, 299, 299, 599, 299, 299, 299, )

time 000 = 2284 us

loop counter = (493, 493, 246, 246, 493, 246, 249, 249, 246, 493, 246, 246, 246, 246, 246, 246, 246, 246, 493, 246, 246, 246, )

time 000 = 1774 us

loop counter = (965, 965, 482, 482, 965, 482, 485, 485, 482, 965, 482, 482, 482, 482, 482, 482, 482, 482, 965, 482, 482, 482, )

time 000 = 5716 us

loop counter = (531, 531, 265, 265, 531, 265, 268, 268, 265, 531, 265, 265, 265, 265, 265, 265, 265, 265, 531, 265, 265, 265, )

time 000 = 2175 us

loop counter = (541, 541, 270, 270, 541, 270, 273, 273, 270, 541, 270, 270, 270, 270, 270, 270, 270, 270, 541, 270, 270, 270, )

time 000 = 1942 us

