loop counter = (0, 64, 40, 24, 32, 0, 0, 0, 0, 1, 0, 0, 0, 1, 16, 4, 1, 1, 1, 202973, 1, 3247568, 0, 0, 0, 1, 0, 16, 0, 0, 0, 0, 0, 0, 0, 0, 0, 0, 0, 0, 0, 0, 0, 0, 1, 1, )
time 0 = 65204 us
loop counter = (0, 64, 38, 26, 32, 0, 0, 0, 0, 1, 0, 0, 0, 1, 16, 4, 1, 1, 1, 60788, 1, 972608, 0, 0, 0, 1, 0, 16, 0, 0, 0, 0, 0, 0, 0, 0, 0, 0, 0, 0, 0, 0, 0, 0, 1, 1, )
time 0 = 17174 us
loop counter = (0, 64, 46, 18, 32, 0, 0, 0, 0, 1, 0, 0, 0, 1, 16, 4, 1, 1, 1, 20917, 1, 334672, 0, 0, 0, 1, 0, 16, 0, 0, 0, 0, 0, 0, 0, 0, 0, 0, 0, 0, 0, 0, 0, 0, 1, 1, )
time 0 = 9851 us
loop counter = (0, 64, 40, 24, 32, 0, 0, 0, 0, 1, 0, 0, 0, 1, 16, 4, 1, 1, 1, 95013, 1, 1520208, 0, 0, 0, 1, 0, 16, 0, 0, 0, 0, 0, 0, 0, 0, 0, 0, 0, 0, 0, 0, 0, 0, 1, 1, )
time 0 = 37065 us
loop counter = (0, 64, 39, 25, 32, 0, 0, 0, 0, 1, 0, 0, 0, 1, 16, 4, 1, 1, 1, 271081, 1, 4337296, 0, 0, 0, 1, 0, 16, 0, 0, 0, 0, 0, 0, 0, 0, 0, 0, 0, 0, 0, 0, 0, 0, 1, 1, )
time 0 = 83882 us
loop counter = (0, 64, 46, 18, 32, 0, 0, 0, 0, 1, 0, 0, 0, 1, 16, 4, 1, 1, 1, 264706, 1, 4235296, 0, 0, 0, 1, 0, 16, 0, 0, 0, 0, 0, 0, 0, 0, 0, 0, 0, 0, 0, 0, 0, 0, 1, 1, )
time 0 = 80562 us
loop counter = (0, 64, 36, 28, 32, 0, 0, 0, 0, 1, 0, 0, 0, 1, 16, 4, 1, 1, 1, 268270, 1, 4292320, 0, 0, 0, 1, 0, 16, 0, 0, 0, 0, 0, 0, 0, 0, 0, 0, 0, 0, 0, 0, 0, 0, 1, 1, )
time 0 = 79633 us
loop counter = (0, 64, 43, 21, 32, 0, 0, 0, 0, 1, 0, 0, 0, 1, 16, 4, 1, 1, 1, 264960, 1, 4239360, 0, 0, 0, 1, 0, 16, 0, 0, 0, 0, 0, 0, 0, 0, 0, 0, 0, 0, 0, 0, 0, 0, 1, 1, )
time 0 = 79968 us
loop counter = (0, 64, 39, 25, 32, 0, 0, 0, 0, 1, 0, 0, 0, 1, 16, 4, 1, 1, 1, 298945, 1, 4783120, 0, 0, 0, 1, 0, 16, 0, 0, 0, 0, 0, 0, 0, 0, 0, 0, 0, 0, 0, 0, 0, 0, 1, 1, )
time 0 = 93706 us
loop counter = (0, 64, 48, 16, 32, 0, 0, 0, 0, 1, 0, 0, 0, 1, 16, 4, 1, 1, 1, 300873, 1, 4813968, 0, 0, 0, 1, 0, 16, 0, 0, 0, 0, 0, 0, 0, 0, 0, 0, 0, 0, 0, 0, 0, 0, 1, 1, )
time 0 = 88355 us
loop counter = (0, 64, 41, 23, 32, 0, 0, 0, 0, 1, 0, 0, 0, 1, 16, 4, 1, 1, 1, 140725, 1, 2251600, 0, 0, 0, 1, 0, 16, 0, 0, 0, 0, 0, 0, 0, 0, 0, 0, 0, 0, 0, 0, 0, 0, 1, 1, )
time 0 = 41453 us
loop counter = (0, 64, 42, 22, 32, 0, 0, 0, 0, 1, 0, 0, 0, 1, 16, 4, 1, 1, 1, 189982, 1, 3039712, 0, 0, 0, 1, 0, 16, 0, 0, 0, 0, 0, 0, 0, 0, 0, 0, 0, 0, 0, 0, 0, 0, 1, 1, )
time 0 = 61875 us
loop counter = (0, 64, 39, 25, 32, 0, 0, 0, 0, 1, 0, 0, 0, 1, 16, 4, 1, 1, 1, 279048, 1, 4464768, 0, 0, 0, 1, 0, 16, 0, 0, 0, 0, 0, 0, 0, 0, 0, 0, 0, 0, 0, 0, 0, 0, 1, 1, )
time 0 = 87637 us
loop counter = (0, 64, 36, 28, 32, 0, 0, 0, 0, 1, 0, 0, 0, 1, 16, 4, 1, 1, 1, 320962, 1, 5135392, 0, 0, 0, 1, 0, 16, 0, 0, 0, 0, 0, 0, 0, 0, 0, 0, 0, 0, 0, 0, 0, 0, 1, 1, )
time 0 = 93175 us
loop counter = (0, 64, 39, 25, 32, 0, 0, 0, 0, 1, 0, 0, 0, 1, 16, 4, 1, 1, 1, 130076, 1, 2081216, 0, 0, 0, 1, 0, 16, 0, 0, 0, 0, 0, 0, 0, 0, 0, 0, 0, 0, 0, 0, 0, 0, 1, 1, )
time 0 = 35558 us
loop counter = (0, 64, 36, 28, 32, 0, 0, 0, 0, 1, 0, 0, 0, 1, 16, 4, 1, 1, 1, 68885, 1, 1102160, 0, 0, 0, 1, 0, 16, 0, 0, 0, 0, 0, 0, 0, 0, 0, 0, 0, 0, 0, 0, 0, 0, 1, 1, )
time 0 = 19527 us
loop counter = (0, 64, 38, 26, 32, 0, 0, 0, 0, 1, 0, 0, 0, 1, 16, 4, 1, 1, 1, 210382, 1, 3366112, 0, 0, 0, 1, 0, 16, 0, 0, 0, 0, 0, 0, 0, 0, 0, 0, 0, 0, 0, 0, 0, 0, 1, 1, )
time 0 = 62955 us
loop counter = (0, 64, 44, 20, 32, 0, 0, 0, 0, 1, 0, 0, 0, 1, 16, 4, 1, 1, 1, 321676, 1, 5146816, 0, 0, 0, 1, 0, 16, 0, 0, 0, 0, 0, 0, 0, 0, 0, 0, 0, 0, 0, 0, 0, 0, 1, 1, )
time 0 = 93249 us
loop counter = (0, 64, 39, 25, 32, 0, 0, 0, 0, 1, 0, 0, 0, 1, 16, 4, 1, 1, 1, 115511, 1, 1848176, 0, 0, 0, 1, 0, 16, 0, 0, 0, 0, 0, 0, 0, 0, 0, 0, 0, 0, 0, 0, 0, 0, 1, 1, )
time 0 = 33338 us
loop counter = (0, 64, 45, 19, 32, 0, 0, 0, 0, 1, 0, 0, 0, 1, 16, 4, 1, 1, 1, 79541, 1, 1272656, 0, 0, 0, 1, 0, 16, 0, 0, 0, 0, 0, 0, 0, 0, 0, 0, 0, 0, 0, 0, 0, 0, 1, 1, )
time 0 = 21996 us
loop counter = (0, 64, 44, 20, 32, 0, 0, 0, 0, 1, 0, 0, 0, 1, 16, 4, 1, 1, 1, 41035, 1, 656560, 0, 0, 0, 1, 0, 16, 0, 0, 0, 0, 0, 0, 0, 0, 0, 0, 0, 0, 0, 0, 0, 0, 1, 1, )
time 0 = 11541 us
loop counter = (0, 64, 43, 21, 32, 0, 0, 0, 0, 1, 0, 0, 0, 1, 16, 4, 1, 1, 1, 24436, 1, 390976, 0, 0, 0, 1, 0, 16, 0, 0, 0, 0, 0, 0, 0, 0, 0, 0, 0, 0, 0, 0, 0, 0, 1, 1, )
time 0 = 6836 us
loop counter = (0, 64, 41, 23, 32, 0, 0, 0, 0, 1, 0, 0, 0, 1, 16, 4, 1, 1, 1, 26546, 1, 424736, 0, 0, 0, 1, 0, 16, 0, 0, 0, 0, 0, 0, 0, 0, 0, 0, 0, 0, 0, 0, 0, 0, 1, 1, )
time 0 = 8518 us
loop counter = (0, 64, 44, 20, 32, 0, 0, 0, 0, 1, 0, 0, 0, 1, 16, 4, 1, 1, 1, 22970, 1, 367520, 0, 0, 0, 1, 0, 16, 0, 0, 0, 0, 0, 0, 0, 0, 0, 0, 0, 0, 0, 0, 0, 0, 1, 1, )
time 0 = 6362 us
loop counter = (0, 64, 37, 27, 32, 0, 0, 0, 0, 1, 0, 0, 0, 1, 16, 4, 1, 1, 1, 138424, 1, 2214784, 0, 0, 0, 1, 0, 16, 0, 0, 0, 0, 0, 0, 0, 0, 0, 0, 0, 0, 0, 0, 0, 0, 1, 1, )
time 0 = 43984 us
loop counter = (0, 64, 38, 26, 32, 0, 0, 0, 0, 1, 0, 0, 0, 1, 16, 4, 1, 1, 1, 45617, 1, 729872, 0, 0, 0, 1, 0, 16, 0, 0, 0, 0, 0, 0, 0, 0, 0, 0, 0, 0, 0, 0, 0, 0, 1, 1, )
time 0 = 13021 us
loop counter = (0, 64, 40, 24, 32, 0, 0, 0, 0, 1, 0, 0, 0, 1, 16, 4, 1, 1, 1, 193764, 1, 3100224, 0, 0, 0, 1, 0, 16, 0, 0, 0, 0, 0, 0, 0, 0, 0, 0, 0, 0, 0, 0, 0, 0, 1, 1, )
time 0 = 59157 us
loop counter = (0, 64, 40, 24, 32, 0, 0, 0, 0, 1, 0, 0, 0, 1, 16, 4, 1, 1, 1, 12955, 1, 207280, 0, 0, 0, 1, 0, 16, 0, 0, 0, 0, 0, 0, 0, 0, 0, 0, 0, 0, 0, 0, 0, 0, 1, 1, )
time 0 = 3829 us
loop counter = (0, 64, 39, 25, 32, 0, 0, 0, 0, 1, 0, 0, 0, 1, 16, 4, 1, 1, 1, 38983, 1, 623728, 0, 0, 0, 1, 0, 16, 0, 0, 0, 0, 0, 0, 0, 0, 0, 0, 0, 0, 0, 0, 0, 0, 1, 1, )
time 0 = 11144 us
loop counter = (0, 64, 37, 27, 32, 0, 0, 0, 0, 1, 0, 0, 0, 1, 16, 4, 1, 1, 1, 30586, 1, 489376, 0, 0, 0, 1, 0, 16, 0, 0, 0, 0, 0, 0, 0, 0, 0, 0, 0, 0, 0, 0, 0, 0, 1, 1, )
time 0 = 8378 us
loop counter = (0, 64, 42, 22, 32, 0, 0, 0, 0, 1, 0, 0, 0, 1, 16, 4, 1, 1, 1, 284578, 1, 4553248, 0, 0, 0, 1, 0, 16, 0, 0, 0, 0, 0, 0, 0, 0, 0, 0, 0, 0, 0, 0, 0, 0, 1, 1, )
time 0 = 86304 us
loop counter = (0, 64, 48, 16, 32, 0, 0, 0, 0, 1, 0, 0, 0, 1, 16, 4, 1, 1, 1, 168693, 1, 2699088, 0, 0, 0, 1, 0, 16, 0, 0, 0, 0, 0, 0, 0, 0, 0, 0, 0, 0, 0, 0, 0, 0, 1, 1, )
time 0 = 45856 us
loop counter = (0, 64, 38, 26, 32, 0, 0, 0, 0, 1, 0, 0, 0, 1, 16, 4, 1, 1, 1, 268903, 1, 4302448, 0, 0, 0, 1, 0, 16, 0, 0, 0, 0, 0, 0, 0, 0, 0, 0, 0, 0, 0, 0, 0, 0, 1, 1, )
time 0 = 84908 us
loop counter = (0, 64, 41, 23, 32, 0, 0, 0, 0, 1, 0, 0, 0, 1, 16, 4, 1, 1, 1, 46706, 1, 747296, 0, 0, 0, 1, 0, 16, 0, 0, 0, 0, 0, 0, 0, 0, 0, 0, 0, 0, 0, 0, 0, 0, 1, 1, )
time 0 = 13046 us
loop counter = (0, 64, 47, 17, 32, 0, 0, 0, 0, 1, 0, 0, 0, 1, 16, 4, 1, 1, 1, 225118, 1, 3601888, 0, 0, 0, 1, 0, 16, 0, 0, 0, 0, 0, 0, 0, 0, 0, 0, 0, 0, 0, 0, 0, 0, 1, 1, )
time 0 = 61975 us
loop counter = (0, 64, 36, 28, 32, 0, 0, 0, 0, 1, 0, 0, 0, 1, 16, 4, 1, 1, 1, 22954, 1, 367264, 0, 0, 0, 1, 0, 16, 0, 0, 0, 0, 0, 0, 0, 0, 0, 0, 0, 0, 0, 0, 0, 0, 1, 1, )
time 0 = 6460 us
loop counter = (0, 64, 41, 23, 32, 0, 0, 0, 0, 1, 0, 0, 0, 1, 16, 4, 1, 1, 1, 68902, 1, 1102432, 0, 0, 0, 1, 0, 16, 0, 0, 0, 0, 0, 0, 0, 0, 0, 0, 0, 0, 0, 0, 0, 0, 1, 1, )
time 0 = 23009 us
loop counter = (0, 64, 42, 22, 32, 0, 0, 0, 0, 1, 0, 0, 0, 1, 16, 4, 1, 1, 1, 80978, 1, 1295648, 0, 0, 0, 1, 0, 16, 0, 0, 0, 0, 0, 0, 0, 0, 0, 0, 0, 0, 0, 0, 0, 0, 1, 1, )
time 0 = 22498 us
loop counter = (0, 64, 38, 26, 32, 0, 0, 0, 0, 1, 0, 0, 0, 1, 16, 4, 1, 1, 1, 197555, 1, 3160880, 0, 0, 0, 1, 0, 16, 0, 0, 0, 0, 0, 0, 0, 0, 0, 0, 0, 0, 0, 0, 0, 0, 1, 1, )
time 0 = 58924 us
loop counter = (0, 64, 40, 24, 32, 0, 0, 0, 0, 1, 0, 0, 0, 1, 16, 4, 1, 1, 1, 75859, 1, 1213744, 0, 0, 0, 1, 0, 16, 0, 0, 0, 0, 0, 0, 0, 0, 0, 0, 0, 0, 0, 0, 0, 0, 1, 1, )
time 0 = 21046 us
loop counter = (0, 64, 37, 27, 32, 0, 0, 0, 0, 1, 0, 0, 0, 1, 16, 4, 1, 1, 1, 154886, 1, 2478176, 0, 0, 0, 1, 0, 16, 0, 0, 0, 0, 0, 0, 0, 0, 0, 0, 0, 0, 0, 0, 0, 0, 1, 1, )
time 0 = 48128 us
loop counter = (0, 64, 36, 28, 32, 0, 0, 0, 0, 1, 0, 0, 0, 1, 16, 4, 1, 1, 1, 49950, 1, 799200, 0, 0, 0, 1, 0, 16, 0, 0, 0, 0, 0, 0, 0, 0, 0, 0, 0, 0, 0, 0, 0, 0, 1, 1, )
time 0 = 28169 us
loop counter = (0, 64, 38, 26, 32, 0, 0, 0, 0, 1, 0, 0, 0, 1, 16, 4, 1, 1, 1, 85289, 1, 1364624, 0, 0, 0, 1, 0, 16, 0, 0, 0, 0, 0, 0, 0, 0, 0, 0, 0, 0, 0, 0, 0, 0, 1, 1, )
time 0 = 25040 us
loop counter = (0, 64, 41, 23, 32, 0, 0, 0, 0, 1, 0, 0, 0, 1, 16, 4, 1, 1, 1, 122568, 1, 1961088, 0, 0, 0, 1, 0, 16, 0, 0, 0, 0, 0, 0, 0, 0, 0, 0, 0, 0, 0, 0, 0, 0, 1, 1, )
time 0 = 35295 us
loop counter = (0, 64, 37, 27, 32, 0, 0, 0, 0, 1, 0, 0, 0, 1, 16, 4, 1, 1, 1, 46452, 1, 743232, 0, 0, 0, 1, 0, 16, 0, 0, 0, 0, 0, 0, 0, 0, 0, 0, 0, 0, 0, 0, 0, 0, 1, 1, )
time 0 = 12781 us
loop counter = (0, 64, 37, 27, 32, 0, 0, 0, 0, 1, 0, 0, 0, 1, 16, 4, 1, 1, 1, 154500, 1, 2472000, 0, 0, 0, 1, 0, 16, 0, 0, 0, 0, 0, 0, 0, 0, 0, 0, 0, 0, 0, 0, 0, 0, 1, 1, )
time 0 = 47146 us
loop counter = (0, 64, 38, 26, 32, 0, 0, 0, 0, 1, 0, 0, 0, 1, 16, 4, 1, 1, 1, 252900, 1, 4046400, 0, 0, 0, 1, 0, 16, 0, 0, 0, 0, 0, 0, 0, 0, 0, 0, 0, 0, 0, 0, 0, 0, 1, 1, )
time 0 = 78380 us
loop counter = (0, 64, 43, 21, 32, 0, 0, 0, 0, 1, 0, 0, 0, 1, 16, 4, 1, 1, 1, 161062, 1, 2576992, 0, 0, 0, 1, 0, 16, 0, 0, 0, 0, 0, 0, 0, 0, 0, 0, 0, 0, 0, 0, 0, 0, 1, 1, )
time 0 = 49516 us
loop counter = (0, 64, 35, 29, 32, 0, 0, 0, 0, 1, 0, 0, 0, 1, 16, 4, 1, 1, 1, 154913, 1, 2478608, 0, 0, 0, 1, 0, 16, 0, 0, 0, 0, 0, 0, 0, 0, 0, 0, 0, 0, 0, 0, 0, 0, 1, 1, )
time 0 = 47805 us
loop counter = (0, 64, 38, 26, 32, 0, 0, 0, 0, 1, 0, 0, 0, 1, 16, 4, 1, 1, 1, 132084, 1, 2113344, 0, 0, 0, 1, 0, 16, 0, 0, 0, 0, 0, 0, 0, 0, 0, 0, 0, 0, 0, 0, 0, 0, 1, 1, )
time 0 = 41544 us
loop counter = (0, 64, 39, 25, 32, 0, 0, 0, 0, 1, 0, 0, 0, 1, 16, 4, 1, 1, 1, 3821, 1, 61136, 0, 0, 0, 1, 0, 16, 0, 0, 0, 0, 0, 0, 0, 0, 0, 0, 0, 0, 0, 0, 0, 0, 1, 1, )
time 0 = 1065 us
loop counter = (0, 64, 39, 25, 32, 0, 0, 0, 0, 1, 0, 0, 0, 1, 16, 4, 1, 1, 1, 167600, 1, 2681600, 0, 0, 0, 1, 0, 16, 0, 0, 0, 0, 0, 0, 0, 0, 0, 0, 0, 0, 0, 0, 0, 0, 1, 1, )
time 0 = 46467 us
loop counter = (0, 64, 42, 22, 32, 0, 0, 0, 0, 1, 0, 0, 0, 1, 16, 4, 1, 1, 1, 172415, 1, 2758640, 0, 0, 0, 1, 0, 16, 0, 0, 0, 0, 0, 0, 0, 0, 0, 0, 0, 0, 0, 0, 0, 0, 1, 1, )
time 0 = 60029 us
loop counter = (0, 64, 38, 26, 32, 0, 0, 0, 0, 1, 0, 0, 0, 1, 16, 4, 1, 1, 1, 237089, 1, 3793424, 0, 0, 0, 1, 0, 16, 0, 0, 0, 0, 0, 0, 0, 0, 0, 0, 0, 0, 0, 0, 0, 0, 1, 1, )
time 0 = 75209 us
loop counter = (0, 64, 34, 30, 32, 0, 0, 0, 0, 1, 0, 0, 0, 1, 16, 4, 1, 1, 1, 145376, 1, 2326016, 0, 0, 0, 1, 0, 16, 0, 0, 0, 0, 0, 0, 0, 0, 0, 0, 0, 0, 0, 0, 0, 0, 1, 1, )
time 0 = 50696 us
loop counter = (0, 64, 41, 23, 32, 0, 0, 0, 0, 1, 0, 0, 0, 1, 16, 4, 1, 1, 1, 150138, 1, 2402208, 0, 0, 0, 1, 0, 16, 0, 0, 0, 0, 0, 0, 0, 0, 0, 0, 0, 0, 0, 0, 0, 0, 1, 1, )
time 0 = 44499 us
loop counter = (0, 64, 47, 17, 32, 0, 0, 0, 0, 1, 0, 0, 0, 1, 16, 4, 1, 1, 1, 135783, 1, 2172528, 0, 0, 0, 1, 0, 16, 0, 0, 0, 0, 0, 0, 0, 0, 0, 0, 0, 0, 0, 0, 0, 0, 1, 1, )
time 0 = 42506 us
loop counter = (0, 64, 44, 20, 32, 0, 0, 0, 0, 1, 0, 0, 0, 1, 16, 4, 1, 1, 1, 151851, 1, 2429616, 0, 0, 0, 1, 0, 16, 0, 0, 0, 0, 0, 0, 0, 0, 0, 0, 0, 0, 0, 0, 0, 0, 1, 1, )
time 0 = 44919 us
loop counter = (0, 64, 45, 19, 32, 0, 0, 0, 0, 1, 0, 0, 0, 1, 16, 4, 1, 1, 1, 20482, 1, 327712, 0, 0, 0, 1, 0, 16, 0, 0, 0, 0, 0, 0, 0, 0, 0, 0, 0, 0, 0, 0, 0, 0, 1, 1, )
time 0 = 5880 us
loop counter = (0, 64, 34, 30, 32, 0, 0, 0, 0, 1, 0, 0, 0, 1, 16, 4, 1, 1, 1, 3939, 1, 63024, 0, 0, 0, 1, 0, 16, 0, 0, 0, 0, 0, 0, 0, 0, 0, 0, 0, 0, 0, 0, 0, 0, 1, 1, )
time 0 = 1103 us
loop counter = (0, 64, 43, 21, 32, 0, 0, 0, 0, 1, 0, 0, 0, 1, 16, 4, 1, 1, 1, 14567, 1, 233072, 0, 0, 0, 1, 0, 16, 0, 0, 0, 0, 0, 0, 0, 0, 0, 0, 0, 0, 0, 0, 0, 0, 1, 1, )
time 0 = 4574 us
loop counter = (0, 64, 41, 23, 32, 0, 0, 0, 0, 1, 0, 0, 0, 1, 16, 4, 1, 1, 1, 319117, 1, 5105872, 0, 0, 0, 1, 0, 16, 0, 0, 0, 0, 0, 0, 0, 0, 0, 0, 0, 0, 0, 0, 0, 0, 1, 1, )
time 0 = 99115 us
loop counter = (0, 64, 38, 26, 32, 0, 0, 0, 0, 1, 0, 0, 0, 1, 16, 4, 1, 1, 1, 70002, 1, 1120032, 0, 0, 0, 1, 0, 16, 0, 0, 0, 0, 0, 0, 0, 0, 0, 0, 0, 0, 0, 0, 0, 0, 1, 1, )
time 0 = 19199 us
loop counter = (0, 64, 43, 21, 32, 0, 0, 0, 0, 1, 0, 0, 0, 1, 16, 4, 1, 1, 1, 304154, 1, 4866464, 0, 0, 0, 1, 0, 16, 0, 0, 0, 0, 0, 0, 0, 0, 0, 0, 0, 0, 0, 0, 0, 0, 1, 1, )
time 0 = 94090 us
loop counter = (0, 64, 35, 29, 32, 0, 0, 0, 0, 1, 0, 0, 0, 1, 16, 4, 1, 1, 1, 88879, 1, 1422064, 0, 0, 0, 1, 0, 16, 0, 0, 0, 0, 0, 0, 0, 0, 0, 0, 0, 0, 0, 0, 0, 0, 1, 1, )
time 0 = 24180 us
loop counter = (0, 64, 44, 20, 32, 0, 0, 0, 0, 1, 0, 0, 0, 1, 16, 4, 1, 1, 1, 130731, 1, 2091696, 0, 0, 0, 1, 0, 16, 0, 0, 0, 0, 0, 0, 0, 0, 0, 0, 0, 0, 0, 0, 0, 0, 1, 1, )
time 0 = 35849 us
loop counter = (0, 64, 46, 18, 32, 0, 0, 0, 0, 1, 0, 0, 0, 1, 16, 4, 1, 1, 1, 41991, 1, 671856, 0, 0, 0, 1, 0, 16, 0, 0, 0, 0, 0, 0, 0, 0, 0, 0, 0, 0, 0, 0, 0, 0, 1, 1, )
time 0 = 11512 us
loop counter = (0, 64, 34, 30, 32, 0, 0, 0, 0, 1, 0, 0, 0, 1, 16, 4, 1, 1, 1, 95923, 1, 1534768, 0, 0, 0, 1, 0, 16, 0, 0, 0, 0, 0, 0, 0, 0, 0, 0, 0, 0, 0, 0, 0, 0, 1, 1, )
time 0 = 26144 us
loop counter = (0, 64, 36, 28, 32, 0, 0, 0, 0, 1, 0, 0, 0, 1, 16, 4, 1, 1, 1, 234344, 1, 3749504, 0, 0, 0, 1, 0, 16, 0, 0, 0, 0, 0, 0, 0, 0, 0, 0, 0, 0, 0, 0, 0, 0, 1, 1, )
time 0 = 75767 us
loop counter = (0, 64, 37, 27, 32, 0, 0, 0, 0, 1, 0, 0, 0, 1, 16, 4, 1, 1, 1, 279736, 1, 4475776, 0, 0, 0, 1, 0, 16, 0, 0, 0, 0, 0, 0, 0, 0, 0, 0, 0, 0, 0, 0, 0, 0, 1, 1, )
time 0 = 101996 us
loop counter = (0, 64, 36, 28, 32, 0, 0, 0, 0, 1, 0, 0, 0, 1, 16, 4, 1, 1, 1, 215154, 1, 3442464, 0, 0, 0, 1, 0, 16, 0, 0, 0, 0, 0, 0, 0, 0, 0, 0, 0, 0, 0, 0, 0, 0, 1, 1, )
time 0 = 62813 us
loop counter = (0, 64, 34, 30, 32, 0, 0, 0, 0, 1, 0, 0, 0, 1, 16, 4, 1, 1, 1, 262691, 1, 4203056, 0, 0, 0, 1, 0, 16, 0, 0, 0, 0, 0, 0, 0, 0, 0, 0, 0, 0, 0, 0, 0, 0, 1, 1, )
time 0 = 86783 us
loop counter = (0, 64, 41, 23, 32, 0, 0, 0, 0, 1, 0, 0, 0, 1, 16, 4, 1, 1, 1, 18240, 1, 291840, 0, 0, 0, 1, 0, 16, 0, 0, 0, 0, 0, 0, 0, 0, 0, 0, 0, 0, 0, 0, 0, 0, 1, 1, )
time 0 = 5061 us
loop counter = (0, 64, 37, 27, 32, 0, 0, 0, 0, 1, 0, 0, 0, 1, 16, 4, 1, 1, 1, 174747, 1, 2795952, 0, 0, 0, 1, 0, 16, 0, 0, 0, 0, 0, 0, 0, 0, 0, 0, 0, 0, 0, 0, 0, 0, 1, 1, )
time 0 = 53458 us
loop counter = (0, 64, 39, 25, 32, 0, 0, 0, 0, 1, 0, 0, 0, 1, 16, 4, 1, 1, 1, 268940, 1, 4303040, 0, 0, 0, 1, 0, 16, 0, 0, 0, 0, 0, 0, 0, 0, 0, 0, 0, 0, 0, 0, 0, 0, 1, 1, )
time 0 = 81687 us
loop counter = (0, 64, 39, 25, 32, 0, 0, 0, 0, 1, 0, 0, 0, 1, 16, 4, 1, 1, 1, 207395, 1, 3318320, 0, 0, 0, 1, 0, 16, 0, 0, 0, 0, 0, 0, 0, 0, 0, 0, 0, 0, 0, 0, 0, 0, 1, 1, )
time 0 = 63638 us
loop counter = (0, 64, 38, 26, 32, 0, 0, 0, 0, 1, 0, 0, 0, 1, 16, 4, 1, 1, 1, 9797, 1, 156752, 0, 0, 0, 1, 0, 16, 0, 0, 0, 0, 0, 0, 0, 0, 0, 0, 0, 0, 0, 0, 0, 0, 1, 1, )
time 0 = 2663 us
loop counter = (0, 64, 42, 22, 32, 0, 0, 0, 0, 1, 0, 0, 0, 1, 16, 4, 1, 1, 1, 281455, 1, 4503280, 0, 0, 0, 1, 0, 16, 0, 0, 0, 0, 0, 0, 0, 0, 0, 0, 0, 0, 0, 0, 0, 0, 1, 1, )
time 0 = 83433 us
loop counter = (0, 64, 36, 28, 32, 0, 0, 0, 0, 1, 0, 0, 0, 1, 16, 4, 1, 1, 1, 180859, 1, 2893744, 0, 0, 0, 1, 0, 16, 0, 0, 0, 0, 0, 0, 0, 0, 0, 0, 0, 0, 0, 0, 0, 0, 1, 1, )
time 0 = 71692 us
loop counter = (0, 64, 44, 20, 32, 0, 0, 0, 0, 1, 0, 0, 0, 1, 16, 4, 1, 1, 1, 250976, 1, 4015616, 0, 0, 0, 1, 0, 16, 0, 0, 0, 0, 0, 0, 0, 0, 0, 0, 0, 0, 0, 0, 0, 0, 1, 1, )
time 0 = 143852 us
loop counter = (0, 64, 39, 25, 32, 0, 0, 0, 0, 1, 0, 0, 0, 1, 16, 4, 1, 1, 1, 237755, 1, 3804080, 0, 0, 0, 1, 0, 16, 0, 0, 0, 0, 0, 0, 0, 0, 0, 0, 0, 0, 0, 0, 0, 0, 1, 1, )
time 0 = 68446 us
loop counter = (0, 64, 39, 25, 32, 0, 0, 0, 0, 1, 0, 0, 0, 1, 16, 4, 1, 1, 1, 3026, 1, 48416, 0, 0, 0, 1, 0, 16, 0, 0, 0, 0, 0, 0, 0, 0, 0, 0, 0, 0, 0, 0, 0, 0, 1, 1, )
time 0 = 893 us
loop counter = (0, 64, 42, 22, 32, 0, 0, 0, 0, 1, 0, 0, 0, 1, 16, 4, 1, 1, 1, 87016, 1, 1392256, 0, 0, 0, 1, 0, 16, 0, 0, 0, 0, 0, 0, 0, 0, 0, 0, 0, 0, 0, 0, 0, 0, 1, 1, )
time 0 = 29252 us
loop counter = (0, 64, 42, 22, 32, 0, 0, 0, 0, 1, 0, 0, 0, 1, 16, 4, 1, 1, 1, 22220, 1, 355520, 0, 0, 0, 1, 0, 16, 0, 0, 0, 0, 0, 0, 0, 0, 0, 0, 0, 0, 0, 0, 0, 0, 1, 1, )
time 0 = 6158 us
loop counter = (0, 64, 45, 19, 32, 0, 0, 0, 0, 1, 0, 0, 0, 1, 16, 4, 1, 1, 1, 19326, 1, 309216, 0, 0, 0, 1, 0, 16, 0, 0, 0, 0, 0, 0, 0, 0, 0, 0, 0, 0, 0, 0, 0, 0, 1, 1, )
time 0 = 6090 us
loop counter = (0, 64, 43, 21, 32, 0, 0, 0, 0, 1, 0, 0, 0, 1, 16, 4, 1, 1, 1, 289406, 1, 4630496, 0, 0, 0, 1, 0, 16, 0, 0, 0, 0, 0, 0, 0, 0, 0, 0, 0, 0, 0, 0, 0, 0, 1, 1, )
time 0 = 88635 us
loop counter = (0, 64, 41, 23, 32, 0, 0, 0, 0, 1, 0, 0, 0, 1, 16, 4, 1, 1, 1, 82388, 1, 1318208, 0, 0, 0, 1, 0, 16, 0, 0, 0, 0, 0, 0, 0, 0, 0, 0, 0, 0, 0, 0, 0, 0, 1, 1, )
time 0 = 32053 us
loop counter = (0, 64, 42, 22, 32, 0, 0, 0, 0, 1, 0, 0, 0, 1, 16, 4, 1, 1, 1, 282212, 1, 4515392, 0, 0, 0, 1, 0, 16, 0, 0, 0, 0, 0, 0, 0, 0, 0, 0, 0, 0, 0, 0, 0, 0, 1, 1, )
time 0 = 86354 us
loop counter = (0, 64, 42, 22, 32, 0, 0, 0, 0, 1, 0, 0, 0, 1, 16, 4, 1, 1, 1, 242820, 1, 3885120, 0, 0, 0, 1, 0, 16, 0, 0, 0, 0, 0, 0, 0, 0, 0, 0, 0, 0, 0, 0, 0, 0, 1, 1, )
time 0 = 76409 us
loop counter = (0, 64, 46, 18, 32, 0, 0, 0, 0, 1, 0, 0, 0, 1, 16, 4, 1, 1, 1, 327404, 1, 5238464, 0, 0, 0, 1, 0, 16, 0, 0, 0, 0, 0, 0, 0, 0, 0, 0, 0, 0, 0, 0, 0, 0, 1, 1, )
time 0 = 105463 us
loop counter = (0, 64, 39, 25, 32, 0, 0, 0, 0, 1, 0, 0, 0, 1, 16, 4, 1, 1, 1, 1216, 1, 19456, 0, 0, 0, 1, 0, 16, 0, 0, 0, 0, 0, 0, 0, 0, 0, 0, 0, 0, 0, 0, 0, 0, 1, 1, )
time 0 = 428 us
loop counter = (0, 64, 40, 24, 32, 0, 0, 0, 0, 1, 0, 0, 0, 1, 16, 4, 1, 1, 1, 229867, 1, 3677872, 0, 0, 0, 1, 0, 16, 0, 0, 0, 0, 0, 0, 0, 0, 0, 0, 0, 0, 0, 0, 0, 0, 1, 1, )
time 0 = 92299 us
loop counter = (0, 64, 44, 20, 32, 0, 0, 0, 0, 1, 0, 0, 0, 1, 16, 4, 1, 1, 1, 93332, 1, 1493312, 0, 0, 0, 1, 0, 16, 0, 0, 0, 0, 0, 0, 0, 0, 0, 0, 0, 0, 0, 0, 0, 0, 1, 1, )
time 0 = 31403 us
loop counter = (0, 64, 34, 30, 32, 0, 0, 0, 0, 1, 0, 0, 0, 1, 16, 4, 1, 1, 1, 7028, 1, 112448, 0, 0, 0, 1, 0, 16, 0, 0, 0, 0, 0, 0, 0, 0, 0, 0, 0, 0, 0, 0, 0, 0, 1, 1, )
time 0 = 2284 us
loop counter = (0, 64, 33, 31, 32, 0, 0, 0, 0, 1, 0, 0, 0, 1, 16, 4, 1, 1, 1, 10815, 1, 173040, 0, 0, 0, 1, 0, 16, 0, 0, 0, 0, 0, 0, 0, 0, 0, 0, 0, 0, 0, 0, 0, 0, 1, 1, )
time 0 = 2999 us
loop counter = (0, 64, 37, 27, 32, 0, 0, 0, 0, 1, 0, 0, 0, 1, 16, 4, 1, 1, 1, 202139, 1, 3234224, 0, 0, 0, 1, 0, 16, 0, 0, 0, 0, 0, 0, 0, 0, 0, 0, 0, 0, 0, 0, 0, 0, 1, 1, )
time 0 = 60148 us
loop counter = (0, 64, 41, 23, 32, 0, 0, 0, 0, 1, 0, 0, 0, 1, 16, 4, 1, 1, 1, 35787, 1, 572592, 0, 0, 0, 1, 0, 16, 0, 0, 0, 0, 0, 0, 0, 0, 0, 0, 0, 0, 0, 0, 0, 0, 1, 1, )
time 0 = 10233 us
loop counter = (0, 64, 35, 29, 32, 0, 0, 0, 0, 1, 0, 0, 0, 1, 16, 4, 1, 1, 1, 286776, 1, 4588416, 0, 0, 0, 1, 0, 16, 0, 0, 0, 0, 0, 0, 0, 0, 0, 0, 0, 0, 0, 0, 0, 0, 1, 1, )
time 0 = 89962 us
loop counter = (0, 64, 46, 18, 32, 0, 0, 0, 0, 1, 0, 0, 0, 1, 16, 4, 1, 1, 1, 81045, 1, 1296720, 0, 0, 0, 1, 0, 16, 0, 0, 0, 0, 0, 0, 0, 0, 0, 0, 0, 0, 0, 0, 0, 0, 1, 1, )
time 0 = 26007 us
loop counter = (0, 64, 40, 24, 32, 0, 0, 0, 0, 1, 0, 0, 0, 1, 16, 4, 1, 1, 1, 119904, 1, 1918464, 0, 0, 0, 1, 0, 16, 0, 0, 0, 0, 0, 0, 0, 0, 0, 0, 0, 0, 0, 0, 0, 0, 1, 1, )
time 0 = 39379 us
loop counter = (0, 64, 37, 27, 32, 0, 0, 0, 0, 1, 0, 0, 0, 1, 16, 4, 1, 1, 1, 128737, 1, 2059792, 0, 0, 0, 1, 0, 16, 0, 0, 0, 0, 0, 0, 0, 0, 0, 0, 0, 0, 0, 0, 0, 0, 1, 1, )
time 0 = 35985 us
loop counter = (0, 64, 37, 27, 32, 0, 0, 0, 0, 1, 0, 0, 0, 1, 16, 4, 1, 1, 1, 301069, 1, 4817104, 0, 0, 0, 1, 0, 16, 0, 0, 0, 0, 0, 0, 0, 0, 0, 0, 0, 0, 0, 0, 0, 0, 1, 1, )
time 0 = 87075 us
loop counter = (0, 64, 38, 26, 32, 0, 0, 0, 0, 1, 0, 0, 0, 1, 16, 4, 1, 1, 1, 298758, 1, 4780128, 0, 0, 0, 1, 0, 16, 0, 0, 0, 0, 0, 0, 0, 0, 0, 0, 0, 0, 0, 0, 0, 0, 1, 1, )
time 0 = 92367 us
loop counter = (0, 64, 39, 25, 32, 0, 0, 0, 0, 1, 0, 0, 0, 1, 16, 4, 1, 1, 1, 260381, 1, 4166096, 0, 0, 0, 1, 0, 16, 0, 0, 0, 0, 0, 0, 0, 0, 0, 0, 0, 0, 0, 0, 0, 0, 1, 1, )
time 0 = 89343 us
loop counter = (0, 64, 40, 24, 32, 0, 0, 0, 0, 1, 0, 0, 0, 1, 16, 4, 1, 1, 1, 322829, 1, 5165264, 0, 0, 0, 1, 0, 16, 0, 0, 0, 0, 0, 0, 0, 0, 0, 0, 0, 0, 0, 0, 0, 0, 1, 1, )
time 0 = 98522 us
loop counter = (0, 64, 37, 27, 32, 0, 0, 0, 0, 1, 0, 0, 0, 1, 16, 4, 1, 1, 1, 118074, 1, 1889184, 0, 0, 0, 1, 0, 16, 0, 0, 0, 0, 0, 0, 0, 0, 0, 0, 0, 0, 0, 0, 0, 0, 1, 1, )
time 0 = 32717 us
loop counter = (0, 64, 41, 23, 32, 0, 0, 0, 0, 1, 0, 0, 0, 1, 16, 4, 1, 1, 1, 162344, 1, 2597504, 0, 0, 0, 1, 0, 16, 0, 0, 0, 0, 0, 0, 0, 0, 0, 0, 0, 0, 0, 0, 0, 0, 1, 1, )
time 0 = 52462 us
loop counter = (0, 64, 50, 14, 32, 0, 0, 0, 0, 1, 0, 0, 0, 1, 16, 4, 1, 1, 1, 206440, 1, 3303040, 0, 0, 0, 1, 0, 16, 0, 0, 0, 0, 0, 0, 0, 0, 0, 0, 0, 0, 0, 0, 0, 0, 1, 1, )
time 0 = 58926 us
loop counter = (0, 64, 41, 23, 32, 0, 0, 0, 0, 1, 0, 0, 0, 1, 16, 4, 1, 1, 1, 281983, 1, 4511728, 0, 0, 0, 1, 0, 16, 0, 0, 0, 0, 0, 0, 0, 0, 0, 0, 0, 0, 0, 0, 0, 0, 1, 1, )
time 0 = 83392 us
loop counter = (0, 64, 40, 24, 32, 0, 0, 0, 0, 1, 0, 0, 0, 1, 16, 4, 1, 1, 1, 315549, 1, 5048784, 0, 0, 0, 1, 0, 16, 0, 0, 0, 0, 0, 0, 0, 0, 0, 0, 0, 0, 0, 0, 0, 0, 1, 1, )
time 0 = 102523 us
loop counter = (0, 64, 42, 22, 32, 0, 0, 0, 0, 1, 0, 0, 0, 1, 16, 4, 1, 1, 1, 177770, 1, 2844320, 0, 0, 0, 1, 0, 16, 0, 0, 0, 0, 0, 0, 0, 0, 0, 0, 0, 0, 0, 0, 0, 0, 1, 1, )
time 0 = 55086 us
loop counter = (0, 64, 43, 21, 32, 0, 0, 0, 0, 1, 0, 0, 0, 1, 16, 4, 1, 1, 1, 205905, 1, 3294480, 0, 0, 0, 1, 0, 16, 0, 0, 0, 0, 0, 0, 0, 0, 0, 0, 0, 0, 0, 0, 0, 0, 1, 1, )
time 0 = 93758 us
loop counter = (0, 64, 45, 19, 32, 0, 0, 0, 0, 1, 0, 0, 0, 1, 16, 4, 1, 1, 1, 157578, 1, 2521248, 0, 0, 0, 1, 0, 16, 0, 0, 0, 0, 0, 0, 0, 0, 0, 0, 0, 0, 0, 0, 0, 0, 1, 1, )
time 0 = 45586 us
loop counter = (0, 64, 40, 24, 32, 0, 0, 0, 0, 1, 0, 0, 0, 1, 16, 4, 1, 1, 1, 297279, 1, 4756464, 0, 0, 0, 1, 0, 16, 0, 0, 0, 0, 0, 0, 0, 0, 0, 0, 0, 0, 0, 0, 0, 0, 1, 1, )
time 0 = 97364 us
loop counter = (0, 64, 43, 21, 32, 0, 0, 0, 0, 1, 0, 0, 0, 1, 16, 4, 1, 1, 1, 99379, 1, 1590064, 0, 0, 0, 1, 0, 16, 0, 0, 0, 0, 0, 0, 0, 0, 0, 0, 0, 0, 0, 0, 0, 0, 1, 1, )
time 0 = 49086 us
loop counter = (0, 64, 45, 19, 32, 0, 0, 0, 0, 1, 0, 0, 0, 1, 16, 4, 1, 1, 1, 247564, 1, 3961024, 0, 0, 0, 1, 0, 16, 0, 0, 0, 0, 0, 0, 0, 0, 0, 0, 0, 0, 0, 0, 0, 0, 1, 1, )
time 0 = 80691 us
loop counter = (0, 64, 35, 29, 32, 0, 0, 0, 0, 1, 0, 0, 0, 1, 16, 4, 1, 1, 1, 57081, 1, 913296, 0, 0, 0, 1, 0, 16, 0, 0, 0, 0, 0, 0, 0, 0, 0, 0, 0, 0, 0, 0, 0, 0, 1, 1, )
time 0 = 16606 us
loop counter = (0, 64, 35, 29, 32, 0, 0, 0, 0, 1, 0, 0, 0, 1, 16, 4, 1, 1, 1, 50460, 1, 807360, 0, 0, 0, 1, 0, 16, 0, 0, 0, 0, 0, 0, 0, 0, 0, 0, 0, 0, 0, 0, 0, 0, 1, 1, )
time 0 = 15007 us
loop counter = (0, 64, 36, 28, 32, 0, 0, 0, 0, 1, 0, 0, 0, 1, 16, 4, 1, 1, 1, 323527, 1, 5176432, 0, 0, 0, 1, 0, 16, 0, 0, 0, 0, 0, 0, 0, 0, 0, 0, 0, 0, 0, 0, 0, 0, 1, 1, )
time 0 = 98131 us
loop counter = (0, 64, 34, 30, 32, 0, 0, 0, 0, 1, 0, 0, 0, 1, 16, 4, 1, 1, 1, 84220, 1, 1347520, 0, 0, 0, 1, 0, 16, 0, 0, 0, 0, 0, 0, 0, 0, 0, 0, 0, 0, 0, 0, 0, 0, 1, 1, )
time 0 = 29453 us
loop counter = (0, 64, 37, 27, 32, 0, 0, 0, 0, 1, 0, 0, 0, 1, 16, 4, 1, 1, 1, 1318, 1, 21088, 0, 0, 0, 1, 0, 16, 0, 0, 0, 0, 0, 0, 0, 0, 0, 0, 0, 0, 0, 0, 0, 0, 1, 1, )
time 0 = 457 us
loop counter = (0, 64, 40, 24, 32, 0, 0, 0, 0, 1, 0, 0, 0, 1, 16, 4, 1, 1, 1, 14636, 1, 234176, 0, 0, 0, 1, 0, 16, 0, 0, 0, 0, 0, 0, 0, 0, 0, 0, 0, 0, 0, 0, 0, 0, 1, 1, )
time 0 = 4340 us
loop counter = (0, 64, 40, 24, 32, 0, 0, 0, 0, 1, 0, 0, 0, 1, 16, 4, 1, 1, 1, 33695, 1, 539120, 0, 0, 0, 1, 0, 16, 0, 0, 0, 0, 0, 0, 0, 0, 0, 0, 0, 0, 0, 0, 0, 0, 1, 1, )
time 0 = 10260 us
loop counter = (0, 64, 46, 18, 32, 0, 0, 0, 0, 1, 0, 0, 0, 1, 16, 4, 1, 1, 1, 272936, 1, 4366976, 0, 0, 0, 1, 0, 16, 0, 0, 0, 0, 0, 0, 0, 0, 0, 0, 0, 0, 0, 0, 0, 0, 1, 1, )
time 0 = 84184 us
loop counter = (0, 64, 38, 26, 32, 0, 0, 0, 0, 1, 0, 0, 0, 1, 16, 4, 1, 1, 1, 165658, 1, 2650528, 0, 0, 0, 1, 0, 16, 0, 0, 0, 0, 0, 0, 0, 0, 0, 0, 0, 0, 0, 0, 0, 0, 1, 1, )
time 0 = 51283 us
loop counter = (0, 64, 41, 23, 32, 0, 0, 0, 0, 1, 0, 0, 0, 1, 16, 4, 1, 1, 1, 293939, 1, 4703024, 0, 0, 0, 1, 0, 16, 0, 0, 0, 0, 0, 0, 0, 0, 0, 0, 0, 0, 0, 0, 0, 0, 1, 1, )
time 0 = 89331 us
loop counter = (0, 64, 45, 19, 32, 0, 0, 0, 0, 1, 0, 0, 0, 1, 16, 4, 1, 1, 1, 208609, 1, 3337744, 0, 0, 0, 1, 0, 16, 0, 0, 0, 0, 0, 0, 0, 0, 0, 0, 0, 0, 0, 0, 0, 0, 1, 1, )
time 0 = 60698 us
loop counter = (0, 64, 38, 26, 32, 0, 0, 0, 0, 1, 0, 0, 0, 1, 16, 4, 1, 1, 1, 88946, 1, 1423136, 0, 0, 0, 1, 0, 16, 0, 0, 0, 0, 0, 0, 0, 0, 0, 0, 0, 0, 0, 0, 0, 0, 1, 1, )
time 0 = 30936 us
loop counter = (0, 64, 43, 21, 32, 0, 0, 0, 0, 1, 0, 0, 0, 1, 16, 4, 1, 1, 1, 306459, 1, 4903344, 0, 0, 0, 1, 0, 16, 0, 0, 0, 0, 0, 0, 0, 0, 0, 0, 0, 0, 0, 0, 0, 0, 1, 1, )
time 0 = 95918 us
loop counter = (0, 64, 42, 22, 32, 0, 0, 0, 0, 1, 0, 0, 0, 1, 16, 4, 1, 1, 1, 13456, 1, 215296, 0, 0, 0, 1, 0, 16, 0, 0, 0, 0, 0, 0, 0, 0, 0, 0, 0, 0, 0, 0, 0, 0, 1, 1, )
time 0 = 3890 us
loop counter = (0, 64, 41, 23, 32, 0, 0, 0, 0, 1, 0, 0, 0, 1, 16, 4, 1, 1, 1, 215213, 1, 3443408, 0, 0, 0, 1, 0, 16, 0, 0, 0, 0, 0, 0, 0, 0, 0, 0, 0, 0, 0, 0, 0, 0, 1, 1, )
time 0 = 67007 us
loop counter = (0, 64, 37, 27, 32, 0, 0, 0, 0, 1, 0, 0, 0, 1, 16, 4, 1, 1, 1, 109858, 1, 1757728, 0, 0, 0, 1, 0, 16, 0, 0, 0, 0, 0, 0, 0, 0, 0, 0, 0, 0, 0, 0, 0, 0, 1, 1, )
time 0 = 33827 us
loop counter = (0, 64, 42, 22, 32, 0, 0, 0, 0, 1, 0, 0, 0, 1, 16, 4, 1, 1, 1, 19881, 1, 318096, 0, 0, 0, 1, 0, 16, 0, 0, 0, 0, 0, 0, 0, 0, 0, 0, 0, 0, 0, 0, 0, 0, 1, 1, )
time 0 = 8095 us
loop counter = (0, 64, 35, 29, 32, 0, 0, 0, 0, 1, 0, 0, 0, 1, 16, 4, 1, 1, 1, 150065, 1, 2401040, 0, 0, 0, 1, 0, 16, 0, 0, 0, 0, 0, 0, 0, 0, 0, 0, 0, 0, 0, 0, 0, 0, 1, 1, )
time 0 = 45120 us
loop counter = (0, 64, 43, 21, 32, 0, 0, 0, 0, 1, 0, 0, 0, 1, 16, 4, 1, 1, 1, 28640, 1, 458240, 0, 0, 0, 1, 0, 16, 0, 0, 0, 0, 0, 0, 0, 0, 0, 0, 0, 0, 0, 0, 0, 0, 1, 1, )
time 0 = 8780 us
loop counter = (0, 64, 41, 23, 32, 0, 0, 0, 0, 1, 0, 0, 0, 1, 16, 4, 1, 1, 1, 31011, 1, 496176, 0, 0, 0, 1, 0, 16, 0, 0, 0, 0, 0, 0, 0, 0, 0, 0, 0, 0, 0, 0, 0, 0, 1, 1, )
time 0 = 9035 us
loop counter = (0, 64, 41, 23, 32, 0, 0, 0, 0, 1, 0, 0, 0, 1, 16, 4, 1, 1, 1, 15480, 1, 247680, 0, 0, 0, 1, 0, 16, 0, 0, 0, 0, 0, 0, 0, 0, 0, 0, 0, 0, 0, 0, 0, 0, 1, 1, )
time 0 = 4638 us
loop counter = (0, 64, 46, 18, 32, 0, 0, 0, 0, 1, 0, 0, 0, 1, 16, 4, 1, 1, 1, 164966, 1, 2639456, 0, 0, 0, 1, 0, 16, 0, 0, 0, 0, 0, 0, 0, 0, 0, 0, 0, 0, 0, 0, 0, 0, 1, 1, )
time 0 = 49850 us
loop counter = (0, 64, 45, 19, 32, 0, 0, 0, 0, 1, 0, 0, 0, 1, 16, 4, 1, 1, 1, 108535, 1, 1736560, 0, 0, 0, 1, 0, 16, 0, 0, 0, 0, 0, 0, 0, 0, 0, 0, 0, 0, 0, 0, 0, 0, 1, 1, )
time 0 = 37461 us
loop counter = (0, 64, 41, 23, 32, 0, 0, 0, 0, 1, 0, 0, 0, 1, 16, 4, 1, 1, 1, 12813, 1, 205008, 0, 0, 0, 1, 0, 16, 0, 0, 0, 0, 0, 0, 0, 0, 0, 0, 0, 0, 0, 0, 0, 0, 1, 1, )
time 0 = 3811 us
loop counter = (0, 64, 46, 18, 32, 0, 0, 0, 0, 1, 0, 0, 0, 1, 16, 4, 1, 1, 1, 77732, 1, 1243712, 0, 0, 0, 1, 0, 16, 0, 0, 0, 0, 0, 0, 0, 0, 0, 0, 0, 0, 0, 0, 0, 0, 1, 1, )
time 0 = 27723 us
loop counter = (0, 64, 43, 21, 32, 0, 0, 0, 0, 1, 0, 0, 0, 1, 16, 4, 1, 1, 1, 239331, 1, 3829296, 0, 0, 0, 1, 0, 16, 0, 0, 0, 0, 0, 0, 0, 0, 0, 0, 0, 0, 0, 0, 0, 0, 1, 1, )
time 0 = 74925 us
loop counter = (0, 64, 50, 14, 32, 0, 0, 0, 0, 1, 0, 0, 0, 1, 16, 4, 1, 1, 1, 123184, 1, 1970944, 0, 0, 0, 1, 0, 16, 0, 0, 0, 0, 0, 0, 0, 0, 0, 0, 0, 0, 0, 0, 0, 0, 1, 1, )
time 0 = 41291 us
loop counter = (0, 64, 43, 21, 32, 0, 0, 0, 0, 1, 0, 0, 0, 1, 16, 4, 1, 1, 1, 241862, 1, 3869792, 0, 0, 0, 1, 0, 16, 0, 0, 0, 0, 0, 0, 0, 0, 0, 0, 0, 0, 0, 0, 0, 0, 1, 1, )
time 0 = 74519 us
loop counter = (0, 64, 43, 21, 32, 0, 0, 0, 0, 1, 0, 0, 0, 1, 16, 4, 1, 1, 1, 232346, 1, 3717536, 0, 0, 0, 1, 0, 16, 0, 0, 0, 0, 0, 0, 0, 0, 0, 0, 0, 0, 0, 0, 0, 0, 1, 1, )
time 0 = 76100 us
loop counter = (0, 64, 41, 23, 32, 0, 0, 0, 0, 1, 0, 0, 0, 1, 16, 4, 1, 1, 1, 55273, 1, 884368, 0, 0, 0, 1, 0, 16, 0, 0, 0, 0, 0, 0, 0, 0, 0, 0, 0, 0, 0, 0, 0, 0, 1, 1, )
time 0 = 20696 us
loop counter = (0, 64, 40, 24, 32, 0, 0, 0, 0, 1, 0, 0, 0, 1, 16, 4, 1, 1, 1, 258689, 1, 4139024, 0, 0, 0, 1, 0, 16, 0, 0, 0, 0, 0, 0, 0, 0, 0, 0, 0, 0, 0, 0, 0, 0, 1, 1, )
time 0 = 92206 us
loop counter = (0, 64, 43, 21, 32, 0, 0, 0, 0, 1, 0, 0, 0, 1, 16, 4, 1, 1, 1, 164716, 1, 2635456, 0, 0, 0, 1, 0, 16, 0, 0, 0, 0, 0, 0, 0, 0, 0, 0, 0, 0, 0, 0, 0, 0, 1, 1, )
time 0 = 53397 us
loop counter = (0, 64, 40, 24, 32, 0, 0, 0, 0, 1, 0, 0, 0, 1, 16, 4, 1, 1, 1, 105428, 1, 1686848, 0, 0, 0, 1, 0, 16, 0, 0, 0, 0, 0, 0, 0, 0, 0, 0, 0, 0, 0, 0, 0, 0, 1, 1, )
time 0 = 30621 us
loop counter = (0, 64, 41, 23, 32, 0, 0, 0, 0, 1, 0, 0, 0, 1, 16, 4, 1, 1, 1, 9971, 1, 159536, 0, 0, 0, 1, 0, 16, 0, 0, 0, 0, 0, 0, 0, 0, 0, 0, 0, 0, 0, 0, 0, 0, 1, 1, )
time 0 = 2908 us
loop counter = (0, 64, 41, 23, 32, 0, 0, 0, 0, 1, 0, 0, 0, 1, 16, 4, 1, 1, 1, 285597, 1, 4569552, 0, 0, 0, 1, 0, 16, 0, 0, 0, 0, 0, 0, 0, 0, 0, 0, 0, 0, 0, 0, 0, 0, 1, 1, )
time 0 = 84796 us
loop counter = (0, 64, 35, 29, 32, 0, 0, 0, 0, 1, 0, 0, 0, 1, 16, 4, 1, 1, 1, 90348, 1, 1445568, 0, 0, 0, 1, 0, 16, 0, 0, 0, 0, 0, 0, 0, 0, 0, 0, 0, 0, 0, 0, 0, 0, 1, 1, )
time 0 = 26500 us
loop counter = (0, 64, 40, 24, 32, 0, 0, 0, 0, 1, 0, 0, 0, 1, 16, 4, 1, 1, 1, 156534, 1, 2504544, 0, 0, 0, 1, 0, 16, 0, 0, 0, 0, 0, 0, 0, 0, 0, 0, 0, 0, 0, 0, 0, 0, 1, 1, )
time 0 = 45196 us
loop counter = (0, 64, 40, 24, 32, 0, 0, 0, 0, 1, 0, 0, 0, 1, 16, 4, 1, 1, 1, 139584, 1, 2233344, 0, 0, 0, 1, 0, 16, 0, 0, 0, 0, 0, 0, 0, 0, 0, 0, 0, 0, 0, 0, 0, 0, 1, 1, )
time 0 = 40988 us
loop counter = (0, 64, 45, 19, 32, 0, 0, 0, 0, 1, 0, 0, 0, 1, 16, 4, 1, 1, 1, 211550, 1, 3384800, 0, 0, 0, 1, 0, 16, 0, 0, 0, 0, 0, 0, 0, 0, 0, 0, 0, 0, 0, 0, 0, 0, 1, 1, )
time 0 = 63498 us
loop counter = (0, 64, 42, 22, 32, 0, 0, 0, 0, 1, 0, 0, 0, 1, 16, 4, 1, 1, 1, 159657, 1, 2554512, 0, 0, 0, 1, 0, 16, 0, 0, 0, 0, 0, 0, 0, 0, 0, 0, 0, 0, 0, 0, 0, 0, 1, 1, )
time 0 = 46295 us
loop counter = (0, 64, 43, 21, 32, 0, 0, 0, 0, 1, 0, 0, 0, 1, 16, 4, 1, 1, 1, 154248, 1, 2467968, 0, 0, 0, 1, 0, 16, 0, 0, 0, 0, 0, 0, 0, 0, 0, 0, 0, 0, 0, 0, 0, 0, 1, 1, )
time 0 = 45053 us
loop counter = (0, 64, 37, 27, 32, 0, 0, 0, 0, 1, 0, 0, 0, 1, 16, 4, 1, 1, 1, 271980, 1, 4351680, 0, 0, 0, 1, 0, 16, 0, 0, 0, 0, 0, 0, 0, 0, 0, 0, 0, 0, 0, 0, 0, 0, 1, 1, )
time 0 = 80747 us
loop counter = (0, 64, 36, 28, 32, 0, 0, 0, 0, 1, 0, 0, 0, 1, 16, 4, 1, 1, 1, 284525, 1, 4552400, 0, 0, 0, 1, 0, 16, 0, 0, 0, 0, 0, 0, 0, 0, 0, 0, 0, 0, 0, 0, 0, 0, 1, 1, )
time 0 = 88801 us
loop counter = (0, 64, 34, 30, 32, 0, 0, 0, 0, 1, 0, 0, 0, 1, 16, 4, 1, 1, 1, 203286, 1, 3252576, 0, 0, 0, 1, 0, 16, 0, 0, 0, 0, 0, 0, 0, 0, 0, 0, 0, 0, 0, 0, 0, 0, 1, 1, )
time 0 = 67261 us
loop counter = (0, 64, 43, 21, 32, 0, 0, 0, 0, 1, 0, 0, 0, 1, 16, 4, 1, 1, 1, 3839, 1, 61424, 0, 0, 0, 1, 0, 16, 0, 0, 0, 0, 0, 0, 0, 0, 0, 0, 0, 0, 0, 0, 0, 0, 1, 1, )
time 0 = 1256 us
loop counter = (0, 64, 44, 20, 32, 0, 0, 0, 0, 1, 0, 0, 0, 1, 16, 4, 1, 1, 1, 293113, 1, 4689808, 0, 0, 0, 1, 0, 16, 0, 0, 0, 0, 0, 0, 0, 0, 0, 0, 0, 0, 0, 0, 0, 0, 1, 1, )
time 0 = 92972 us
loop counter = (0, 64, 39, 25, 32, 0, 0, 0, 0, 1, 0, 0, 0, 1, 16, 4, 1, 1, 1, 270654, 1, 4330464, 0, 0, 0, 1, 0, 16, 0, 0, 0, 0, 0, 0, 0, 0, 0, 0, 0, 0, 0, 0, 0, 0, 1, 1, )
time 0 = 84142 us
loop counter = (0, 64, 46, 18, 32, 0, 0, 0, 0, 1, 0, 0, 0, 1, 16, 4, 1, 1, 1, 323849, 1, 5181584, 0, 0, 0, 1, 0, 16, 0, 0, 0, 0, 0, 0, 0, 0, 0, 0, 0, 0, 0, 0, 0, 0, 1, 1, )
time 0 = 96596 us
loop counter = (0, 64, 37, 27, 32, 0, 0, 0, 0, 1, 0, 0, 0, 1, 16, 4, 1, 1, 1, 88656, 1, 1418496, 0, 0, 0, 1, 0, 16, 0, 0, 0, 0, 0, 0, 0, 0, 0, 0, 0, 0, 0, 0, 0, 0, 1, 1, )
time 0 = 31413 us
loop counter = (0, 64, 38, 26, 32, 0, 0, 0, 0, 1, 0, 0, 0, 1, 16, 4, 1, 1, 1, 153353, 1, 2453648, 0, 0, 0, 1, 0, 16, 0, 0, 0, 0, 0, 0, 0, 0, 0, 0, 0, 0, 0, 0, 0, 0, 1, 1, )
time 0 = 48443 us
loop counter = (0, 64, 43, 21, 32, 0, 0, 0, 0, 1, 0, 0, 0, 1, 16, 4, 1, 1, 1, 128587, 1, 2057392, 0, 0, 0, 1, 0, 16, 0, 0, 0, 0, 0, 0, 0, 0, 0, 0, 0, 0, 0, 0, 0, 0, 1, 1, )
time 0 = 38633 us
loop counter = (0, 64, 44, 20, 32, 0, 0, 0, 0, 1, 0, 0, 0, 1, 16, 4, 1, 1, 1, 280872, 1, 4493952, 0, 0, 0, 1, 0, 16, 0, 0, 0, 0, 0, 0, 0, 0, 0, 0, 0, 0, 0, 0, 0, 0, 1, 1, )
time 0 = 86499 us
loop counter = (0, 64, 37, 27, 32, 0, 0, 0, 0, 1, 0, 0, 0, 1, 16, 4, 1, 1, 1, 41682, 1, 666912, 0, 0, 0, 1, 0, 16, 0, 0, 0, 0, 0, 0, 0, 0, 0, 0, 0, 0, 0, 0, 0, 0, 1, 1, )
time 0 = 12631 us
loop counter = (0, 64, 40, 24, 32, 0, 0, 0, 0, 1, 0, 0, 0, 1, 16, 4, 1, 1, 1, 16188, 1, 259008, 0, 0, 0, 1, 0, 16, 0, 0, 0, 0, 0, 0, 0, 0, 0, 0, 0, 0, 0, 0, 0, 0, 1, 1, )
time 0 = 4843 us
loop counter = (0, 64, 41, 23, 32, 0, 0, 0, 0, 1, 0, 0, 0, 1, 16, 4, 1, 1, 1, 49208, 1, 787328, 0, 0, 0, 1, 0, 16, 0, 0, 0, 0, 0, 0, 0, 0, 0, 0, 0, 0, 0, 0, 0, 0, 1, 1, )
time 0 = 14404 us
loop counter = (0, 64, 41, 23, 32, 0, 0, 0, 0, 1, 0, 0, 0, 1, 16, 4, 1, 1, 1, 137940, 1, 2207040, 0, 0, 0, 1, 0, 16, 0, 0, 0, 0, 0, 0, 0, 0, 0, 0, 0, 0, 0, 0, 0, 0, 1, 1, )
time 0 = 45359 us
loop counter = (0, 64, 39, 25, 32, 0, 0, 0, 0, 1, 0, 0, 0, 1, 16, 4, 1, 1, 1, 30055, 1, 480880, 0, 0, 0, 1, 0, 16, 0, 0, 0, 0, 0, 0, 0, 0, 0, 0, 0, 0, 0, 0, 0, 0, 1, 1, )
time 0 = 9124 us
loop counter = (0, 64, 43, 21, 32, 0, 0, 0, 0, 1, 0, 0, 0, 1, 16, 4, 1, 1, 1, 152518, 1, 2440288, 0, 0, 0, 1, 0, 16, 0, 0, 0, 0, 0, 0, 0, 0, 0, 0, 0, 0, 0, 0, 0, 0, 1, 1, )
time 0 = 44285 us
loop counter = (0, 64, 47, 17, 32, 0, 0, 0, 0, 1, 0, 0, 0, 1, 16, 4, 1, 1, 1, 214538, 1, 3432608, 0, 0, 0, 1, 0, 16, 0, 0, 0, 0, 0, 0, 0, 0, 0, 0, 0, 0, 0, 0, 0, 0, 1, 1, )
time 0 = 66403 us
loop counter = (0, 64, 38, 26, 32, 0, 0, 0, 0, 1, 0, 0, 0, 1, 16, 4, 1, 1, 1, 317015, 1, 5072240, 0, 0, 0, 1, 0, 16, 0, 0, 0, 0, 0, 0, 0, 0, 0, 0, 0, 0, 0, 0, 0, 0, 1, 1, )
time 0 = 100679 us
loop counter = (0, 64, 42, 22, 32, 0, 0, 0, 0, 1, 0, 0, 0, 1, 16, 4, 1, 1, 1, 194204, 1, 3107264, 0, 0, 0, 1, 0, 16, 0, 0, 0, 0, 0, 0, 0, 0, 0, 0, 0, 0, 0, 0, 0, 0, 1, 1, )
time 0 = 56655 us
loop counter = (0, 64, 44, 20, 32, 0, 0, 0, 0, 1, 0, 0, 0, 1, 16, 4, 1, 1, 1, 208467, 1, 3335472, 0, 0, 0, 1, 0, 16, 0, 0, 0, 0, 0, 0, 0, 0, 0, 0, 0, 0, 0, 0, 0, 0, 1, 1, )
time 0 = 60538 us
loop counter = (0, 64, 42, 22, 32, 0, 0, 0, 0, 1, 0, 0, 0, 1, 16, 4, 1, 1, 1, 175280, 1, 2804480, 0, 0, 0, 1, 0, 16, 0, 0, 0, 0, 0, 0, 0, 0, 0, 0, 0, 0, 0, 0, 0, 0, 1, 1, )
time 0 = 51383 us
loop counter = (0, 64, 43, 21, 32, 0, 0, 0, 0, 1, 0, 0, 0, 1, 16, 4, 1, 1, 1, 98155, 1, 1570480, 0, 0, 0, 1, 0, 16, 0, 0, 0, 0, 0, 0, 0, 0, 0, 0, 0, 0, 0, 0, 0, 0, 1, 1, )
time 0 = 28826 us
loop counter = (0, 64, 43, 21, 32, 0, 0, 0, 0, 1, 0, 0, 0, 1, 16, 4, 1, 1, 1, 78437, 1, 1254992, 0, 0, 0, 1, 0, 16, 0, 0, 0, 0, 0, 0, 0, 0, 0, 0, 0, 0, 0, 0, 0, 0, 1, 1, )
time 0 = 22884 us
loop counter = (0, 64, 45, 19, 32, 0, 0, 0, 0, 1, 0, 0, 0, 1, 16, 4, 1, 1, 1, 9342, 1, 149472, 0, 0, 0, 1, 0, 16, 0, 0, 0, 0, 0, 0, 0, 0, 0, 0, 0, 0, 0, 0, 0, 0, 1, 1, )
time 0 = 2763 us
loop counter = (0, 64, 44, 20, 32, 0, 0, 0, 0, 1, 0, 0, 0, 1, 16, 4, 1, 1, 1, 284638, 1, 4554208, 0, 0, 0, 1, 0, 16, 0, 0, 0, 0, 0, 0, 0, 0, 0, 0, 0, 0, 0, 0, 0, 0, 1, 1, )
time 0 = 84546 us
loop counter = (0, 64, 39, 25, 32, 0, 0, 0, 0, 1, 0, 0, 0, 1, 16, 4, 1, 1, 1, 181521, 1, 2904336, 0, 0, 0, 1, 0, 16, 0, 0, 0, 0, 0, 0, 0, 0, 0, 0, 0, 0, 0, 0, 0, 0, 1, 1, )
time 0 = 52617 us
loop counter = (0, 64, 40, 24, 32, 0, 0, 0, 0, 1, 0, 0, 0, 1, 16, 4, 1, 1, 1, 167008, 1, 2672128, 0, 0, 0, 1, 0, 16, 0, 0, 0, 0, 0, 0, 0, 0, 0, 0, 0, 0, 0, 0, 0, 0, 1, 1, )
time 0 = 52589 us
loop counter = (0, 64, 35, 29, 32, 0, 0, 0, 0, 1, 0, 0, 0, 1, 16, 4, 1, 1, 1, 116466, 1, 1863456, 0, 0, 0, 1, 0, 16, 0, 0, 0, 0, 0, 0, 0, 0, 0, 0, 0, 0, 0, 0, 0, 0, 1, 1, )
time 0 = 33633 us
loop counter = (0, 64, 36, 28, 32, 0, 0, 0, 0, 1, 0, 0, 0, 1, 16, 4, 1, 1, 1, 64700, 1, 1035200, 0, 0, 0, 1, 0, 16, 0, 0, 0, 0, 0, 0, 0, 0, 0, 0, 0, 0, 0, 0, 0, 0, 1, 1, )
time 0 = 23401 us
loop counter = (0, 64, 42, 22, 32, 0, 0, 0, 0, 1, 0, 0, 0, 1, 16, 4, 1, 1, 1, 262867, 1, 4205872, 0, 0, 0, 1, 0, 16, 0, 0, 0, 0, 0, 0, 0, 0, 0, 0, 0, 0, 0, 0, 0, 0, 1, 1, )
time 0 = 84616 us
loop counter = (0, 64, 40, 24, 32, 0, 0, 0, 0, 1, 0, 0, 0, 1, 16, 4, 1, 1, 1, 241281, 1, 3860496, 0, 0, 0, 1, 0, 16, 0, 0, 0, 0, 0, 0, 0, 0, 0, 0, 0, 0, 0, 0, 0, 0, 1, 1, )
time 0 = 75670 us
loop counter = (0, 64, 45, 19, 32, 0, 0, 0, 0, 1, 0, 0, 0, 1, 16, 4, 1, 1, 1, 239329, 1, 3829264, 0, 0, 0, 1, 0, 16, 0, 0, 0, 0, 0, 0, 0, 0, 0, 0, 0, 0, 0, 0, 0, 0, 1, 1, )
time 0 = 76885 us
loop counter = (0, 64, 34, 30, 32, 0, 0, 0, 0, 1, 0, 0, 0, 1, 16, 4, 1, 1, 1, 65139, 1, 1042224, 0, 0, 0, 1, 0, 16, 0, 0, 0, 0, 0, 0, 0, 0, 0, 0, 0, 0, 0, 0, 0, 0, 1, 1, )
time 0 = 18966 us
loop counter = (0, 64, 38, 26, 32, 0, 0, 0, 0, 1, 0, 0, 0, 1, 16, 4, 1, 1, 1, 314520, 1, 5032320, 0, 0, 0, 1, 0, 16, 0, 0, 0, 0, 0, 0, 0, 0, 0, 0, 0, 0, 0, 0, 0, 0, 1, 1, )
time 0 = 98659 us
loop counter = (0, 64, 33, 31, 32, 0, 0, 0, 0, 1, 0, 0, 0, 1, 16, 4, 1, 1, 1, 134380, 1, 2150080, 0, 0, 0, 1, 0, 16, 0, 0, 0, 0, 0, 0, 0, 0, 0, 0, 0, 0, 0, 0, 0, 0, 1, 1, )
time 0 = 43094 us
loop counter = (0, 64, 42, 22, 32, 0, 0, 0, 0, 1, 0, 0, 0, 1, 16, 4, 1, 1, 1, 26650, 1, 426400, 0, 0, 0, 1, 0, 16, 0, 0, 0, 0, 0, 0, 0, 0, 0, 0, 0, 0, 0, 0, 0, 0, 1, 1, )
time 0 = 7659 us
loop counter = (0, 64, 28, 36, 32, 0, 0, 0, 0, 1, 0, 0, 0, 1, 16, 4, 1, 1, 1, 16229, 1, 259664, 0, 0, 0, 1, 0, 16, 0, 0, 0, 0, 0, 0, 0, 0, 0, 0, 0, 0, 0, 0, 0, 0, 1, 1, )
time 0 = 4621 us
loop counter = (0, 64, 41, 23, 32, 0, 0, 0, 0, 1, 0, 0, 0, 1, 16, 4, 1, 1, 1, 204194, 1, 3267104, 0, 0, 0, 1, 0, 16, 0, 0, 0, 0, 0, 0, 0, 0, 0, 0, 0, 0, 0, 0, 0, 0, 1, 1, )
time 0 = 57158 us
loop counter = (0, 64, 41, 23, 32, 0, 0, 0, 0, 1, 0, 0, 0, 1, 16, 4, 1, 1, 1, 92316, 1, 1477056, 0, 0, 0, 1, 0, 16, 0, 0, 0, 0, 0, 0, 0, 0, 0, 0, 0, 0, 0, 0, 0, 0, 1, 1, )
time 0 = 26295 us
loop counter = (0, 64, 37, 27, 32, 0, 0, 0, 0, 1, 0, 0, 0, 1, 16, 4, 1, 1, 1, 321787, 1, 5148592, 0, 0, 0, 1, 0, 16, 0, 0, 0, 0, 0, 0, 0, 0, 0, 0, 0, 0, 0, 0, 0, 0, 1, 1, )
time 0 = 98868 us
loop counter = (0, 64, 42, 22, 32, 0, 0, 0, 0, 1, 0, 0, 0, 1, 16, 4, 1, 1, 1, 23899, 1, 382384, 0, 0, 0, 1, 0, 16, 0, 0, 0, 0, 0, 0, 0, 0, 0, 0, 0, 0, 0, 0, 0, 0, 1, 1, )
time 0 = 7651 us
loop counter = (0, 64, 37, 27, 32, 0, 0, 0, 0, 1, 0, 0, 0, 1, 16, 4, 1, 1, 1, 192082, 1, 3073312, 0, 0, 0, 1, 0, 16, 0, 0, 0, 0, 0, 0, 0, 0, 0, 0, 0, 0, 0, 0, 0, 0, 1, 1, )
time 0 = 55372 us
loop counter = (0, 64, 36, 28, 32, 0, 0, 0, 0, 1, 0, 0, 0, 1, 16, 4, 1, 1, 1, 68353, 1, 1093648, 0, 0, 0, 1, 0, 16, 0, 0, 0, 0, 0, 0, 0, 0, 0, 0, 0, 0, 0, 0, 0, 0, 1, 1, )
time 0 = 24630 us
