loop counter = (0, 0, 0, 0, 0, 0, 0, 0, 0, 0, 0, 0, 0, 0, 0, 0, 0, 0, 0, 0, 0, 0, 0, 1, 0, 39, 0, 4872, 77952, 311808, 97440, 97440, 97440, 97440, 0, 0, 0, 0, 0, 0, 0, 16, 64, 20, 20, 20, 20, )
f336b0b97ccaf9c8 4ff2da146b8bf322 a09f4a88bdd70d17 5830a590e9dd3ed3 cc9de649907ef229
time 0 = 1869 us
loop counter = (0, 0, 0, 0, 0, 0, 0, 0, 0, 0, 0, 0, 0, 0, 0, 0, 0, 0, 0, 0, 0, 0, 0, 1, 0, 397, 0, 50743, 811888, 3247552, 1014860, 1014860, 1014860, 1014860, 0, 0, 0, 0, 0, 0, 0, 16, 64, 20, 20, 20, 20, )
e83db9ebede9545e b3863000d9e078f2 6a008dbb04687bcb d20529da2e746404 cd5a0eb37376a26
time 0 = 17384 us
loop counter = (0, 0, 0, 0, 0, 0, 0, 0, 0, 0, 0, 0, 0, 0, 0, 0, 0, 0, 0, 0, 0, 0, 0, 1, 0, 20, 0, 2520, 40320, 161280, 50400, 50400, 50400, 50400, 0, 0, 0, 0, 0, 0, 0, 16, 64, 20, 20, 20, 20, )
5a9524074e973f9c fea2ff8e4567a429 1af7440e9547921a 1aee5c11ab9776cc b15e2b2b5e6ba7c1
time 0 = 1009 us
loop counter = (0, 0, 0, 0, 0, 0, 0, 0, 0, 0, 0, 0, 0, 0, 0, 0, 0, 0, 0, 0, 0, 0, 0, 1, 0, 197, 0, 25207, 403312, 1613248, 504140, 504140, 504140, 504140, 0, 0, 0, 0, 0, 0, 0, 16, 64, 20, 20, 20, 20, )
929df9e3516caf3c 8017fa4ffb500b4b 8e0407b03a355584 3b86b1f8df845af5 6966fc446de59d17
time 0 = 9070 us
loop counter = (0, 0, 0, 0, 0, 0, 0, 0, 0, 0, 0, 0, 0, 0, 0, 0, 0, 0, 0, 0, 0, 0, 0, 1, 0, 425, 0, 54309, 868944, 3475776, 1086180, 1086180, 1086180, 1086180, 0, 0, 0, 0, 0, 0, 0, 16, 64, 20, 20, 20, 20, )
dc4fa5f8997b255b 13812c7d3724e37e 26b577e9d2afcf79 ede0477da2d3dadc 5b5a30f248623b07
time 0 = 19511 us
loop counter = (0, 0, 0, 0, 0, 0, 0, 0, 0, 0, 0, 0, 0, 0, 0, 0, 0, 0, 0, 0, 0, 0, 0, 1, 0, 300, 0, 38355, 613680, 2454720, 767100, 767100, 767100, 767100, 0, 0, 0, 0, 0, 0, 0, 16, 64, 20, 20, 20, 20, )
d0e63ae3dc77fbeb 516a311e58162c5b 798654fffbd52b5a 8c10b9c99634d2c8 d987fb0bd4a9b68a
time 0 = 12017 us
loop counter = (0, 0, 0, 0, 0, 0, 0, 0, 0, 0, 0, 0, 0, 0, 0, 0, 0, 0, 0, 0, 0, 0, 0, 1, 0, 94, 0, 11990, 191840, 767360, 239800, 239800, 239800, 239800, 0, 0, 0, 0, 0, 0, 0, 16, 64, 20, 20, 20, 20, )
6f58559b1064415 a62d4cd6f190a59f 7263c1c61ce69f71 75fdb112af4fc2a 17fe03890d5e2a2a
time 0 = 3544 us
loop counter = (0, 0, 0, 0, 0, 0, 0, 0, 0, 0, 0, 0, 0, 0, 0, 0, 0, 0, 0, 0, 0, 0, 0, 1, 0, 2, 0, 150, 2400, 9600, 3000, 3000, 3000, 3000, 0, 0, 0, 0, 0, 0, 0, 16, 64, 20, 20, 20, 20, )
d09b9bcdd9ac1563 78baa159dc30395e ad4461e9aa55fab3 9602c74a545dd4fd e921bee6f37fad4a
time 0 = 60 us
loop counter = (0, 0, 0, 0, 0, 0, 0, 0, 0, 0, 0, 0, 0, 0, 0, 0, 0, 0, 0, 0, 0, 0, 0, 1, 0, 38, 0, 4825, 77200, 308800, 96500, 96500, 96500, 96500, 0, 0, 0, 0, 0, 0, 0, 16, 64, 20, 20, 20, 20, )
7c6fcec07f7a339c 73319884fee0395e c2c998aa915c07f4 d9ead748ed08c9a2 d1918d3d8fa65bd3
time 0 = 1462 us
loop counter = (0, 0, 0, 0, 0, 0, 0, 0, 0, 0, 0, 0, 0, 0, 0, 0, 0, 0, 0, 0, 0, 0, 0, 1, 0, 395, 0, 50556, 808896, 3235584, 1011120, 1011120, 1011120, 1011120, 0, 0, 0, 0, 0, 0, 0, 16, 64, 20, 20, 20, 20, )
d30f720074b46084 2e4d373eb8abfb16 a0425e065ab46b4b a24f1b1bb8aba935 7545f89161a4f018
time 0 = 18621 us
loop counter = (0, 0, 0, 0, 0, 0, 0, 0, 0, 0, 0, 0, 0, 0, 0, 0, 0, 0, 0, 0, 0, 0, 0, 1, 0, 452, 0, 57734, 923744, 3694976, 1154680, 1154680, 1154680, 1154680, 0, 0, 0, 0, 0, 0, 0, 16, 64, 20, 20, 20, 20, )
e7683ef9c7ec2b46 337dd2955ae63529 440cc8201e5d13be 21ca7ff7993555bf ef082989f06fd9f2
time 0 = 18577 us
loop counter = (0, 0, 0, 0, 0, 0, 0, 0, 0, 0, 0, 0, 0, 0, 0, 0, 0, 0, 0, 0, 0, 0, 0, 1, 0, 645, 0, 82454, 1319264, 5277056, 1649080, 1649080, 1649080, 1649080, 0, 0, 0, 0, 0, 0, 0, 16, 64, 20, 20, 20, 20, )
2743ba604fe0c991 75f9062e0c78df60 1e6790b2cc9a4622 edc576e36e722d5a 73482615b40505de
time 0 = 26299 us
loop counter = (0, 0, 0, 0, 0, 0, 0, 0, 0, 0, 0, 0, 0, 0, 0, 0, 0, 0, 0, 0, 0, 0, 0, 1, 0, 40, 0, 5100, 81600, 326400, 102000, 102000, 102000, 102000, 0, 0, 0, 0, 0, 0, 0, 16, 64, 20, 20, 20, 20, )
8064ade5823857d3 25c088f2d5e2b34 29f17056e9766c2a cbe9482ae9a5286a 72442e13e5b6b90b
time 0 = 1513 us
loop counter = (0, 0, 0, 0, 0, 0, 0, 0, 0, 0, 0, 0, 0, 0, 0, 0, 0, 0, 0, 0, 0, 0, 0, 1, 0, 349, 0, 44595, 713520, 2854080, 891900, 891900, 891900, 891900, 0, 0, 0, 0, 0, 0, 0, 16, 64, 20, 20, 20, 20, )
1d3b614e59eef29a f39d5b66c8384616 e867bd052f8cd97f 470439476c7e2f28 b21cb0b8412d605
time 0 = 18361 us
loop counter = (0, 0, 0, 0, 0, 0, 0, 0, 0, 0, 0, 0, 0, 0, 0, 0, 0, 0, 0, 0, 0, 0, 0, 1, 0, 526, 0, 67298, 1076768, 4307072, 1345960, 1345960, 1345960, 1345960, 0, 0, 0, 0, 0, 0, 0, 16, 64, 20, 20, 20, 20, )
f71673429fe5b1a7 b14912d041390f24 989d989b66eb0479 8780b3ca529e2092 5843c970681a6e4a
time 0 = 25356 us
loop counter = (0, 0, 0, 0, 0, 0, 0, 0, 0, 0, 0, 0, 0, 0, 0, 0, 0, 0, 0, 0, 0, 0, 0, 1, 0, 117, 0, 14974, 239584, 958336, 299480, 299480, 299480, 299480, 0, 0, 0, 0, 0, 0, 0, 16, 64, 20, 20, 20, 20, )
852b0c6f92be19d4 54053c3ec9883122 378f88407f64e01a 29b0832056c8ed7b 391af537de672d44
time 0 = 4598 us
loop counter = (0, 0, 0, 0, 0, 0, 0, 0, 0, 0, 0, 0, 0, 0, 0, 0, 0, 0, 0, 0, 0, 0, 0, 1, 0, 274, 0, 34966, 559456, 2237824, 699320, 699320, 699320, 699320, 0, 0, 0, 0, 0, 0, 0, 16, 64, 20, 20, 20, 20, )
8bbb7d797f675e93 47dce25f09ed5480 9cd50672d3ad11d2 17e6043c0e0e32a1 570e427aede46bfa
time 0 = 12055 us
loop counter = (0, 0, 0, 0, 0, 0, 0, 0, 0, 0, 0, 0, 0, 0, 0, 0, 0, 0, 0, 0, 0, 0, 0, 1, 0, 486, 0, 62173, 994768, 3979072, 1243460, 1243460, 1243460, 1243460, 0, 0, 0, 0, 0, 0, 0, 16, 64, 20, 20, 20, 20, )
471c7aad06fb613a 1a19de2573223c8 16e1c83f660f2eed 8b1407ff1f17bf 49c629ce214355f8
time 0 = 22458 us
loop counter = (0, 0, 0, 0, 0, 0, 0, 0, 0, 0, 0, 0, 0, 0, 0, 0, 0, 0, 0, 0, 0, 0, 0, 1, 0, 104, 0, 13208, 211328, 845312, 264160, 264160, 264160, 264160, 0, 0, 0, 0, 0, 0, 0, 16, 64, 20, 20, 20, 20, )
d6fc65a7dd205a03 a2ba349a7bcfb966 47518387276b4dfa 6878041186358fc2 b3821384065a4a07
time 0 = 3959 us
loop counter = (0, 0, 0, 0, 0, 0, 0, 0, 0, 0, 0, 0, 0, 0, 0, 0, 0, 0, 0, 0, 0, 0, 0, 1, 0, 442, 0, 56550, 904800, 3619200, 1131000, 1131000, 1131000, 1131000, 0, 0, 0, 0, 0, 0, 0, 16, 64, 20, 20, 20, 20, )
72855908c59da2d2 be2e56fd06dd4410 9c1a8969fbd4788f e67a150256eb30d1 38511491a8148539
time 0 = 18870 us
loop counter = (0, 0, 0, 0, 0, 0, 0, 0, 0, 0, 0, 0, 0, 0, 0, 0, 0, 0, 0, 0, 0, 0, 0, 1, 0, 517, 0, 66087, 1057392, 4229568, 1321740, 1321740, 1321740, 1321740, 0, 0, 0, 0, 0, 0, 0, 16, 64, 20, 20, 20, 20, )
3d47ae1986b94cc 83fd8da87544b6cd 58e5610d02aeda4a 256cf170e3656dc5 375ed1d666f6ca5d
time 0 = 21036 us
loop counter = (0, 0, 0, 0, 0, 0, 0, 0, 0, 0, 0, 0, 0, 0, 0, 0, 0, 0, 0, 0, 0, 0, 0, 1, 0, 228, 0, 29173, 466768, 1867072, 583460, 583460, 583460, 583460, 0, 0, 0, 0, 0, 0, 0, 16, 64, 20, 20, 20, 20, )
7dd2c44679d97005 469e6cd8e0bd0c56 4981e0179c861d6d 9857e1632fbc0c22 ee0f46b4bd332518
time 0 = 10224 us
loop counter = (0, 0, 0, 0, 0, 0, 0, 0, 0, 0, 0, 0, 0, 0, 0, 0, 0, 0, 0, 0, 0, 0, 0, 1, 0, 503, 0, 64290, 1028640, 4114560, 1285800, 1285800, 1285800, 1285800, 0, 0, 0, 0, 0, 0, 0, 16, 64, 20, 20, 20, 20, )
5b57815e3b5aadc0 465d91f515946a2e 40fe73457705048c e4da9182e3fd9907 e54ee4cfd93b1477
time 0 = 22214 us
loop counter = (0, 0, 0, 0, 0, 0, 0, 0, 0, 0, 0, 0, 0, 0, 0, 0, 0, 0, 0, 0, 0, 0, 0, 1, 0, 399, 0, 51016, 816256, 3265024, 1020320, 1020320, 1020320, 1020320, 1, 16, 64, 20, 20, 20, 20, 16, 64, 20, 20, 20, 20, )
14fb34da739c95c9 24cb81430cfe46a5 9f7eae752f53e9f8 f53c161ae73fc6e 441d23c13b182fc4
time 0 = 16312 us
loop counter = (0, 0, 0, 0, 0, 0, 0, 0, 0, 0, 0, 0, 0, 0, 0, 0, 0, 0, 0, 0, 0, 0, 0, 1, 0, 284, 0, 36274, 580384, 2321536, 725480, 725480, 725480, 725480, 0, 0, 0, 0, 0, 0, 0, 16, 64, 20, 20, 20, 20, )
dd8990f021a5be2e 2dc101b327c1e651 8e4ae63c1c9e0901 7e98f7a8e4374d97 dd71e5bae0f75994
time 0 = 11553 us
loop counter = (0, 0, 0, 0, 0, 0, 0, 0, 0, 0, 0, 0, 0, 0, 0, 0, 0, 0, 0, 0, 0, 0, 0, 1, 0, 76, 0, 9658, 154528, 618112, 193160, 193160, 193160, 193160, 0, 0, 0, 0, 0, 0, 0, 16, 64, 20, 20, 20, 20, )
e9985a7541fb7d22 6d841060f3d556ec 5e0cfac183a1b258 90865e5fd3e3f558 c3094a8df4710f11
time 0 = 3056 us
loop counter = (0, 0, 0, 0, 0, 0, 0, 0, 0, 0, 0, 0, 0, 0, 0, 0, 0, 0, 0, 0, 0, 0, 0, 1, 0, 139, 0, 17699, 283184, 1132736, 353980, 353980, 353980, 353980, 0, 0, 0, 0, 0, 0, 0, 16, 64, 20, 20, 20, 20, )
2c6ef9dc22996dbb d7e039284be17b97 254a3dc19b123d60 10fa125b78a9a0a6 77ff0540558cef86
time 0 = 5551 us
loop counter = (0, 0, 0, 0, 0, 0, 0, 0, 0, 0, 0, 0, 0, 0, 0, 0, 0, 0, 0, 0, 0, 0, 0, 1, 0, 480, 0, 61411, 982576, 3930304, 1228220, 1228220, 1228220, 1228220, 0, 0, 0, 0, 0, 0, 0, 16, 64, 20, 20, 20, 20, )
5f29d8b4289a3279 633a2edf5dd6b33d 4512520d83c837aa ea8aca5ce085caba 960258a9a5915560
time 0 = 19886 us
loop counter = (0, 0, 0, 0, 0, 0, 0, 0, 0, 0, 0, 0, 0, 0, 0, 0, 0, 0, 0, 0, 0, 0, 0, 1, 0, 381, 0, 48655, 778480, 3113920, 973100, 973100, 973100, 973100, 0, 0, 0, 0, 0, 0, 0, 16, 64, 20, 20, 20, 20, )
7aa781081a8e3a70 2e8ec63e77f4c7fb 4ae57f9d64dda74b 1f05ea5003dd4ca3 3bdbe2af99d023c6
time 0 = 15829 us
loop counter = (0, 0, 0, 0, 0, 0, 0, 0, 0, 0, 0, 0, 0, 0, 0, 0, 0, 0, 0, 0, 0, 0, 0, 1, 0, 27, 0, 3390, 54240, 216960, 67800, 67800, 67800, 67800, 0, 0, 0, 0, 0, 0, 0, 16, 64, 20, 20, 20, 20, )
ad45f81b2ba1ec3c 82c70d786bee729d f5791d8762d659a3 bed9cc0b73d0a5f4 187e10d48c097ca7
time 0 = 1014 us
loop counter = (0, 0, 0, 0, 0, 0, 0, 0, 0, 0, 0, 0, 0, 0, 0, 0, 0, 0, 0, 0, 0, 0, 0, 1, 0, 464, 0, 59315, 949040, 3796160, 1186300, 1186300, 1186300, 1186300, 0, 0, 0, 0, 0, 0, 0, 16, 64, 20, 20, 20, 20, )
b310ca48906be19b 50f1ee14dcff6520 3bb041a6722a997e 151903be90975552 1dcdb6bfde699d90
time 0 = 20669 us
loop counter = (0, 0, 0, 0, 0, 0, 0, 0, 0, 0, 0, 0, 0, 0, 0, 0, 0, 0, 0, 0, 0, 0, 0, 1, 0, 320, 0, 40926, 654816, 2619264, 818520, 818520, 818520, 818520, 0, 0, 0, 0, 0, 0, 0, 16, 64, 20, 20, 20, 20, )
c54d3db3298b15d0 1cb45e7b04f5d8ef 2e46ea32dfbe810 d8b310c9324bc801 decbe6d9fe232a4c
time 0 = 13249 us
loop counter = (0, 0, 0, 0, 0, 0, 0, 0, 0, 0, 0, 0, 0, 0, 0, 0, 0, 0, 0, 0, 0, 0, 0, 1, 0, 447, 0, 57163, 914608, 3658432, 1143260, 1143260, 1143260, 1143260, 0, 0, 0, 0, 0, 0, 0, 16, 64, 20, 20, 20, 20, )
a07a08283a71131b 2f2e29c882a3f166 4ea1fb96b1910703 865a97ae5531c7f0 daeb9b01aa56c49e
time 0 = 18614 us
loop counter = (0, 0, 0, 0, 0, 0, 0, 0, 0, 0, 0, 0, 0, 0, 0, 0, 0, 0, 0, 0, 0, 0, 0, 1, 0, 367, 0, 46891, 750256, 3001024, 937820, 937820, 937820, 937820, 0, 0, 0, 0, 0, 0, 0, 16, 64, 20, 20, 20, 20, )
7d623f345f631604 c9d23f7fee70ca5b 92ebbe1947149635 a14153bbb84599c1 5730055f82469d9e
time 0 = 15252 us
loop counter = (0, 0, 0, 0, 0, 0, 0, 0, 0, 0, 0, 0, 0, 0, 0, 0, 0, 0, 0, 0, 0, 0, 0, 1, 0, 610, 0, 78046, 1248736, 4994944, 1560920, 1560920, 1560920, 1560920, 0, 0, 0, 0, 0, 0, 0, 16, 64, 20, 20, 20, 20, )
8c4fb1a1f59e889c c4612be9b7ef44b1 bab58e5a7dc3c35f e8f7e1fe0459f6a6 a983dbbcf571597
time 0 = 25258 us
loop counter = (0, 0, 0, 0, 0, 0, 0, 0, 0, 0, 0, 0, 0, 0, 0, 0, 0, 0, 0, 0, 0, 0, 0, 1, 0, 632, 0, 80785, 1292560, 5170240, 1615700, 1615700, 1615700, 1615700, 0, 0, 0, 0, 0, 0, 0, 16, 64, 20, 20, 20, 20, )
4ee598884021ecfc 984f3f758e517407 a04ccb77c89d5664 12aaa1a29ebb58c2 28228ca9acd3ce94
time 0 = 25916 us
loop counter = (0, 0, 0, 0, 0, 0, 0, 0, 0, 0, 0, 0, 0, 0, 0, 0, 0, 0, 0, 0, 0, 0, 0, 1, 0, 15, 0, 1797, 28752, 115008, 35940, 35940, 35940, 35940, 0, 0, 0, 0, 0, 0, 0, 16, 64, 20, 20, 20, 20, )
968f4e4a2587c4ff 4065d4e7d0dc5e18 94453267f44edfc8 b5ba22c966b56c01 9b77c5f87f638662
time 0 = 560 us
loop counter = (0, 0, 0, 0, 0, 0, 0, 0, 0, 0, 0, 0, 0, 0, 0, 0, 0, 0, 0, 0, 0, 0, 0, 1, 0, 522, 0, 66731, 1067696, 4270784, 1334620, 1334620, 1334620, 1334620, 0, 0, 0, 0, 0, 0, 0, 16, 64, 20, 20, 20, 20, )
60a1fa991fd310b1 ffccdec5288cfec3 737546736793e038 d8f907654095d509 9a8e691f32814441
time 0 = 23648 us
loop counter = (0, 0, 0, 0, 0, 0, 0, 0, 0, 0, 0, 0, 0, 0, 0, 0, 0, 0, 0, 0, 0, 0, 0, 1, 0, 376, 0, 48077, 769232, 3076928, 961540, 961540, 961540, 961540, 0, 0, 0, 0, 0, 0, 0, 16, 64, 20, 20, 20, 20, )
7181479a142f14ae 1f3214486423841 f0eb35391ea3bb6c 3cb0da54a174a7f1 1d7c0f0a3993854
time 0 = 17677 us
loop counter = (0, 0, 0, 0, 0, 0, 0, 0, 0, 0, 0, 0, 0, 0, 0, 0, 0, 0, 0, 0, 0, 0, 0, 1, 0, 76, 0, 9665, 154640, 618560, 193300, 193300, 193300, 193300, 0, 0, 0, 0, 0, 0, 0, 16, 64, 20, 20, 20, 20, )
83cafc435c9a8824 e0e606292533cbd5 bb852a333269502f 936edb34a64c726a 8943bff102f767e0
time 0 = 3102 us
loop counter = (0, 0, 0, 0, 0, 0, 0, 0, 0, 0, 0, 0, 0, 0, 0, 0, 0, 0, 0, 0, 0, 0, 0, 1, 0, 345, 0, 44086, 705376, 2821504, 881720, 881720, 881720, 881720, 0, 0, 0, 0, 0, 0, 0, 16, 64, 20, 20, 20, 20, )
1c06497f25d5299c 5b56ae456880a8bc 41958adef06c69ca cb7812fc208c5aed 283e44ad46b8684f
time 0 = 17657 us
loop counter = (0, 0, 0, 0, 0, 0, 0, 0, 0, 0, 0, 0, 0, 0, 0, 0, 0, 0, 0, 0, 0, 0, 0, 1, 0, 37, 0, 4670, 74720, 298880, 93400, 93400, 93400, 93400, 0, 0, 0, 0, 0, 0, 0, 16, 64, 20, 20, 20, 20, )
ad2546f6a18a22b4 49a685d8213d5d7d 427058aed3fdc115 2409b26d407c5a1e db135b61e7fed481
time 0 = 2412 us
loop counter = (0, 0, 0, 0, 0, 0, 0, 0, 0, 0, 0, 0, 0, 0, 0, 0, 0, 0, 0, 0, 0, 0, 0, 1, 0, 481, 0, 61528, 984448, 3937792, 1230560, 1230560, 1230560, 1230560, 0, 0, 0, 0, 0, 0, 0, 16, 64, 20, 20, 20, 20, )
72402590c4f85b73 8bb4f4346991f83c b500d823fac6ba79 4b6ca68ee743a3c1 3a936163c98b74b3
time 0 = 25390 us
loop counter = (0, 0, 0, 0, 0, 0, 0, 0, 0, 0, 0, 0, 0, 0, 0, 0, 0, 0, 0, 0, 0, 0, 0, 1, 0, 497, 0, 63524, 1016384, 4065536, 1270480, 1270480, 1270480, 1270480, 0, 0, 0, 0, 0, 0, 0, 16, 64, 20, 20, 20, 20, )
e2439305695b25bf 7f7a2fe456b9cfd4 68b82bc8e7fbea7d 5492b5906862e578 bd18f13ca9c2e1f3
time 0 = 22610 us
loop counter = (0, 0, 0, 0, 0, 0, 0, 0, 0, 0, 0, 0, 0, 0, 0, 0, 0, 0, 0, 0, 0, 0, 0, 1, 0, 352, 0, 45051, 720816, 2883264, 901020, 901020, 901020, 901020, 0, 0, 0, 0, 0, 0, 0, 16, 64, 20, 20, 20, 20, )
720347deaf4020c4 bf3f0ba03fd4458e 3596cdac448537fe 1fa76c546cbf46fe c946acc85bb1ecb
time 0 = 17769 us
loop counter = (0, 0, 0, 0, 0, 0, 0, 0, 0, 0, 0, 0, 0, 0, 0, 0, 0, 0, 0, 0, 0, 0, 0, 1, 0, 345, 0, 44034, 704544, 2818176, 880680, 880680, 880680, 880680, 0, 0, 0, 0, 0, 0, 0, 16, 64, 20, 20, 20, 20, )
f03cb97352145465 2bdeefb6e4b8090 9acac4b5961ec2ae e0405becaa894b2c f81ada0d2f2dc744
time 0 = 13686 us
loop counter = (0, 0, 0, 0, 0, 0, 0, 0, 0, 0, 0, 0, 0, 0, 0, 0, 0, 0, 0, 0, 0, 0, 0, 1, 0, 39, 0, 4937, 78992, 315968, 98740, 98740, 98740, 98740, 0, 0, 0, 0, 0, 0, 0, 16, 64, 20, 20, 20, 20, )
abb999be1c78b097 a517cc0e661f57e2 37f410adcf059187 61d6fb01c946dba5 275da6718eb62c4c
time 0 = 2532 us
loop counter = (0, 0, 0, 0, 0, 0, 0, 0, 0, 0, 0, 0, 0, 0, 0, 0, 0, 0, 0, 0, 0, 0, 0, 1, 0, 47, 0, 5912, 94592, 378368, 118240, 118240, 118240, 118240, 1, 16, 64, 20, 20, 20, 20, 16, 64, 20, 20, 20, 20, )
4c978d4e90e3ca45 188a3035b57f8abf 39950d6fc7d6be6f e02ea07ee1bbad19 57f451372a5f35d8
time 0 = 1753 us
loop counter = (0, 0, 0, 0, 0, 0, 0, 0, 0, 0, 0, 0, 0, 0, 0, 0, 0, 0, 0, 0, 0, 0, 0, 1, 0, 471, 0, 60211, 963376, 3853504, 1204220, 1204220, 1204220, 1204220, 0, 0, 0, 0, 0, 0, 0, 16, 64, 20, 20, 20, 20, )
2cb9c9aed5225c39 723cd2b3b1ba4fe6 a0bd9b48e5f6969a 6bf15b8fff4b3761 9dc794005e8f7374
time 0 = 20536 us
loop counter = (0, 0, 0, 0, 0, 0, 0, 0, 0, 0, 0, 0, 0, 0, 0, 0, 0, 0, 0, 0, 0, 0, 0, 1, 0, 512, 0, 65435, 1046960, 4187840, 1308700, 1308700, 1308700, 1308700, 0, 0, 0, 0, 0, 0, 0, 16, 64, 20, 20, 20, 20, )
cb106a0b7182ff6d 4366e0cc4ae6125 f68945664b9927e9 ee37699214b8b169 7cdb7af503dc38fb
time 0 = 21203 us
loop counter = (0, 0, 0, 0, 0, 0, 0, 0, 0, 0, 0, 0, 0, 0, 0, 0, 0, 0, 0, 0, 0, 0, 0, 1, 0, 276, 0, 35321, 565136, 2260544, 706420, 706420, 706420, 706420, 0, 0, 0, 0, 0, 0, 0, 16, 64, 20, 20, 20, 20, )
2059714064e46c68 977eb32562a8f4b2 4e74d37d7605e357 d04713837c05bc7a b54ee5c6d3f3ec97
time 0 = 11068 us
loop counter = (0, 0, 0, 0, 0, 0, 0, 0, 0, 0, 0, 0, 0, 0, 0, 0, 0, 0, 0, 0, 0, 0, 0, 1, 0, 280, 0, 35781, 572496, 2289984, 715620, 715620, 715620, 715620, 0, 0, 0, 0, 0, 0, 0, 16, 64, 20, 20, 20, 20, )
7dbbb92a4cc38925 625dfe1011e33295 169d9a427ac43ad 1b15b1b11f0d8bef 1c4495165ae8f969
time 0 = 11230 us
loop counter = (0, 0, 0, 0, 0, 0, 0, 0, 0, 0, 0, 0, 0, 0, 0, 0, 0, 0, 0, 0, 0, 0, 0, 1, 0, 622, 0, 79541, 1272656, 5090624, 1590820, 1590820, 1590820, 1590820, 0, 0, 0, 0, 0, 0, 0, 16, 64, 20, 20, 20, 20, )
2d06a88b1154b5b9 66af24d40076d9d8 5ff10e79d2cbf43f 53ebec5ee1a16c9d d6bca8653ef695d7
time 0 = 25708 us
loop counter = (0, 0, 0, 0, 0, 0, 0, 0, 0, 0, 0, 0, 0, 0, 0, 0, 0, 0, 0, 0, 0, 0, 0, 1, 0, 538, 0, 68804, 1100864, 4403456, 1376080, 1376080, 1376080, 1376080, 0, 0, 0, 0, 0, 0, 0, 16, 64, 20, 20, 20, 20, )
6147a65718886a08 a3e9af2871c89089 39a24ebfeeb32017 2f171ba9e8aca949 83a6dc60c1b4707d
time 0 = 22194 us
loop counter = (0, 0, 0, 0, 0, 0, 0, 0, 0, 0, 0, 0, 0, 0, 0, 0, 0, 0, 0, 0, 0, 0, 0, 1, 0, 519, 0, 66398, 1062368, 4249472, 1327960, 1327960, 1327960, 1327960, 0, 0, 0, 0, 0, 0, 0, 16, 64, 20, 20, 20, 20, )
97a790b98fff16c7 3c2d5b300f1a4e0d 10e7abe3ec98feb8 8f69db3dc048baf1 4be3639f53453cdd
time 0 = 21367 us
loop counter = (0, 0, 0, 0, 0, 0, 0, 0, 0, 0, 0, 0, 0, 0, 0, 0, 0, 0, 0, 0, 0, 0, 0, 1, 0, 425, 0, 54285, 868560, 3474240, 1085700, 1085700, 1085700, 1085700, 0, 0, 0, 0, 0, 0, 0, 16, 64, 20, 20, 20, 20, )
3f4a2f551d23a2f7 bc995d030910e513 cb7f4dbe6e92aaae 8c4e226110920b43 55b91f98f42e9469
time 0 = 17327 us
loop counter = (0, 0, 0, 0, 0, 0, 0, 0, 0, 0, 0, 0, 0, 0, 0, 0, 0, 0, 0, 0, 0, 0, 0, 1, 0, 590, 0, 75519, 1208304, 4833216, 1510380, 1510380, 1510380, 1510380, 0, 0, 0, 0, 0, 0, 0, 16, 64, 20, 20, 20, 20, )
bed328c7b6188159 da0feecf715d67d8 3d9aa286e2721fd 14ce0b0fbfca5801 a730cfda8ce5e91
time 0 = 23949 us
loop counter = (0, 0, 0, 0, 0, 0, 0, 0, 0, 0, 0, 0, 0, 0, 0, 0, 0, 0, 0, 0, 0, 0, 0, 1, 0, 603, 0, 77175, 1234800, 4939200, 1543500, 1543500, 1543500, 1543500, 0, 0, 0, 0, 0, 0, 0, 16, 64, 20, 20, 20, 20, )
e5bd68f246dead79 7a4a50b005dea77 7d155aae8036075e be2a12bd08e197c f62ffb0fd54268b2
time 0 = 24068 us
loop counter = (0, 0, 0, 0, 0, 0, 0, 0, 0, 0, 0, 0, 0, 0, 0, 0, 0, 0, 0, 0, 0, 0, 0, 1, 0, 152, 0, 19355, 309680, 1238720, 387100, 387100, 387100, 387100, 0, 0, 0, 0, 0, 0, 0, 16, 64, 20, 20, 20, 20, )
375f5f3cc1dc682f 6fc39cc2cb15b145 e13e6f1cfcf727e5 8df804adda31dad3 12d979ea246097fe
time 0 = 5718 us
loop counter = (0, 0, 0, 0, 0, 0, 0, 0, 0, 0, 0, 0, 0, 0, 0, 0, 0, 0, 0, 0, 0, 0, 0, 1, 0, 172, 0, 21905, 350480, 1401920, 438100, 438100, 438100, 438100, 1, 16, 64, 20, 20, 20, 20, 16, 64, 20, 20, 20, 20, )
9689da7a7b78e9dc 7b3d8f48e6d9e52f 57eb3db7bd3d4ec5 1644323a95b4392c 15c13b3f017db04b
time 0 = 7668 us
loop counter = (0, 0, 0, 0, 0, 0, 0, 0, 0, 0, 0, 0, 0, 0, 0, 0, 0, 0, 0, 0, 0, 0, 0, 1, 0, 324, 0, 41361, 661776, 2647104, 827220, 827220, 827220, 827220, 0, 0, 0, 0, 0, 0, 0, 16, 64, 20, 20, 20, 20, )
74387b8e29524032 101de262aa6b8b68 4d7bb24371feb622 74e333693c10fc97 955c823deb0dbde1
time 0 = 18408 us
loop counter = (0, 0, 0, 0, 0, 0, 0, 0, 0, 0, 0, 0, 0, 0, 0, 0, 0, 0, 0, 0, 0, 0, 0, 1, 0, 125, 0, 15876, 254016, 1016064, 317520, 317520, 317520, 317520, 0, 0, 0, 0, 0, 0, 0, 16, 64, 20, 20, 20, 20, )
a6a8b251607597f dce71163dce2f77f a5ad05f2572eef34 303f3670e3c99ebe ca4014054eafdb6a
time 0 = 4685 us
loop counter = (0, 0, 0, 0, 0, 0, 0, 0, 0, 0, 0, 0, 0, 0, 0, 0, 0, 0, 0, 0, 0, 0, 0, 1, 0, 138, 0, 17603, 281648, 1126592, 352060, 352060, 352060, 352060, 0, 0, 0, 0, 0, 0, 0, 16, 64, 20, 20, 20, 20, )
6cda55e13eb17b45 db5b31cf39b95964 7cdda7db80fb7c27 787db93bd60b62a f91e85c5e1421729
time 0 = 5331 us
loop counter = (0, 0, 0, 0, 0, 0, 0, 0, 0, 0, 0, 0, 0, 0, 0, 0, 0, 0, 0, 0, 0, 0, 0, 1, 0, 192, 0, 24455, 391280, 1565120, 489100, 489100, 489100, 489100, 0, 0, 0, 0, 0, 0, 0, 16, 64, 20, 20, 20, 20, )
9794954a4a6d288d a0d5650ca52fdc6f b92cd97bbe445b8b 6ad880fddc63d307 1e98f6c39160aa52
time 0 = 7626 us
loop counter = (0, 0, 0, 0, 0, 0, 0, 0, 0, 0, 0, 0, 0, 0, 0, 0, 0, 0, 0, 0, 0, 0, 0, 1, 0, 207, 0, 26460, 423360, 1693440, 529200, 529200, 529200, 529200, 0, 0, 0, 0, 0, 0, 0, 16, 64, 20, 20, 20, 20, )
37cf6196e33c4e4d 35264f9862cbcc4f 89cea0ad31fbccef 3d2a2b19c8e187d6 adcfe8465017b3a6
time 0 = 8898 us
loop counter = (0, 0, 0, 0, 0, 0, 0, 0, 0, 0, 0, 0, 0, 0, 0, 0, 0, 0, 0, 0, 0, 0, 0, 1, 0, 352, 0, 45054, 720864, 2883456, 901080, 901080, 901080, 901080, 0, 0, 0, 0, 0, 0, 0, 16, 64, 20, 20, 20, 20, )
1ef24213d2a3f4fc 4a7204409b887e4 4c2b452a98919e60 171ef0e6a2af11f0 421022683e7fbbe3
time 0 = 14707 us
loop counter = (0, 0, 0, 0, 0, 0, 0, 0, 0, 0, 0, 0, 0, 0, 0, 0, 0, 0, 0, 0, 0, 0, 0, 1, 0, 232, 0, 29627, 474032, 1896128, 592540, 592540, 592540, 592540, 0, 0, 0, 0, 0, 0, 0, 16, 64, 20, 20, 20, 20, )
b27af931153a3def b93a277a823a1363 b9beee398eca9615 d83096fa80a8a8d4 481fae04702342e2
time 0 = 10363 us
loop counter = (0, 0, 0, 0, 0, 0, 0, 0, 0, 0, 0, 0, 0, 0, 0, 0, 0, 0, 0, 0, 0, 0, 0, 1, 0, 486, 0, 62145, 994320, 3977280, 1242900, 1242900, 1242900, 1242900, 0, 0, 0, 0, 0, 0, 0, 16, 64, 20, 20, 20, 20, )
e8eec1c9e0876c84 ff0b9fd3a2759eee d7138e804fd3d4e6 852c1a673f96f42a 598864fef575a0b
time 0 = 19640 us
loop counter = (0, 0, 0, 0, 0, 0, 0, 0, 0, 0, 0, 0, 0, 0, 0, 0, 0, 0, 0, 0, 0, 0, 0, 1, 0, 278, 0, 35472, 567552, 2270208, 709440, 709440, 709440, 709440, 0, 0, 0, 0, 0, 0, 0, 16, 64, 20, 20, 20, 20, )
e399f9fe8d42075d e514cd2fb578103 df543057c7e771fc cf7a30c228690190 133eef01f35a3b93
time 0 = 14623 us
loop counter = (0, 0, 0, 0, 0, 0, 0, 0, 0, 0, 0, 0, 0, 0, 0, 0, 0, 0, 0, 0, 0, 0, 0, 1, 0, 192, 0, 24542, 392672, 1570688, 490840, 490840, 490840, 490840, 0, 0, 0, 0, 0, 0, 0, 16, 64, 20, 20, 20, 20, )
f08c86c82625860 960ff173ad0cb4ee 18d7784dba3ec9b5 a894d2627b2b1c71 b3b515cb0a99a527
time 0 = 7662 us
loop counter = (0, 0, 0, 0, 0, 0, 0, 0, 0, 0, 0, 0, 0, 0, 0, 0, 0, 0, 0, 0, 0, 0, 0, 1, 0, 108, 0, 13749, 219984, 879936, 274980, 274980, 274980, 274980, 0, 0, 0, 0, 0, 0, 0, 16, 64, 20, 20, 20, 20, )
727fb60cc9a87edc 8bce6c83f3c073fd 5dc22c7911e94657 b148bf8597c45c8e 54b96925283fdc14
time 0 = 4195 us
loop counter = (0, 0, 0, 0, 0, 0, 0, 0, 0, 0, 0, 0, 0, 0, 0, 0, 0, 0, 0, 0, 0, 0, 0, 1, 0, 74, 0, 9456, 151296, 605184, 189120, 189120, 189120, 189120, 0, 0, 0, 0, 0, 0, 0, 16, 64, 20, 20, 20, 20, )
f50075e97aeb31df 533efec90aee55a6 cf14444d8a98413c 44b1e9b55c571f65 d4043459427bc321
time 0 = 3646 us
loop counter = (0, 0, 0, 0, 0, 0, 0, 0, 0, 0, 0, 0, 0, 0, 0, 0, 0, 0, 0, 0, 0, 0, 0, 1, 0, 386, 0, 49374, 789984, 3159936, 987480, 987480, 987480, 987480, 0, 0, 0, 0, 0, 0, 0, 16, 64, 20, 20, 20, 20, )
6cec5d3086172958 9bb92290f9f85779 6984b1891d78df21 69b83e0ce247d94c 9f5011f0a3877a3b
time 0 = 16134 us
loop counter = (0, 0, 0, 0, 0, 0, 0, 0, 0, 0, 0, 0, 0, 0, 0, 0, 0, 0, 0, 0, 0, 0, 0, 1, 0, 340, 0, 43414, 694624, 2778496, 868280, 868280, 868280, 868280, 0, 0, 0, 0, 0, 0, 0, 16, 64, 20, 20, 20, 20, )
c4967bf68d6d03c3 81f1602be28e11b8 5c3de23983c08fdb abbf4a203588d4bd ea2e0a86a49355a9
time 0 = 14541 us
loop counter = (0, 0, 0, 0, 0, 0, 0, 0, 0, 0, 0, 0, 0, 0, 0, 0, 0, 0, 0, 0, 0, 0, 0, 1, 0, 140, 0, 17794, 284704, 1138816, 355880, 355880, 355880, 355880, 0, 0, 0, 0, 0, 0, 0, 16, 64, 20, 20, 20, 20, )
f711d9a19906ad52 bf03946df2008124 f245562ae8dea916 85c010ea37615285 1e6197527ca397ce
time 0 = 5292 us
loop counter = (0, 0, 0, 0, 0, 0, 0, 0, 0, 0, 0, 0, 0, 0, 0, 0, 0, 0, 0, 0, 0, 0, 0, 1, 0, 550, 0, 70346, 1125536, 4502144, 1406920, 1406920, 1406920, 1406920, 0, 0, 0, 0, 0, 0, 0, 16, 64, 20, 20, 20, 20, )
115c757a4939e204 1c7a2d8a1f2b9ba5 727085fca6888c0c 6e4ba60c46ca1a78 5ca5738e7dd06360
time 0 = 22120 us
loop counter = (0, 0, 0, 0, 0, 0, 0, 0, 0, 0, 0, 0, 0, 0, 0, 0, 0, 0, 0, 0, 0, 0, 0, 1, 0, 13, 0, 1543, 24688, 98752, 30860, 30860, 30860, 30860, 0, 0, 0, 0, 0, 0, 0, 16, 64, 20, 20, 20, 20, )
c15f953e06122dfe 5fd4617be89b7903 112aa198a5afacc2 a7244bead12d8125 831a8af4907f858a
time 0 = 513 us
loop counter = (0, 0, 0, 0, 0, 0, 0, 0, 0, 0, 0, 0, 0, 0, 0, 0, 0, 0, 0, 0, 0, 0, 0, 1, 0, 597, 0, 76314, 1221024, 4884096, 1526280, 1526280, 1526280, 1526280, 0, 0, 0, 0, 0, 0, 0, 16, 64, 20, 20, 20, 20, )
e3ea2f389a7a5219 99df1401208467e9 9c6e47a03bc6a4f0 2b371e7869ffa179 d57798bd5ce47aec
time 0 = 24014 us
loop counter = (0, 0, 0, 0, 0, 0, 0, 0, 0, 0, 0, 0, 0, 0, 0, 0, 0, 0, 0, 0, 0, 0, 0, 1, 0, 272, 0, 34784, 556544, 2226176, 695680, 695680, 695680, 695680, 1, 16, 64, 20, 20, 20, 20, 16, 64, 20, 20, 20, 20, )
405b7b9bd0d6de65 a9e616899a1e17e2 22a606c2baed6ec0 f00cd0422eca496d 31ca67d01167e3ef
time 0 = 12044 us
loop counter = (0, 0, 0, 0, 0, 0, 0, 0, 0, 0, 0, 0, 0, 0, 0, 0, 0, 0, 0, 0, 0, 0, 0, 1, 0, 460, 0, 58869, 941904, 3767616, 1177380, 1177380, 1177380, 1177380, 0, 0, 0, 0, 0, 0, 0, 16, 64, 20, 20, 20, 20, )
f3afdb57fcf91f28 1a8c04c9b1dda4ec c25fa91a29890d00 3e6829e89d82fd0b acf49c213f51d5eb
time 0 = 24275 us
loop counter = (0, 0, 0, 0, 0, 0, 0, 0, 0, 0, 0, 0, 0, 0, 0, 0, 0, 0, 0, 0, 0, 0, 0, 1, 0, 288, 0, 36753, 588048, 2352192, 735060, 735060, 735060, 735060, 0, 0, 0, 0, 0, 0, 0, 16, 64, 20, 20, 20, 20, )
cbecc3cdbad1d848 29a45d10a94e28ce e5fbf3957b9da5a1 a0eee245cc5ff487 7d527932addfa37c
time 0 = 15010 us
loop counter = (0, 0, 0, 0, 0, 0, 0, 0, 0, 0, 0, 0, 0, 0, 0, 0, 0, 0, 0, 0, 0, 0, 0, 1, 0, 16, 0, 1964, 31424, 125696, 39280, 39280, 39280, 39280, 0, 0, 0, 0, 0, 0, 0, 16, 64, 20, 20, 20, 20, )
259c79ea6082c6a0 7699645c9c034604 6cf3599697388208 de7259fccd3d63b2 705884d9b49fd9be
time 0 = 674 us
loop counter = (0, 0, 0, 0, 0, 0, 0, 0, 0, 0, 0, 0, 0, 0, 0, 0, 0, 0, 0, 0, 0, 0, 0, 1, 0, 471, 0, 60235, 963760, 3855040, 1204700, 1204700, 1204700, 1204700, 0, 0, 0, 0, 0, 0, 0, 16, 64, 20, 20, 20, 20, )
eeca120065108f16 43a950b2607b95a2 d4207ba10cc70415 8a32e082ae5c77e4 f5f3317e008e0d3a
time 0 = 19428 us
loop counter = (0, 0, 0, 0, 0, 0, 0, 0, 0, 0, 0, 0, 0, 0, 0, 0, 0, 0, 0, 0, 0, 0, 0, 1, 0, 161, 0, 20602, 329632, 1318528, 412040, 412040, 412040, 412040, 1, 16, 64, 20, 20, 20, 20, 16, 64, 20, 20, 20, 20, )
2aa30ada46ab9b0a f584ed4a891bc51 6aa14adf025e2e3d 7e419c7e82d761a5 8b543fd89d034737
time 0 = 6361 us
loop counter = (0, 0, 0, 0, 0, 0, 0, 0, 0, 0, 0, 0, 0, 0, 0, 0, 0, 0, 0, 0, 0, 0, 0, 1, 0, 385, 0, 49175, 786800, 3147200, 983500, 983500, 983500, 983500, 0, 0, 0, 0, 0, 0, 0, 16, 64, 20, 20, 20, 20, )
40bffcd0f0a91be6 efd0a5662c28fbc0 8c2e9de1da605e9c 56d58636f758d44f 4ca56922fcaa3136
time 0 = 18237 us
loop counter = (0, 0, 0, 0, 0, 0, 0, 0, 0, 0, 0, 0, 0, 0, 0, 0, 0, 0, 0, 0, 0, 0, 0, 1, 0, 218, 0, 27803, 444848, 1779392, 556060, 556060, 556060, 556060, 0, 0, 0, 0, 0, 0, 0, 16, 64, 20, 20, 20, 20, )
3cd0d8b233ec120 6f4267162ea98d86 aa5e2873ae30b6e4 774f72bdfdfe8005 37364919760d784f
time 0 = 8606 us
loop counter = (0, 0, 0, 0, 0, 0, 0, 0, 0, 0, 0, 0, 0, 0, 0, 0, 0, 0, 0, 0, 0, 0, 0, 1, 0, 567, 0, 72467, 1159472, 4637888, 1449340, 1449340, 1449340, 1449340, 0, 0, 0, 0, 0, 0, 0, 16, 64, 20, 20, 20, 20, )
3d8718dc5c88cced bea93a4ec3c8e4fb eea4f26dd076ca91 39024bbb823b91d3 a06907d36aee553a
time 0 = 28906 us
loop counter = (0, 0, 0, 0, 0, 0, 0, 0, 0, 0, 0, 0, 0, 0, 0, 0, 0, 0, 0, 0, 0, 0, 0, 1, 0, 368, 0, 47078, 753248, 3012992, 941560, 941560, 941560, 941560, 0, 0, 0, 0, 0, 0, 0, 16, 64, 20, 20, 20, 20, )
7878e8fdf54edc98 f5eddbf5e341ab95 1405aa9c125402cc 81fe08b73cbac467 7a00add83c552936
time 0 = 15447 us
loop counter = (0, 0, 0, 0, 0, 0, 0, 0, 0, 0, 0, 0, 0, 0, 0, 0, 0, 0, 0, 0, 0, 0, 0, 1, 0, 212, 0, 27092, 433472, 1733888, 541840, 541840, 541840, 541840, 0, 0, 0, 0, 0, 0, 0, 16, 64, 20, 20, 20, 20, )
910ada4af5454fcc 4b5860c8d566b868 6a8df10d233b6283 baaf6ac0cb2c921 5569f6aea45c8596
time 0 = 9946 us
loop counter = (0, 0, 0, 0, 0, 0, 0, 0, 0, 0, 0, 0, 0, 0, 0, 0, 0, 0, 0, 0, 0, 0, 0, 1, 0, 482, 0, 61687, 986992, 3947968, 1233740, 1233740, 1233740, 1233740, 0, 0, 0, 0, 0, 0, 0, 16, 64, 20, 20, 20, 20, )
eae775c9d528ec83 c13d4fdf8a17303 4ec50c689c01ac30 8c072ddee8382358 72b2e0687e6bd212
time 0 = 20398 us
loop counter = (0, 0, 0, 0, 0, 0, 0, 0, 0, 0, 0, 0, 0, 0, 0, 0, 0, 0, 0, 0, 0, 0, 0, 1, 0, 418, 0, 53381, 854096, 3416384, 1067620, 1067620, 1067620, 1067620, 0, 0, 0, 0, 0, 0, 0, 16, 64, 20, 20, 20, 20, )
724984643fcec58c af843da6be2dafd5 e3fd34a791af3db2 4c4d1c2aeb4238d3 a75df868e4b7daee
time 0 = 19215 us
loop counter = (0, 0, 0, 0, 0, 0, 0, 0, 0, 0, 0, 0, 0, 0, 0, 0, 0, 0, 0, 0, 0, 0, 0, 1, 0, 290, 0, 37018, 592288, 2369152, 740360, 740360, 740360, 740360, 0, 0, 0, 0, 0, 0, 0, 16, 64, 20, 20, 20, 20, )
964350d31f3a3221 2fdb555104dd2f52 a9dc2f0dd5a18ff4 f8a931cfb859b48a fca79bdd0160f9c
time 0 = 11498 us
loop counter = (0, 0, 0, 0, 0, 0, 0, 0, 0, 0, 0, 0, 0, 0, 0, 0, 0, 0, 0, 0, 0, 0, 0, 1, 0, 553, 0, 70727, 1131632, 4526528, 1414540, 1414540, 1414540, 1414540, 0, 0, 0, 0, 0, 0, 0, 16, 64, 20, 20, 20, 20, )
875b40e586a39485 9f7828cbc8beeee8 c6302612b34b6c9e 73f606ce131f9be5 3585db99bad21f81
time 0 = 24857 us
loop counter = (0, 0, 0, 0, 0, 0, 0, 0, 0, 0, 0, 0, 0, 0, 0, 0, 0, 0, 0, 0, 0, 0, 0, 1, 0, 381, 0, 48671, 778736, 3114944, 973420, 973420, 973420, 973420, 0, 0, 0, 0, 0, 0, 0, 16, 64, 20, 20, 20, 20, )
14d778fb75ab05ab bd57024b62a40ad9 3bdb8a1427078794 5b93d475b1e3976f 1837542f608931a1
time 0 = 15874 us
loop counter = (0, 0, 0, 0, 0, 0, 0, 0, 0, 0, 0, 0, 0, 0, 0, 0, 0, 0, 0, 0, 0, 0, 0, 1, 0, 261, 0, 33284, 532544, 2130176, 665680, 665680, 665680, 665680, 0, 0, 0, 0, 0, 0, 0, 16, 64, 20, 20, 20, 20, )
3f21c12297b67289 155cb489c039ecae aca540d080b19f9c 93c190fe48abcb84 db65c4d6b05be798
time 0 = 10207 us
loop counter = (0, 0, 0, 0, 0, 0, 0, 0, 0, 0, 0, 0, 0, 0, 0, 0, 0, 0, 0, 0, 0, 0, 0, 1, 0, 236, 0, 30193, 483088, 1932352, 603860, 603860, 603860, 603860, 0, 0, 0, 0, 0, 0, 0, 16, 64, 20, 20, 20, 20, )
1587efd3e23fcb72 fc4b5503bcd95ed0 9175bf326679ffed aafdda5fc41f2ebb 8c593bf514d9b47e
time 0 = 9132 us
loop counter = (0, 0, 0, 0, 0, 0, 0, 0, 0, 0, 0, 0, 0, 0, 0, 0, 0, 0, 0, 0, 0, 0, 0, 1, 0, 239, 0, 30473, 487568, 1950272, 609460, 609460, 609460, 609460, 0, 0, 0, 0, 0, 0, 0, 16, 64, 20, 20, 20, 20, )
77b183dfc0b39f2d 80bf9c9bf7597305 d49eeaf157e16f13 30414801a3b0c522 d5b7a3cc0a5f238d
time 0 = 10721 us
loop counter = (0, 0, 0, 0, 0, 0, 0, 0, 0, 0, 0, 0, 0, 0, 0, 0, 0, 0, 0, 0, 0, 0, 0, 1, 0, 649, 0, 82954, 1327264, 5309056, 1659080, 1659080, 1659080, 1659080, 0, 0, 0, 0, 0, 0, 0, 16, 64, 20, 20, 20, 20, )
5bb81841c431dbed ede4e6b891a88e67 147368c769b94d6c 66b394e9da30ca5b 76a4cbd8adeb550
time 0 = 28191 us
loop counter = (0, 0, 0, 0, 0, 0, 0, 0, 0, 0, 0, 0, 0, 0, 0, 0, 0, 0, 0, 0, 0, 0, 0, 1, 0, 339, 0, 43381, 694096, 2776384, 867620, 867620, 867620, 867620, 0, 0, 0, 0, 0, 0, 0, 16, 64, 20, 20, 20, 20, )
2f7440c1f2384743 dc5861debd110df9 73d4dad78d5492b3 c80915e7914de292 2367f650af21b58a
time 0 = 14613 us
loop counter = (0, 0, 0, 0, 0, 0, 0, 0, 0, 0, 0, 0, 0, 0, 0, 0, 0, 0, 0, 0, 0, 0, 0, 1, 0, 62, 0, 7865, 125840, 503360, 157300, 157300, 157300, 157300, 0, 0, 0, 0, 0, 0, 0, 16, 64, 20, 20, 20, 20, )
c39c9a54148efe12 3705b88c0b2fbaf1 7419f6bba03295da 20a8f320d88722d7 7faa10012ae83b58
time 0 = 2942 us
loop counter = (0, 0, 0, 0, 0, 0, 0, 0, 0, 0, 0, 0, 0, 0, 0, 0, 0, 0, 0, 0, 0, 0, 0, 1, 0, 455, 0, 58173, 930768, 3723072, 1163460, 1163460, 1163460, 1163460, 0, 0, 0, 0, 0, 0, 0, 16, 64, 20, 20, 20, 20, )
463d78318ff7e2ae 8f9f1cc69b0493b1 ee064e24e824cb85 49a5839834adda7 565da2df36fcf2f6
time 0 = 18589 us
loop counter = (0, 0, 0, 0, 0, 0, 0, 0, 0, 0, 0, 0, 0, 0, 0, 0, 0, 0, 0, 0, 0, 0, 0, 1, 0, 367, 0, 46889, 750224, 3000896, 937780, 937780, 937780, 937780, 0, 0, 0, 0, 0, 0, 0, 16, 64, 20, 20, 20, 20, )
ded42fbcb42a7939 f7592f9bf220873a 833e3c2d2cf67b3e a2bb1b21f690f655 e2e9295af3b0d394
time 0 = 15563 us
