loop counter = (0, 0, 0, 0, 0, 0, 0, 0, 0, 0, 0, 0, 0, 0, 0, 0, 0, 0, 0, 0, 0, 0, 0, 0, 0, 0, 0, 0, 0, 0, 0, 0, 0, 0, 0, 0, 0, 0, 0, 0, 0, 0, 0, 0, 0, 0, 0, 0, 0, 0, 0, 0, 0, 0, 0, 0, 0, 0, 1, 1, 1, 2, 4, 2, 4, 4, 16, 2, 0, 4, 0, 0, 2, 2, 2, 0, 2, 4, 2, 4, 4, 16, 2, 2, 2, 16, 2, 2, 2, 2, 16, 2, 2, 2, )
time 0 = 129 us
loop counter = (0, 0, 0, 0, 0, 0, 0, 0, 0, 0, 0, 0, 0, 0, 0, 0, 0, 0, 0, 0, 0, 0, 1, 1, 1, 2, 4, 2, 4, 2, 4, 4, 16, 3, 0, 5, 1, 0, 2, 3, 2, 1, 2, 4, 0, 0, 0, 0, 0, 0, 0, 0, 0, 0, 0, 0, 0, 0, 0, 0, 0, 0, 0, 0, 0, 0, 0, 0, 0, 0, 0, 0, 0, 0, 0, 0, 0, 0, 0, 0, 4, 16, 2, 3, 3, 16, 2, 3, 3, 2, 16, 2, 3, 3, )
time 1 = 138 us
loop counter = (0, 0, 0, 0, 0, 0, 0, 0, 0, 0, 0, 0, 0, 0, 0, 0, 0, 0, 0, 0, 0, 0, 0, 0, 0, 0, 0, 0, 0, 0, 0, 0, 0, 0, 0, 0, 0, 0, 0, 0, 0, 0, 0, 0, 0, 0, 0, 0, 0, 0, 0, 0, 0, 0, 0, 0, 0, 0, 1, 1, 1, 2, 4, 2, 4, 4, 16, 3, 1, 3, 1, 1, 1, 2, 2, 0, 2, 4, 2, 4, 4, 16, 3, 4, 4, 16, 3, 4, 4, 3, 16, 3, 4, 4, )
time 2 = 197 us
loop counter = (0, 0, 0, 0, 0, 0, 0, 0, 0, 0, 0, 0, 0, 0, 0, 0, 0, 0, 0, 0, 0, 0, 1, 1, 1, 2, 4, 2, 4, 2, 4, 4, 16, 4, 2, 5, 1, 1, 1, 2, 2, 0, 2, 4, 0, 0, 0, 0, 0, 0, 0, 0, 0, 0, 0, 0, 0, 0, 0, 0, 0, 0, 0, 0, 0, 0, 0, 0, 0, 0, 0, 0, 0, 0, 0, 0, 0, 0, 0, 0, 4, 16, 4, 5, 5, 16, 4, 5, 5, 4, 16, 4, 5, 5, )
time 3 = 197 us
loop counter = (0, 0, 0, 0, 0, 0, 0, 0, 0, 0, 0, 0, 0, 0, 0, 0, 0, 0, 0, 0, 0, 0, 0, 0, 0, 0, 0, 0, 0, 0, 0, 0, 0, 0, 0, 0, 0, 0, 0, 0, 0, 0, 0, 0, 0, 0, 0, 0, 0, 0, 0, 0, 0, 0, 0, 0, 0, 0, 1, 1, 1, 2, 4, 2, 4, 4, 16, 5, 2, 4, 2, 1, 1, 2, 1, 1, 2, 4, 2, 4, 4, 16, 4, 6, 6, 16, 4, 6, 6, 4, 16, 4, 6, 6, )
time 4 = 198 us
loop counter = (0, 0, 0, 0, 0, 0, 0, 0, 0, 0, 0, 0, 0, 0, 0, 0, 0, 0, 0, 0, 0, 0, 1, 1, 1, 2, 4, 2, 4, 2, 4, 4, 16, 5, 3, 3, 2, 1, 0, 1, 0, 1, 2, 4, 0, 0, 0, 0, 0, 0, 0, 0, 0, 0, 0, 0, 0, 0, 0, 0, 0, 0, 0, 0, 0, 0, 0, 0, 0, 0, 0, 0, 0, 0, 0, 0, 0, 0, 0, 0, 4, 16, 4, 7, 7, 16, 4, 7, 7, 4, 16, 4, 7, 7, )
time 5 = 197 us
loop counter = (0, 0, 0, 0, 0, 0, 0, 0, 0, 0, 0, 0, 0, 0, 0, 0, 0, 0, 0, 0, 0, 0, 0, 0, 0, 0, 0, 0, 0, 0, 0, 0, 0, 0, 0, 0, 0, 0, 0, 0, 0, 0, 0, 0, 0, 0, 0, 0, 0, 0, 0, 0, 0, 0, 0, 0, 0, 0, 1, 1, 1, 2, 4, 2, 4, 4, 16, 5, 2, 4, 1, 0, 2, 3, 2, 1, 2, 4, 2, 4, 4, 16, 4, 7, 7, 16, 4, 7, 7, 4, 16, 4, 7, 7, )
time 6 = 196 us
loop counter = (0, 0, 0, 0, 0, 0, 0, 0, 0, 0, 0, 0, 0, 0, 0, 0, 0, 0, 0, 0, 0, 0, 1, 1, 1, 2, 4, 2, 4, 2, 4, 4, 16, 5, 2, 3, 3, 2, 0, 1, 0, 1, 2, 4, 0, 0, 0, 0, 0, 0, 0, 0, 0, 0, 0, 0, 0, 0, 0, 0, 0, 0, 0, 0, 0, 0, 0, 0, 0, 0, 0, 0, 0, 0, 0, 0, 0, 0, 0, 0, 4, 16, 4, 8, 8, 16, 4, 8, 8, 4, 16, 4, 8, 8, )
time 7 = 140 us
loop counter = (0, 0, 0, 0, 0, 0, 0, 0, 0, 0, 0, 0, 0, 0, 0, 0, 0, 0, 0, 0, 0, 0, 0, 0, 0, 0, 0, 0, 0, 0, 0, 0, 0, 0, 0, 0, 0, 0, 0, 0, 0, 0, 0, 0, 0, 0, 0, 0, 0, 0, 0, 0, 0, 0, 0, 0, 0, 0, 1, 1, 1, 2, 4, 2, 4, 4, 16, 5, 3, 3, 2, 2, 0, 1, 1, 0, 2, 4, 2, 4, 4, 16, 5, 9, 9, 16, 5, 9, 9, 5, 16, 5, 9, 9, )
time 8 = 199 us
loop counter = (0, 0, 0, 0, 0, 0, 0, 0, 0, 0, 0, 0, 0, 0, 0, 0, 0, 0, 0, 0, 0, 0, 0, 0, 0, 0, 0, 0, 0, 0, 0, 0, 0, 0, 0, 0, 0, 0, 0, 0, 0, 0, 0, 0, 0, 0, 0, 0, 0, 0, 0, 0, 0, 0, 0, 0, 0, 0, 1, 1, 1, 2, 4, 2, 4, 4, 16, 6, 3, 3, 2, 2, 1, 1, 1, 0, 2, 4, 2, 4, 4, 16, 6, 10, 10, 16, 6, 10, 10, 6, 16, 6, 10, 10, )
time 9 = 199 us
loop counter = (0, 0, 0, 0, 0, 0, 0, 0, 0, 0, 0, 0, 0, 0, 0, 0, 0, 0, 0, 0, 0, 0, 1, 1, 1, 2, 4, 2, 4, 2, 4, 4, 16, 7, 3, 4, 4, 3, 0, 1, 0, 1, 2, 4, 0, 0, 0, 0, 0, 0, 0, 0, 0, 0, 0, 0, 0, 0, 0, 0, 0, 0, 0, 0, 0, 0, 0, 0, 0, 0, 0, 0, 0, 0, 0, 0, 0, 0, 0, 0, 4, 16, 6, 11, 11, 16, 6, 11, 11, 6, 16, 6, 11, 11, )
time 10 = 200 us
loop counter = (0, 0, 0, 0, 0, 0, 0, 0, 0, 0, 0, 0, 0, 0, 0, 0, 0, 0, 0, 0, 0, 0, 0, 0, 0, 0, 0, 0, 0, 0, 0, 0, 0, 0, 0, 0, 0, 0, 0, 0, 0, 0, 0, 0, 0, 0, 0, 0, 0, 0, 0, 0, 0, 0, 0, 0, 0, 0, 1, 1, 1, 2, 4, 2, 4, 4, 16, 7, 3, 5, 4, 3, 0, 1, 0, 1, 2, 4, 2, 4, 4, 16, 6, 12, 12, 16, 6, 12, 12, 6, 16, 6, 12, 12, )
time 11 = 139 us
loop counter = (0, 0, 0, 0, 0, 0, 0, 0, 0, 0, 0, 0, 0, 0, 0, 0, 0, 0, 0, 0, 0, 0, 1, 1, 1, 2, 4, 2, 4, 2, 4, 4, 16, 7, 3, 5, 3, 1, 1, 3, 1, 2, 2, 4, 0, 0, 0, 0, 0, 0, 0, 0, 0, 0, 0, 0, 0, 0, 0, 0, 0, 0, 0, 0, 0, 0, 0, 0, 0, 0, 0, 0, 0, 0, 0, 0, 0, 0, 0, 0, 4, 16, 5, 11, 11, 16, 5, 11, 11, 5, 16, 5, 11, 11, )
time 12 = 200 us
loop counter = (0, 0, 0, 0, 0, 0, 0, 0, 0, 0, 0, 0, 0, 0, 0, 0, 0, 0, 0, 0, 0, 0, 0, 0, 0, 0, 0, 0, 0, 0, 0, 0, 0, 0, 0, 0, 0, 0, 0, 0, 0, 0, 0, 0, 0, 0, 0, 0, 0, 0, 0, 0, 0, 0, 0, 0, 0, 0, 1, 1, 1, 2, 4, 2, 4, 4, 16, 6, 2, 5, 2, 0, 2, 4, 2, 2, 2, 4, 2, 4, 4, 16, 4, 10, 10, 16, 4, 10, 10, 4, 16, 4, 10, 10, )
time 13 = 138 us
loop counter = (0, 0, 0, 0, 0, 0, 0, 0, 0, 0, 0, 0, 0, 0, 0, 0, 0, 0, 0, 0, 0, 0, 1, 1, 1, 2, 4, 2, 4, 2, 4, 4, 16, 5, 3, 2, 2, 2, 0, 0, 0, 0, 2, 4, 0, 0, 0, 0, 0, 0, 0, 0, 0, 0, 0, 0, 0, 0, 0, 0, 0, 0, 0, 0, 0, 0, 0, 0, 0, 0, 0, 0, 0, 0, 0, 0, 0, 0, 0, 0, 4, 16, 5, 11, 11, 16, 5, 11, 11, 5, 16, 5, 11, 11, )
time 14 = 213 us
loop counter = (0, 0, 0, 0, 0, 0, 0, 0, 0, 0, 0, 0, 0, 0, 0, 0, 0, 0, 0, 0, 0, 0, 0, 0, 0, 0, 0, 0, 0, 0, 0, 0, 0, 0, 0, 0, 0, 0, 0, 0, 0, 0, 0, 0, 0, 0, 0, 0, 0, 0, 0, 0, 0, 0, 0, 0, 0, 0, 1, 1, 1, 2, 4, 2, 4, 4, 16, 5, 3, 2, 2, 2, 0, 0, 0, 0, 2, 4, 2, 4, 4, 16, 5, 11, 11, 16, 5, 11, 11, 5, 16, 5, 11, 11, )
time 15 = 134 us
loop counter = (0, 0, 0, 0, 0, 0, 0, 0, 0, 0, 0, 0, 0, 0, 0, 0, 0, 0, 0, 0, 0, 0, 1, 1, 1, 2, 4, 2, 4, 2, 4, 4, 16, 5, 3, 2, 2, 2, 0, 0, 0, 0, 2, 4, 0, 0, 0, 0, 0, 0, 0, 0, 0, 0, 0, 0, 0, 0, 0, 0, 0, 0, 0, 0, 0, 0, 0, 0, 0, 0, 0, 0, 0, 0, 0, 0, 0, 0, 0, 0, 4, 16, 5, 11, 11, 16, 5, 11, 11, 5, 16, 5, 11, 11, )
time 16 = 185 us
loop counter = (0, 0, 0, 0, 0, 0, 0, 0, 0, 0, 0, 0, 0, 0, 0, 0, 0, 0, 0, 0, 0, 0, 0, 0, 0, 0, 0, 0, 0, 0, 0, 0, 0, 0, 0, 0, 0, 0, 0, 0, 0, 0, 0, 0, 0, 0, 0, 0, 0, 0, 0, 0, 0, 0, 0, 0, 0, 0, 1, 1, 1, 2, 4, 2, 4, 4, 16, 5, 3, 2, 2, 2, 0, 0, 0, 0, 2, 4, 2, 4, 4, 16, 5, 11, 11, 16, 5, 11, 11, 5, 16, 5, 11, 11, )
time 17 = 107 us
loop counter = (0, 0, 0, 0, 0, 0, 0, 0, 0, 0, 0, 0, 0, 0, 0, 0, 0, 0, 0, 0, 0, 0, 1, 1, 1, 2, 4, 2, 4, 2, 4, 4, 16, 5, 3, 2, 2, 2, 0, 0, 0, 0, 2, 4, 0, 0, 0, 0, 0, 0, 0, 0, 0, 0, 0, 0, 0, 0, 0, 0, 0, 0, 0, 0, 0, 0, 0, 0, 0, 0, 0, 0, 0, 0, 0, 0, 0, 0, 0, 0, 4, 16, 5, 11, 11, 16, 5, 11, 11, 5, 16, 5, 11, 11, )
time 18 = 111 us
loop counter = (0, 0, 0, 0, 0, 0, 0, 0, 0, 0, 0, 0, 0, 0, 0, 0, 0, 0, 0, 0, 0, 0, 0, 0, 0, 0, 0, 0, 0, 0, 0, 0, 0, 0, 0, 0, 0, 0, 0, 0, 0, 0, 0, 0, 0, 0, 0, 0, 0, 0, 0, 0, 0, 0, 0, 0, 0, 0, 1, 1, 1, 2, 4, 2, 4, 4, 16, 5, 3, 2, 2, 2, 0, 0, 0, 0, 2, 4, 2, 4, 4, 16, 5, 11, 11, 16, 5, 11, 11, 5, 16, 5, 11, 11, )
time 19 = 93 us
loop counter = (0, 0, 0, 0, 0, 0, 0, 0, 0, 0, 0, 0, 0, 0, 0, 0, 0, 0, 0, 0, 0, 0, 1, 1, 1, 2, 4, 2, 4, 2, 4, 4, 16, 5, 3, 2, 2, 2, 0, 0, 0, 0, 2, 4, 0, 0, 0, 0, 0, 0, 0, 0, 0, 0, 0, 0, 0, 0, 0, 0, 0, 0, 0, 0, 0, 0, 0, 0, 0, 0, 0, 0, 0, 0, 0, 0, 0, 0, 0, 0, 4, 16, 5, 11, 11, 16, 5, 11, 11, 5, 16, 5, 11, 11, )
time 20 = 133 us
loop counter = (0, 0, 0, 0, 0, 0, 0, 0, 0, 0, 0, 0, 0, 0, 0, 0, 0, 0, 0, 0, 0, 0, 0, 0, 0, 0, 0, 0, 0, 0, 0, 0, 0, 0, 0, 0, 0, 0, 0, 0, 0, 0, 0, 0, 0, 0, 0, 0, 0, 0, 0, 0, 0, 0, 0, 0, 0, 0, 1, 1, 1, 2, 4, 2, 4, 4, 16, 5, 3, 2, 2, 2, 0, 0, 0, 0, 2, 4, 2, 4, 4, 16, 5, 11, 11, 16, 5, 11, 11, 5, 16, 5, 11, 11, )
time 21 = 130 us
loop counter = (0, 0, 0, 0, 0, 0, 0, 0, 0, 0, 0, 0, 0, 0, 0, 0, 0, 0, 0, 0, 0, 0, 1, 1, 1, 2, 4, 2, 4, 2, 4, 4, 16, 5, 3, 2, 2, 2, 0, 0, 0, 0, 2, 4, 0, 0, 0, 0, 0, 0, 0, 0, 0, 0, 0, 0, 0, 0, 0, 0, 0, 0, 0, 0, 0, 0, 0, 0, 0, 0, 0, 0, 0, 0, 0, 0, 0, 0, 0, 0, 4, 16, 5, 11, 11, 16, 5, 11, 11, 5, 16, 5, 11, 11, )
time 22 = 97 us
loop counter = (0, 0, 0, 0, 0, 0, 0, 0, 0, 0, 0, 0, 0, 0, 0, 0, 0, 0, 0, 0, 0, 0, 0, 0, 0, 0, 0, 0, 0, 0, 0, 0, 0, 0, 0, 0, 0, 0, 0, 0, 0, 0, 0, 0, 0, 0, 0, 0, 0, 0, 0, 0, 0, 0, 0, 0, 0, 0, 1, 1, 1, 2, 4, 2, 4, 4, 16, 5, 3, 2, 2, 2, 0, 0, 0, 0, 2, 4, 2, 4, 4, 16, 5, 11, 11, 16, 5, 11, 11, 5, 16, 5, 11, 11, )
time 23 = 128 us
loop counter = (0, 0, 0, 0, 0, 0, 0, 0, 0, 0, 0, 0, 0, 0, 0, 0, 0, 0, 0, 0, 0, 0, 1, 1, 1, 2, 4, 2, 4, 2, 4, 4, 16, 5, 3, 2, 2, 2, 0, 0, 0, 0, 2, 4, 0, 0, 0, 0, 0, 0, 0, 0, 0, 0, 0, 0, 0, 0, 0, 0, 0, 0, 0, 0, 0, 0, 0, 0, 0, 0, 0, 0, 0, 0, 0, 0, 0, 0, 0, 0, 4, 16, 5, 11, 11, 16, 5, 11, 11, 5, 16, 5, 11, 11, )
time 24 = 195 us
loop counter = (0, 0, 0, 0, 0, 0, 0, 0, 0, 0, 0, 0, 0, 0, 0, 0, 0, 0, 0, 0, 0, 0, 0, 0, 0, 0, 0, 0, 0, 0, 0, 0, 0, 0, 0, 0, 0, 0, 0, 0, 0, 0, 0, 0, 0, 0, 0, 0, 0, 0, 0, 0, 0, 0, 0, 0, 0, 0, 1, 1, 1, 2, 4, 2, 4, 4, 16, 5, 3, 2, 2, 2, 0, 0, 0, 0, 2, 4, 2, 4, 4, 16, 5, 11, 11, 16, 5, 11, 11, 5, 16, 5, 11, 11, )
time 25 = 129 us
loop counter = (0, 0, 0, 0, 0, 0, 0, 0, 0, 0, 0, 0, 0, 0, 0, 0, 0, 0, 0, 0, 0, 0, 1, 1, 1, 2, 4, 2, 4, 2, 4, 4, 16, 5, 3, 2, 2, 2, 0, 0, 0, 0, 2, 4, 0, 0, 0, 0, 0, 0, 0, 0, 0, 0, 0, 0, 0, 0, 0, 0, 0, 0, 0, 0, 0, 0, 0, 0, 0, 0, 0, 0, 0, 0, 0, 0, 0, 0, 0, 0, 4, 16, 5, 11, 11, 16, 5, 11, 11, 5, 16, 5, 11, 11, )
time 26 = 122 us
loop counter = (1, 1, 1, 2, 4, 4, 16, 5, 0, 11, 2, 2, 3, 5, 5, 0, 2, 4, 2, 4, 2, 4, 0, 0, 0, 0, 0, 0, 0, 0, 0, 0, 0, 0, 0, 0, 0, 0, 0, 0, 0, 0, 0, 0, 0, 0, 0, 0, 0, 0, 0, 0, 0, 0, 0, 0, 0, 0, 0, 0, 0, 0, 0, 0, 0, 0, 0, 0, 0, 0, 0, 0, 0, 0, 0, 0, 0, 0, 0, 0, 4, 16, 5, 11, 11, 16, 5, 11, 11, 5, 16, 5, 11, 11, )
time 27 = 131 us
loop counter = (0, 0, 0, 0, 0, 0, 0, 0, 0, 0, 0, 0, 0, 0, 0, 0, 0, 0, 0, 0, 0, 0, 0, 0, 0, 0, 0, 0, 0, 0, 0, 0, 0, 0, 0, 0, 0, 0, 0, 0, 0, 0, 0, 0, 0, 0, 0, 0, 0, 0, 0, 0, 0, 0, 0, 0, 0, 0, 1, 1, 1, 2, 4, 2, 4, 4, 16, 6, 4, 2, 2, 2, 0, 0, 0, 0, 2, 4, 2, 4, 4, 16, 6, 12, 12, 16, 6, 12, 12, 6, 16, 6, 12, 12, )
time 28 = 141 us
loop counter = (0, 0, 0, 0, 0, 0, 0, 0, 0, 0, 0, 0, 0, 0, 0, 0, 0, 0, 0, 0, 0, 0, 0, 0, 0, 0, 0, 0, 0, 0, 0, 0, 0, 0, 0, 0, 0, 0, 0, 0, 0, 0, 0, 0, 1, 1, 1, 4, 16, 6, 0, 14, 2, 2, 4, 6, 6, 0, 0, 0, 0, 0, 0, 0, 0, 0, 0, 0, 0, 0, 0, 0, 0, 0, 0, 0, 0, 0, 0, 0, 4, 16, 6, 12, 12, 16, 6, 12, 12, 6, 16, 6, 12, 12, )
time 29 = 213 us
loop counter = (0, 0, 0, 0, 0, 0, 0, 0, 0, 0, 0, 0, 0, 0, 0, 0, 0, 0, 0, 0, 0, 0, 1, 1, 1, 2, 4, 2, 4, 2, 4, 4, 16, 7, 2, 9, 3, 3, 2, 2, 2, 0, 2, 4, 0, 0, 0, 0, 0, 0, 0, 0, 0, 0, 0, 0, 0, 0, 0, 0, 0, 0, 0, 0, 0, 0, 0, 0, 0, 0, 0, 0, 0, 0, 0, 0, 0, 0, 0, 0, 4, 16, 7, 14, 14, 16, 7, 14, 14, 7, 16, 7, 14, 14, )
time 30 = 141 us
loop counter = (1, 1, 1, 2, 4, 4, 16, 8, 1, 13, 4, 4, 3, 4, 4, 0, 2, 4, 2, 4, 2, 4, 0, 0, 0, 0, 0, 0, 0, 0, 0, 0, 0, 0, 0, 0, 0, 0, 0, 0, 0, 0, 0, 0, 0, 0, 0, 0, 0, 0, 0, 0, 0, 0, 0, 0, 0, 0, 0, 0, 0, 0, 0, 0, 0, 0, 0, 0, 0, 0, 0, 0, 0, 0, 0, 0, 0, 0, 0, 0, 4, 16, 8, 15, 15, 16, 8, 15, 15, 8, 16, 8, 15, 15, )
time 31 = 142 us
loop counter = (0, 0, 0, 0, 0, 0, 0, 0, 0, 0, 0, 0, 0, 0, 0, 0, 0, 0, 0, 0, 0, 0, 0, 0, 0, 0, 0, 0, 0, 0, 0, 0, 0, 0, 0, 0, 0, 0, 0, 0, 0, 0, 0, 0, 0, 0, 0, 0, 0, 0, 0, 0, 0, 0, 0, 0, 0, 0, 1, 1, 1, 2, 4, 2, 4, 4, 16, 9, 2, 15, 4, 3, 3, 7, 6, 1, 2, 4, 2, 4, 4, 16, 8, 16, 16, 16, 8, 16, 16, 8, 16, 8, 16, 16, )
time 32 = 201 us
loop counter = (0, 0, 0, 0, 0, 0, 0, 0, 0, 0, 0, 0, 0, 0, 0, 0, 0, 0, 0, 0, 0, 0, 1, 1, 1, 2, 4, 2, 4, 2, 4, 4, 16, 9, 1, 15, 4, 2, 4, 8, 6, 2, 2, 4, 0, 0, 0, 0, 0, 0, 0, 0, 0, 0, 0, 0, 0, 0, 0, 0, 0, 0, 0, 0, 0, 0, 0, 0, 0, 0, 0, 0, 0, 0, 0, 0, 0, 0, 0, 0, 4, 16, 7, 16, 16, 16, 7, 16, 16, 7, 16, 7, 16, 16, )
time 33 = 141 us
loop counter = (0, 0, 0, 0, 0, 0, 0, 0, 0, 0, 0, 0, 0, 0, 0, 0, 0, 0, 0, 0, 0, 0, 0, 0, 0, 0, 0, 0, 0, 0, 0, 0, 0, 0, 0, 0, 0, 0, 0, 0, 0, 0, 0, 0, 1, 1, 1, 4, 16, 8, 1, 11, 4, 2, 3, 7, 5, 2, 0, 0, 0, 0, 0, 0, 0, 0, 0, 0, 0, 0, 0, 0, 0, 0, 0, 0, 0, 0, 0, 0, 4, 16, 6, 16, 16, 16, 6, 16, 16, 6, 16, 6, 16, 16, )
time 34 = 141 us
loop counter = (1, 1, 1, 2, 4, 4, 16, 7, 0, 13, 3, 1, 4, 7, 5, 2, 2, 4, 2, 4, 2, 4, 0, 0, 0, 0, 0, 0, 0, 0, 0, 0, 0, 0, 0, 0, 0, 0, 0, 0, 0, 0, 0, 0, 0, 0, 0, 0, 0, 0, 0, 0, 0, 0, 0, 0, 0, 0, 0, 0, 0, 0, 0, 0, 0, 0, 0, 0, 0, 0, 0, 0, 0, 0, 0, 0, 0, 0, 0, 0, 4, 16, 5, 13, 13, 16, 5, 13, 13, 5, 16, 5, 13, 13, )
time 35 = 199 us
loop counter = (0, 0, 0, 0, 0, 0, 0, 0, 0, 0, 0, 0, 0, 0, 0, 0, 0, 0, 0, 0, 0, 0, 0, 0, 0, 0, 0, 0, 0, 0, 0, 0, 0, 0, 0, 0, 0, 0, 0, 0, 0, 0, 0, 0, 0, 0, 0, 0, 0, 0, 0, 0, 0, 0, 0, 0, 0, 0, 1, 1, 1, 2, 4, 2, 4, 4, 16, 6, 0, 12, 3, 3, 3, 6, 6, 0, 2, 4, 2, 4, 4, 16, 6, 14, 14, 16, 6, 14, 14, 6, 16, 6, 14, 14, )
time 36 = 144 us
loop counter = (0, 0, 0, 0, 0, 0, 0, 0, 0, 0, 0, 0, 0, 0, 0, 0, 0, 0, 0, 0, 0, 0, 1, 1, 1, 2, 4, 2, 4, 2, 4, 4, 16, 7, 1, 13, 4, 4, 2, 6, 6, 0, 2, 4, 0, 0, 0, 0, 0, 0, 0, 0, 0, 0, 0, 0, 0, 0, 0, 0, 0, 0, 0, 0, 0, 0, 0, 0, 0, 0, 0, 0, 0, 0, 0, 0, 0, 0, 0, 0, 4, 16, 7, 15, 15, 16, 7, 15, 15, 7, 16, 7, 15, 15, )
time 37 = 203 us
loop counter = (0, 0, 0, 0, 0, 0, 0, 0, 0, 0, 0, 0, 0, 0, 0, 0, 0, 0, 0, 0, 0, 0, 0, 0, 0, 0, 0, 0, 0, 0, 0, 0, 0, 0, 0, 0, 0, 0, 0, 0, 0, 0, 0, 0, 1, 1, 1, 4, 16, 8, 1, 12, 4, 3, 3, 7, 6, 1, 0, 0, 0, 0, 0, 0, 0, 0, 0, 0, 0, 0, 0, 0, 0, 0, 0, 0, 0, 0, 0, 0, 4, 16, 7, 16, 16, 16, 7, 16, 16, 7, 16, 7, 16, 16, )
time 38 = 200 us
loop counter = (1, 1, 1, 2, 4, 4, 16, 8, 0, 16, 4, 4, 4, 8, 8, 0, 2, 4, 2, 4, 2, 4, 0, 0, 0, 0, 0, 0, 0, 0, 0, 0, 0, 0, 0, 0, 0, 0, 0, 0, 0, 0, 0, 0, 0, 0, 0, 0, 0, 0, 0, 0, 0, 0, 0, 0, 0, 0, 0, 0, 0, 0, 0, 0, 0, 0, 0, 0, 0, 0, 0, 0, 0, 0, 0, 0, 0, 0, 0, 0, 4, 16, 8, 17, 17, 16, 8, 17, 17, 8, 16, 8, 17, 17, )
time 39 = 117 us
loop counter = (0, 0, 0, 0, 0, 0, 0, 0, 0, 0, 0, 0, 0, 0, 0, 0, 0, 0, 0, 0, 0, 0, 0, 0, 0, 0, 0, 0, 0, 0, 0, 0, 0, 0, 0, 0, 0, 0, 0, 0, 0, 0, 0, 0, 1, 1, 1, 4, 16, 9, 3, 6, 6, 5, 0, 1, 0, 1, 0, 0, 0, 0, 0, 0, 0, 0, 0, 0, 0, 0, 0, 0, 0, 0, 0, 0, 0, 0, 0, 0, 4, 16, 8, 18, 18, 16, 8, 18, 18, 8, 16, 8, 18, 18, )
time 40 = 208 us
loop counter = (0, 0, 0, 0, 0, 0, 0, 0, 0, 0, 0, 0, 0, 0, 0, 0, 0, 0, 0, 0, 0, 0, 1, 1, 1, 2, 4, 2, 4, 2, 4, 4, 16, 9, 1, 17, 5, 5, 3, 8, 8, 0, 2, 4, 0, 0, 0, 0, 0, 0, 0, 0, 0, 0, 0, 0, 0, 0, 0, 0, 0, 0, 0, 0, 0, 0, 0, 0, 0, 0, 0, 0, 0, 0, 0, 0, 0, 0, 0, 0, 4, 16, 9, 19, 19, 16, 9, 19, 19, 9, 16, 9, 19, 19, )
time 41 = 216 us
loop counter = (0, 0, 0, 0, 0, 0, 0, 0, 0, 0, 0, 0, 0, 0, 0, 0, 0, 0, 0, 0, 0, 0, 0, 0, 0, 0, 0, 0, 0, 0, 0, 0, 0, 0, 0, 0, 0, 0, 0, 0, 0, 0, 0, 0, 0, 0, 0, 0, 0, 0, 0, 0, 0, 0, 0, 0, 0, 0, 1, 1, 1, 2, 4, 2, 4, 4, 16, 10, 2, 11, 6, 4, 2, 5, 3, 2, 2, 4, 2, 4, 4, 16, 8, 19, 19, 16, 8, 19, 19, 8, 16, 8, 19, 19, )
time 42 = 142 us
loop counter = (1, 1, 1, 2, 4, 4, 16, 9, 0, 17, 4, 3, 5, 9, 8, 1, 2, 4, 2, 4, 2, 4, 0, 0, 0, 0, 0, 0, 0, 0, 0, 0, 0, 0, 0, 0, 0, 0, 0, 0, 0, 0, 0, 0, 0, 0, 0, 0, 0, 0, 0, 0, 0, 0, 0, 0, 0, 0, 0, 0, 0, 0, 0, 0, 0, 0, 0, 0, 0, 0, 0, 0, 0, 0, 0, 0, 0, 0, 0, 0, 4, 16, 8, 20, 20, 16, 8, 20, 20, 8, 16, 8, 20, 20, )
time 43 = 202 us
loop counter = (0, 0, 0, 0, 0, 0, 0, 0, 0, 0, 0, 0, 0, 0, 0, 0, 0, 0, 0, 0, 0, 0, 1, 1, 1, 2, 4, 2, 4, 2, 4, 4, 16, 9, 0, 18, 5, 4, 4, 9, 8, 1, 2, 4, 0, 0, 0, 0, 0, 0, 0, 0, 0, 0, 0, 0, 0, 0, 0, 0, 0, 0, 0, 0, 0, 0, 0, 0, 0, 0, 0, 0, 0, 0, 0, 0, 0, 0, 0, 0, 4, 16, 8, 19, 19, 16, 8, 19, 19, 8, 16, 8, 19, 19, )
time 44 = 143 us
loop counter = (0, 0, 0, 0, 0, 0, 0, 0, 0, 0, 0, 0, 0, 0, 0, 0, 0, 0, 0, 0, 0, 0, 0, 0, 0, 0, 0, 0, 0, 0, 0, 0, 0, 0, 0, 0, 0, 0, 0, 0, 0, 0, 0, 0, 1, 1, 1, 4, 16, 9, 2, 10, 6, 6, 1, 3, 3, 0, 0, 0, 0, 0, 0, 0, 0, 0, 0, 0, 0, 0, 0, 0, 0, 0, 0, 0, 0, 0, 0, 0, 4, 16, 9, 20, 20, 16, 9, 20, 20, 9, 16, 9, 20, 20, )
time 45 = 143 us
loop counter = (0, 0, 0, 0, 0, 0, 0, 0, 0, 0, 0, 0, 0, 0, 0, 0, 0, 0, 0, 0, 0, 0, 0, 0, 0, 0, 0, 0, 0, 0, 0, 0, 0, 0, 0, 0, 0, 0, 0, 0, 0, 0, 0, 0, 0, 0, 0, 0, 0, 0, 0, 0, 0, 0, 0, 0, 0, 0, 1, 1, 1, 2, 4, 2, 4, 4, 16, 10, 1, 15, 6, 6, 3, 6, 6, 0, 2, 4, 2, 4, 4, 16, 10, 21, 21, 16, 10, 21, 21, 10, 16, 10, 21, 21, )
time 46 = 204 us
loop counter = (0, 0, 0, 0, 0, 0, 0, 0, 0, 0, 0, 0, 0, 0, 0, 0, 0, 0, 0, 0, 0, 0, 0, 0, 0, 0, 0, 0, 0, 0, 0, 0, 0, 0, 0, 0, 0, 0, 0, 0, 0, 0, 0, 0, 1, 1, 1, 4, 16, 11, 2, 16, 7, 6, 2, 6, 5, 1, 0, 0, 0, 0, 0, 0, 0, 0, 0, 0, 0, 0, 0, 0, 0, 0, 0, 0, 0, 0, 0, 0, 4, 16, 10, 22, 22, 16, 10, 22, 22, 10, 16, 10, 22, 22, )
time 47 = 145 us
loop counter = (0, 0, 0, 0, 0, 0, 0, 0, 0, 0, 0, 0, 0, 0, 0, 0, 0, 0, 0, 0, 0, 0, 1, 1, 1, 2, 4, 2, 4, 2, 4, 4, 16, 11, 4, 8, 6, 5, 1, 3, 2, 1, 2, 4, 0, 0, 0, 0, 0, 0, 0, 0, 0, 0, 0, 0, 0, 0, 0, 0, 0, 0, 0, 0, 0, 0, 0, 0, 0, 0, 0, 0, 0, 0, 0, 0, 0, 0, 0, 0, 4, 16, 10, 23, 23, 16, 10, 23, 23, 10, 16, 10, 23, 23, )
time 48 = 143 us
loop counter = (1, 1, 1, 2, 4, 4, 16, 11, 0, 20, 5, 3, 6, 11, 9, 2, 2, 4, 2, 4, 2, 4, 0, 0, 0, 0, 0, 0, 0, 0, 0, 0, 0, 0, 0, 0, 0, 0, 0, 0, 0, 0, 0, 0, 0, 0, 0, 0, 0, 0, 0, 0, 0, 0, 0, 0, 0, 0, 0, 0, 0, 0, 0, 0, 0, 0, 0, 0, 0, 0, 0, 0, 0, 0, 0, 0, 0, 0, 0, 0, 4, 16, 9, 23, 23, 16, 9, 23, 23, 9, 16, 9, 23, 23, )
time 49 = 203 us
loop counter = (0, 0, 0, 0, 0, 0, 0, 0, 0, 0, 0, 0, 0, 0, 0, 0, 0, 0, 0, 0, 0, 0, 0, 0, 0, 0, 0, 0, 0, 0, 0, 0, 0, 0, 0, 0, 0, 0, 0, 0, 0, 0, 0, 0, 0, 0, 0, 0, 0, 0, 0, 0, 0, 0, 0, 0, 0, 0, 1, 1, 1, 2, 4, 2, 4, 4, 16, 10, 2, 11, 6, 6, 2, 2, 2, 0, 2, 4, 2, 4, 4, 16, 10, 24, 24, 16, 10, 24, 24, 10, 16, 10, 24, 24, )
time 50 = 143 us
loop counter = (0, 0, 0, 0, 0, 0, 0, 0, 0, 0, 0, 0, 0, 0, 0, 0, 0, 0, 0, 0, 0, 0, 1, 1, 1, 2, 4, 2, 4, 2, 4, 4, 16, 11, 1, 19, 5, 1, 5, 10, 6, 4, 2, 4, 0, 0, 0, 0, 0, 0, 0, 0, 0, 0, 0, 0, 0, 0, 0, 0, 0, 0, 0, 0, 0, 0, 0, 0, 0, 0, 0, 0, 0, 0, 0, 0, 0, 0, 0, 0, 4, 16, 7, 22, 22, 16, 7, 22, 22, 7, 16, 7, 22, 22, )
time 51 = 142 us
loop counter = (0, 0, 0, 0, 0, 0, 0, 0, 0, 0, 0, 0, 0, 0, 0, 0, 0, 0, 0, 0, 0, 0, 0, 0, 0, 0, 0, 0, 0, 0, 0, 0, 0, 0, 0, 0, 0, 0, 0, 0, 0, 0, 0, 0, 1, 1, 1, 4, 16, 8, 2, 8, 5, 5, 1, 3, 3, 0, 0, 0, 0, 0, 0, 0, 0, 0, 0, 0, 0, 0, 0, 0, 0, 0, 0, 0, 0, 0, 0, 0, 4, 16, 8, 23, 23, 16, 8, 23, 23, 8, 16, 8, 23, 23, )
time 52 = 211 us
loop counter = (1, 1, 1, 2, 4, 4, 16, 9, 0, 20, 5, 5, 4, 9, 9, 0, 2, 4, 2, 4, 2, 4, 0, 0, 0, 0, 0, 0, 0, 0, 0, 0, 0, 0, 0, 0, 0, 0, 0, 0, 0, 0, 0, 0, 0, 0, 0, 0, 0, 0, 0, 0, 0, 0, 0, 0, 0, 0, 0, 0, 0, 0, 0, 0, 0, 0, 0, 0, 0, 0, 0, 0, 0, 0, 0, 0, 0, 0, 0, 0, 4, 16, 9, 24, 24, 16, 9, 24, 24, 9, 16, 9, 24, 24, )
time 53 = 203 us
loop counter = (0, 0, 0, 0, 0, 0, 0, 0, 0, 0, 0, 0, 0, 0, 0, 0, 0, 0, 0, 0, 0, 0, 1, 1, 1, 2, 4, 2, 4, 2, 4, 4, 16, 10, 1, 18, 6, 6, 3, 6, 6, 0, 2, 4, 0, 0, 0, 0, 0, 0, 0, 0, 0, 0, 0, 0, 0, 0, 0, 0, 0, 0, 0, 0, 0, 0, 0, 0, 0, 0, 0, 0, 0, 0, 0, 0, 0, 0, 0, 0, 4, 16, 10, 25, 25, 16, 10, 25, 25, 10, 16, 10, 25, 25, )
time 54 = 81 us
loop counter = (0, 0, 0, 0, 0, 0, 0, 0, 0, 0, 0, 0, 0, 0, 0, 0, 0, 0, 0, 0, 0, 0, 0, 0, 0, 0, 0, 0, 0, 0, 0, 0, 0, 0, 0, 0, 0, 0, 0, 0, 0, 0, 0, 0, 0, 0, 0, 0, 0, 0, 0, 0, 0, 0, 0, 0, 0, 0, 1, 1, 1, 2, 4, 2, 4, 4, 16, 11, 2, 13, 7, 7, 2, 3, 3, 0, 2, 4, 2, 4, 4, 16, 11, 26, 26, 16, 11, 26, 26, 11, 16, 11, 26, 26, )
time 55 = 205 us
loop counter = (0, 0, 0, 0, 0, 0, 0, 0, 0, 0, 0, 0, 0, 0, 0, 0, 0, 0, 0, 0, 0, 0, 0, 0, 0, 0, 0, 0, 0, 0, 0, 0, 0, 0, 0, 0, 0, 0, 0, 0, 0, 0, 0, 0, 1, 1, 1, 4, 16, 12, 3, 14, 8, 7, 1, 3, 2, 1, 0, 0, 0, 0, 0, 0, 0, 0, 0, 0, 0, 0, 0, 0, 0, 0, 0, 0, 0, 0, 0, 0, 4, 16, 11, 27, 27, 16, 11, 27, 27, 11, 16, 11, 27, 27, )
time 56 = 143 us
loop counter = (1, 1, 1, 2, 4, 4, 16, 12, 2, 17, 7, 6, 3, 7, 6, 1, 2, 4, 2, 4, 2, 4, 0, 0, 0, 0, 0, 0, 0, 0, 0, 0, 0, 0, 0, 0, 0, 0, 0, 0, 0, 0, 0, 0, 0, 0, 0, 0, 0, 0, 0, 0, 0, 0, 0, 0, 0, 0, 0, 0, 0, 0, 0, 0, 0, 0, 0, 0, 0, 0, 0, 0, 0, 0, 0, 0, 0, 0, 0, 0, 4, 16, 11, 28, 28, 16, 11, 28, 28, 11, 16, 11, 28, 28, )
time 57 = 97 us
loop counter = (0, 0, 0, 0, 0, 0, 0, 0, 0, 0, 0, 0, 0, 0, 0, 0, 0, 0, 0, 0, 0, 0, 1, 1, 1, 2, 4, 2, 4, 2, 4, 4, 16, 12, 2, 17, 8, 8, 2, 7, 7, 0, 2, 4, 0, 0, 0, 0, 0, 0, 0, 0, 0, 0, 0, 0, 0, 0, 0, 0, 0, 0, 0, 0, 0, 0, 0, 0, 0, 0, 0, 0, 0, 0, 0, 0, 0, 0, 0, 0, 4, 16, 12, 29, 29, 16, 12, 29, 29, 12, 16, 12, 29, 29, )
time 58 = 145 us
loop counter = (0, 0, 0, 0, 0, 0, 0, 0, 0, 0, 0, 0, 0, 0, 0, 0, 0, 0, 0, 0, 0, 0, 0, 0, 0, 0, 0, 0, 0, 0, 0, 0, 0, 0, 0, 0, 0, 0, 0, 0, 0, 0, 0, 0, 1, 1, 1, 4, 16, 13, 4, 11, 9, 9, 0, 1, 1, 0, 0, 0, 0, 0, 0, 0, 0, 0, 0, 0, 0, 0, 0, 0, 0, 0, 0, 0, 0, 0, 0, 0, 4, 16, 13, 30, 30, 16, 13, 30, 30, 13, 16, 13, 30, 30, )
time 59 = 144 us
loop counter = (0, 0, 0, 0, 0, 0, 0, 0, 0, 0, 0, 0, 0, 0, 0, 0, 0, 0, 0, 0, 0, 0, 0, 0, 0, 0, 0, 0, 0, 0, 0, 0, 0, 0, 0, 0, 0, 0, 0, 0, 0, 0, 0, 0, 0, 0, 0, 0, 0, 0, 0, 0, 0, 0, 0, 0, 0, 0, 1, 1, 1, 2, 4, 2, 4, 4, 16, 14, 2, 16, 9, 8, 3, 6, 5, 1, 2, 4, 2, 4, 4, 16, 13, 31, 31, 16, 13, 31, 31, 13, 16, 13, 31, 31, )
time 60 = 208 us
loop counter = (0, 0, 0, 0, 0, 0, 0, 0, 0, 0, 0, 0, 0, 0, 0, 0, 0, 0, 0, 0, 0, 0, 1, 1, 1, 2, 4, 2, 4, 2, 4, 4, 16, 14, 4, 11, 10, 9, 0, 2, 1, 1, 2, 4, 0, 0, 0, 0, 0, 0, 0, 0, 0, 0, 0, 0, 0, 0, 0, 0, 0, 0, 0, 0, 0, 0, 0, 0, 0, 0, 0, 0, 0, 0, 0, 0, 0, 0, 0, 0, 4, 16, 13, 32, 32, 16, 13, 32, 32, 13, 16, 13, 32, 32, )
time 61 = 208 us
loop counter = (1, 1, 1, 2, 4, 4, 16, 14, 2, 16, 10, 10, 2, 6, 6, 0, 2, 4, 2, 4, 2, 4, 0, 0, 0, 0, 0, 0, 0, 0, 0, 0, 0, 0, 0, 0, 0, 0, 0, 0, 0, 0, 0, 0, 0, 0, 0, 0, 0, 0, 0, 0, 0, 0, 0, 0, 0, 0, 0, 0, 0, 0, 0, 0, 0, 0, 0, 0, 0, 0, 0, 0, 0, 0, 0, 0, 0, 0, 0, 0, 4, 16, 14, 33, 33, 16, 14, 33, 33, 14, 16, 14, 33, 33, )
time 62 = 208 us
loop counter = (0, 0, 0, 0, 0, 0, 0, 0, 0, 0, 0, 0, 0, 0, 0, 0, 0, 0, 0, 0, 0, 0, 0, 0, 0, 0, 0, 0, 0, 0, 0, 0, 0, 0, 0, 0, 0, 0, 0, 0, 0, 0, 0, 0, 1, 1, 1, 4, 16, 15, 4, 13, 10, 8, 1, 3, 1, 2, 0, 0, 0, 0, 0, 0, 0, 0, 0, 0, 0, 0, 0, 0, 0, 0, 0, 0, 0, 0, 0, 0, 4, 16, 13, 34, 34, 16, 13, 34, 34, 13, 16, 13, 34, 34, )
time 63 = 130 us
loop counter = (0, 0, 0, 0, 0, 0, 0, 0, 0, 0, 0, 0, 0, 0, 0, 0, 0, 0, 0, 0, 0, 0, 0, 0, 0, 0, 0, 0, 0, 0, 0, 0, 0, 0, 0, 0, 0, 0, 0, 0, 0, 0, 0, 0, 0, 0, 0, 0, 0, 0, 0, 0, 0, 0, 0, 0, 0, 0, 1, 1, 1, 2, 4, 2, 4, 4, 16, 14, 2, 16, 10, 9, 2, 6, 5, 1, 2, 4, 2, 4, 4, 16, 13, 34, 34, 16, 13, 34, 34, 13, 16, 13, 34, 34, )
time 64 = 145 us
loop counter = (0, 0, 0, 0, 0, 0, 0, 0, 0, 0, 0, 0, 0, 0, 0, 0, 0, 0, 0, 0, 0, 0, 1, 1, 1, 2, 4, 2, 4, 2, 4, 4, 16, 14, 3, 16, 9, 8, 2, 8, 7, 1, 2, 4, 0, 0, 0, 0, 0, 0, 0, 0, 0, 0, 0, 0, 0, 0, 0, 0, 0, 0, 0, 0, 0, 0, 0, 0, 0, 0, 0, 0, 0, 0, 0, 0, 0, 0, 0, 0, 4, 16, 13, 33, 33, 16, 13, 33, 33, 13, 16, 13, 33, 33, )
time 65 = 145 us
loop counter = (0, 0, 0, 0, 0, 0, 0, 0, 0, 0, 0, 0, 0, 0, 0, 0, 0, 0, 0, 0, 0, 0, 0, 0, 0, 0, 0, 0, 0, 0, 0, 0, 0, 0, 0, 0, 0, 0, 0, 0, 0, 0, 0, 0, 0, 0, 0, 0, 0, 0, 0, 0, 0, 0, 0, 0, 0, 0, 1, 1, 1, 2, 4, 2, 4, 4, 16, 14, 4, 12, 8, 6, 2, 6, 4, 2, 2, 4, 2, 4, 4, 16, 12, 29, 29, 16, 12, 29, 29, 12, 16, 12, 29, 29, )
time 66 = 143 us
loop counter = (0, 0, 0, 0, 0, 0, 0, 0, 0, 0, 0, 0, 0, 0, 0, 0, 0, 0, 0, 0, 0, 0, 1, 1, 1, 2, 4, 2, 4, 2, 4, 4, 16, 13, 4, 9, 8, 7, 1, 2, 1, 1, 2, 4, 0, 0, 0, 0, 0, 0, 0, 0, 0, 0, 0, 0, 0, 0, 0, 0, 0, 0, 0, 0, 0, 0, 0, 0, 0, 0, 0, 0, 0, 0, 0, 0, 0, 0, 0, 0, 4, 16, 12, 30, 30, 16, 12, 30, 30, 12, 16, 12, 30, 30, )
time 67 = 205 us
loop counter = (0, 0, 0, 0, 0, 0, 0, 0, 0, 0, 0, 0, 0, 0, 0, 0, 0, 0, 0, 0, 0, 0, 0, 0, 0, 0, 0, 0, 0, 0, 0, 0, 0, 0, 0, 0, 0, 0, 0, 0, 0, 0, 0, 0, 0, 0, 0, 0, 0, 0, 0, 0, 0, 0, 0, 0, 0, 0, 1, 1, 1, 2, 4, 2, 4, 4, 16, 13, 4, 9, 9, 9, 0, 0, 0, 0, 2, 4, 2, 4, 4, 16, 13, 31, 31, 16, 13, 31, 31, 13, 16, 13, 31, 31, )
time 68 = 207 us
loop counter = (0, 0, 0, 0, 0, 0, 0, 0, 0, 0, 0, 0, 0, 0, 0, 0, 0, 0, 0, 0, 0, 0, 1, 1, 1, 2, 4, 2, 4, 2, 4, 4, 16, 13, 4, 9, 9, 8, 0, 1, 0, 1, 2, 4, 0, 0, 0, 0, 0, 0, 0, 0, 0, 0, 0, 0, 0, 0, 0, 0, 0, 0, 0, 0, 0, 0, 0, 0, 0, 0, 0, 0, 0, 0, 0, 0, 0, 0, 0, 0, 4, 16, 12, 31, 31, 16, 12, 31, 31, 12, 16, 12, 31, 31, )
time 69 = 207 us
loop counter = (0, 0, 0, 0, 0, 0, 0, 0, 0, 0, 0, 0, 0, 0, 0, 0, 0, 0, 0, 0, 0, 0, 1, 1, 1, 2, 4, 2, 4, 2, 4, 4, 16, 13, 4, 9, 8, 7, 1, 2, 1, 1, 2, 4, 0, 0, 0, 0, 0, 0, 0, 0, 0, 0, 0, 0, 0, 0, 0, 0, 0, 0, 0, 0, 0, 0, 0, 0, 0, 0, 0, 0, 0, 0, 0, 0, 0, 0, 0, 0, 4, 16, 12, 31, 31, 16, 12, 31, 31, 12, 16, 12, 31, 31, )
time 70 = 204 us
loop counter = (0, 0, 0, 0, 0, 0, 0, 0, 0, 0, 0, 0, 0, 0, 0, 0, 0, 0, 0, 0, 0, 0, 0, 0, 0, 0, 0, 0, 0, 0, 0, 0, 0, 0, 0, 0, 0, 0, 0, 0, 0, 0, 0, 0, 0, 0, 0, 0, 0, 0, 0, 0, 0, 0, 0, 0, 0, 0, 1, 1, 1, 2, 4, 2, 4, 4, 16, 13, 4, 9, 9, 8, 0, 1, 0, 1, 2, 4, 2, 4, 4, 16, 12, 32, 32, 16, 12, 32, 32, 12, 16, 12, 32, 32, )
time 71 = 206 us
loop counter = (0, 0, 0, 0, 0, 0, 0, 0, 0, 0, 0, 0, 0, 0, 0, 0, 0, 0, 0, 0, 0, 0, 1, 1, 1, 2, 4, 2, 4, 2, 4, 4, 16, 13, 4, 9, 9, 9, 0, 0, 0, 0, 2, 4, 0, 0, 0, 0, 0, 0, 0, 0, 0, 0, 0, 0, 0, 0, 0, 0, 0, 0, 0, 0, 0, 0, 0, 0, 0, 0, 0, 0, 0, 0, 0, 0, 0, 0, 0, 0, 4, 16, 13, 33, 33, 16, 13, 33, 33, 13, 16, 13, 33, 33, )
time 72 = 144 us
loop counter = (0, 0, 0, 0, 0, 0, 0, 0, 0, 0, 0, 0, 0, 0, 0, 0, 0, 0, 0, 0, 0, 0, 0, 0, 0, 0, 0, 0, 0, 0, 0, 0, 0, 0, 0, 0, 0, 0, 0, 0, 0, 0, 0, 0, 0, 0, 0, 0, 0, 0, 0, 0, 0, 0, 0, 0, 0, 0, 1, 1, 1, 2, 4, 2, 4, 4, 16, 13, 4, 10, 9, 8, 0, 2, 1, 1, 2, 4, 2, 4, 4, 16, 12, 32, 32, 16, 12, 32, 32, 12, 16, 12, 32, 32, )
time 73 = 204 us
loop counter = (0, 0, 0, 0, 0, 0, 0, 0, 0, 0, 0, 0, 0, 0, 0, 0, 0, 0, 0, 0, 0, 0, 0, 0, 0, 0, 0, 0, 0, 0, 0, 0, 0, 0, 0, 0, 0, 0, 0, 0, 0, 0, 0, 0, 1, 1, 1, 4, 16, 13, 2, 16, 9, 9, 2, 5, 5, 0, 0, 0, 0, 0, 0, 0, 0, 0, 0, 0, 0, 0, 0, 0, 0, 0, 0, 0, 0, 0, 0, 0, 4, 16, 13, 33, 33, 16, 13, 33, 33, 13, 16, 13, 33, 33, )
time 74 = 145 us
loop counter = (0, 0, 0, 0, 0, 0, 0, 0, 0, 0, 0, 0, 0, 0, 0, 0, 0, 0, 0, 0, 0, 0, 0, 0, 0, 0, 0, 0, 0, 0, 0, 0, 0, 0, 0, 0, 0, 0, 0, 0, 0, 0, 0, 0, 0, 0, 0, 0, 0, 0, 0, 0, 0, 0, 0, 0, 0, 0, 1, 1, 1, 2, 4, 2, 4, 4, 16, 14, 3, 15, 10, 10, 1, 5, 5, 0, 2, 4, 2, 4, 4, 16, 14, 34, 34, 16, 14, 34, 34, 14, 16, 14, 34, 34, )
time 75 = 203 us
loop counter = (0, 0, 0, 0, 0, 0, 0, 0, 0, 0, 0, 0, 0, 0, 0, 0, 0, 0, 0, 0, 0, 0, 0, 0, 0, 0, 0, 0, 0, 0, 0, 0, 0, 0, 0, 0, 0, 0, 0, 0, 0, 0, 0, 0, 1, 1, 1, 4, 16, 15, 3, 15, 10, 9, 2, 6, 5, 1, 0, 0, 0, 0, 0, 0, 0, 0, 0, 0, 0, 0, 0, 0, 0, 0, 0, 0, 0, 0, 0, 0, 4, 16, 14, 35, 35, 16, 14, 35, 35, 14, 16, 14, 35, 35, )
time 76 = 152 us
loop counter = (0, 0, 0, 0, 0, 0, 0, 0, 0, 0, 0, 0, 0, 0, 0, 0, 0, 0, 0, 0, 0, 0, 0, 0, 0, 0, 0, 0, 0, 0, 0, 0, 0, 0, 0, 0, 0, 0, 0, 0, 0, 0, 0, 0, 0, 0, 0, 0, 0, 0, 0, 0, 0, 0, 0, 0, 0, 0, 1, 1, 1, 2, 4, 2, 4, 4, 16, 15, 3, 14, 11, 11, 1, 3, 3, 0, 2, 4, 2, 4, 4, 16, 15, 37, 37, 16, 15, 37, 37, 15, 16, 15, 37, 37, )
time 77 = 208 us
loop counter = (0, 0, 0, 0, 0, 0, 0, 0, 0, 0, 0, 0, 0, 0, 0, 0, 0, 0, 0, 0, 0, 0, 1, 1, 1, 2, 4, 2, 4, 2, 4, 4, 16, 16, 4, 12, 9, 6, 3, 6, 3, 3, 2, 4, 0, 0, 0, 0, 0, 0, 0, 0, 0, 0, 0, 0, 0, 0, 0, 0, 0, 0, 0, 0, 0, 0, 0, 0, 0, 0, 0, 0, 0, 0, 0, 0, 0, 0, 0, 0, 4, 16, 13, 33, 33, 16, 13, 33, 33, 13, 16, 13, 33, 33, )
time 78 = 144 us
loop counter = (0, 0, 0, 0, 0, 0, 0, 0, 0, 0, 0, 0, 0, 0, 0, 0, 0, 0, 0, 0, 0, 0, 0, 0, 0, 0, 0, 0, 0, 0, 0, 0, 0, 0, 0, 0, 0, 0, 0, 0, 0, 0, 0, 0, 1, 1, 1, 4, 16, 14, 4, 10, 10, 9, 0, 1, 0, 1, 0, 0, 0, 0, 0, 0, 0, 0, 0, 0, 0, 0, 0, 0, 0, 0, 0, 0, 0, 0, 0, 0, 4, 16, 13, 34, 34, 16, 13, 34, 34, 13, 16, 13, 34, 34, )
time 79 = 138 us
loop counter = (0, 0, 0, 0, 0, 0, 0, 0, 0, 0, 0, 0, 0, 0, 0, 0, 0, 0, 0, 0, 0, 0, 0, 0, 0, 0, 0, 0, 0, 0, 0, 0, 0, 0, 0, 0, 0, 0, 0, 0, 0, 0, 0, 0, 0, 0, 0, 0, 0, 0, 0, 0, 0, 0, 0, 0, 0, 0, 1, 1, 1, 2, 4, 2, 4, 4, 16, 14, 4, 12, 10, 10, 0, 1, 1, 0, 2, 4, 2, 4, 4, 16, 14, 35, 35, 16, 14, 35, 35, 14, 16, 14, 35, 35, )
time 80 = 154 us
loop counter = (0, 0, 0, 0, 0, 0, 0, 0, 0, 0, 0, 0, 0, 0, 0, 0, 0, 0, 0, 0, 0, 0, 0, 0, 0, 0, 0, 0, 0, 0, 0, 0, 0, 0, 0, 0, 0, 0, 0, 0, 0, 0, 0, 0, 1, 1, 1, 4, 16, 15, 3, 14, 11, 11, 1, 3, 3, 0, 0, 0, 0, 0, 0, 0, 0, 0, 0, 0, 0, 0, 0, 0, 0, 0, 0, 0, 0, 0, 0, 0, 4, 16, 15, 36, 36, 16, 15, 36, 36, 15, 16, 15, 36, 36, )
time 81 = 142 us
loop counter = (0, 0, 0, 0, 0, 0, 0, 0, 0, 0, 0, 0, 0, 0, 0, 0, 0, 0, 0, 0, 0, 0, 1, 1, 1, 2, 4, 2, 4, 2, 4, 4, 16, 16, 4, 13, 11, 8, 1, 5, 2, 3, 2, 4, 0, 0, 0, 0, 0, 0, 0, 0, 0, 0, 0, 0, 0, 0, 0, 0, 0, 0, 0, 0, 0, 0, 0, 0, 0, 0, 0, 0, 0, 0, 0, 0, 0, 0, 0, 0, 4, 16, 13, 33, 33, 16, 13, 33, 33, 13, 16, 13, 33, 33, )
time 82 = 99 us
loop counter = (0, 0, 0, 0, 0, 0, 0, 0, 0, 0, 0, 0, 0, 0, 0, 0, 0, 0, 0, 0, 0, 0, 0, 0, 0, 0, 0, 0, 0, 0, 0, 0, 0, 0, 0, 0, 0, 0, 0, 0, 0, 0, 0, 0, 0, 0, 0, 0, 0, 0, 0, 0, 0, 0, 0, 0, 0, 0, 1, 1, 1, 2, 4, 2, 4, 4, 16, 14, 3, 15, 9, 8, 2, 5, 4, 1, 2, 4, 2, 4, 4, 16, 13, 32, 32, 16, 13, 32, 32, 13, 16, 13, 32, 32, )
time 83 = 145 us
loop counter = (0, 0, 0, 0, 0, 0, 0, 0, 0, 0, 0, 0, 0, 0, 0, 0, 0, 0, 0, 0, 0, 0, 1, 1, 1, 2, 4, 2, 4, 2, 4, 4, 16, 14, 4, 12, 8, 5, 2, 7, 4, 3, 2, 4, 0, 0, 0, 0, 0, 0, 0, 0, 0, 0, 0, 0, 0, 0, 0, 0, 0, 0, 0, 0, 0, 0, 0, 0, 0, 0, 0, 0, 0, 0, 0, 0, 0, 0, 0, 0, 4, 16, 11, 30, 30, 16, 11, 30, 30, 11, 16, 11, 30, 30, )
time 84 = 149 us
loop counter = (0, 0, 0, 0, 0, 0, 0, 0, 0, 0, 0, 0, 0, 0, 0, 0, 0, 0, 0, 0, 0, 0, 0, 0, 0, 0, 0, 0, 0, 0, 0, 0, 0, 0, 0, 0, 0, 0, 0, 0, 0, 0, 0, 0, 0, 0, 0, 0, 0, 0, 0, 0, 0, 0, 0, 0, 0, 0, 1, 1, 1, 2, 4, 2, 4, 4, 16, 12, 3, 9, 8, 7, 1, 2, 1, 1, 2, 4, 2, 4, 4, 16, 11, 31, 31, 16, 11, 31, 31, 11, 16, 11, 31, 31, )
time 85 = 204 us
loop counter = (0, 0, 0, 0, 0, 0, 0, 0, 0, 0, 0, 0, 0, 0, 0, 0, 0, 0, 0, 0, 0, 0, 1, 1, 1, 2, 4, 2, 4, 2, 4, 4, 16, 12, 4, 8, 8, 7, 0, 1, 0, 1, 2, 4, 0, 0, 0, 0, 0, 0, 0, 0, 0, 0, 0, 0, 0, 0, 0, 0, 0, 0, 0, 0, 0, 0, 0, 0, 0, 0, 0, 0, 0, 0, 0, 0, 0, 0, 0, 0, 4, 16, 11, 31, 31, 16, 11, 31, 31, 11, 16, 11, 31, 31, )
time 86 = 144 us
loop counter = (0, 0, 0, 0, 0, 0, 0, 0, 0, 0, 0, 0, 0, 0, 0, 0, 0, 0, 0, 0, 0, 0, 0, 0, 0, 0, 0, 0, 0, 0, 0, 0, 0, 0, 0, 0, 0, 0, 0, 0, 0, 0, 0, 0, 1, 1, 1, 4, 16, 12, 3, 10, 7, 6, 2, 3, 2, 1, 0, 0, 0, 0, 0, 0, 0, 0, 0, 0, 0, 0, 0, 0, 0, 0, 0, 0, 0, 0, 0, 0, 4, 16, 11, 32, 32, 16, 11, 32, 32, 11, 16, 11, 32, 32, )
time 87 = 130 us
loop counter = (0, 0, 0, 0, 0, 0, 0, 0, 0, 0, 0, 0, 0, 0, 0, 0, 0, 0, 0, 0, 0, 0, 0, 0, 0, 0, 0, 0, 0, 0, 0, 0, 0, 0, 0, 0, 0, 0, 0, 0, 0, 0, 0, 0, 0, 0, 0, 0, 0, 0, 0, 0, 0, 0, 0, 0, 0, 0, 1, 1, 1, 2, 4, 2, 4, 4, 16, 12, 2, 16, 8, 7, 2, 4, 3, 1, 2, 4, 2, 4, 4, 16, 11, 33, 33, 16, 11, 33, 33, 11, 16, 11, 33, 33, )
time 88 = 144 us
loop counter = (0, 0, 0, 0, 0, 0, 0, 0, 0, 0, 0, 0, 0, 0, 0, 0, 0, 0, 0, 0, 0, 0, 1, 1, 1, 2, 4, 2, 4, 2, 4, 4, 16, 12, 4, 9, 8, 8, 0, 1, 1, 0, 2, 4, 0, 0, 0, 0, 0, 0, 0, 0, 0, 0, 0, 0, 0, 0, 0, 0, 0, 0, 0, 0, 0, 0, 0, 0, 0, 0, 0, 0, 0, 0, 0, 0, 0, 0, 0, 0, 4, 16, 12, 34, 34, 16, 12, 34, 34, 12, 16, 12, 34, 34, )
time 89 = 147 us
loop counter = (0, 0, 0, 0, 0, 0, 0, 0, 0, 0, 0, 0, 0, 0, 0, 0, 0, 0, 0, 0, 0, 0, 0, 0, 0, 0, 0, 0, 0, 0, 0, 0, 0, 0, 0, 0, 0, 0, 0, 0, 0, 0, 0, 0, 1, 1, 1, 4, 16, 13, 3, 13, 8, 7, 2, 4, 3, 1, 0, 0, 0, 0, 0, 0, 0, 0, 0, 0, 0, 0, 0, 0, 0, 0, 0, 0, 0, 0, 0, 0, 4, 16, 12, 35, 35, 16, 12, 35, 35, 12, 16, 12, 35, 35, )
time 90 = 145 us
loop counter = (0, 0, 0, 0, 0, 0, 0, 0, 0, 0, 0, 0, 0, 0, 0, 0, 0, 0, 0, 0, 0, 0, 0, 0, 0, 0, 0, 0, 0, 0, 0, 0, 0, 0, 0, 0, 0, 0, 0, 0, 0, 0, 0, 0, 0, 0, 0, 0, 0, 0, 0, 0, 0, 0, 0, 0, 0, 0, 1, 1, 1, 2, 4, 2, 4, 4, 16, 13, 2, 15, 9, 8, 2, 5, 4, 1, 2, 4, 2, 4, 4, 16, 12, 35, 35, 16, 12, 35, 35, 12, 16, 12, 35, 35, )
time 91 = 219 us
loop counter = (0, 0, 0, 0, 0, 0, 0, 0, 0, 0, 0, 0, 0, 0, 0, 0, 0, 0, 0, 0, 0, 0, 0, 0, 0, 0, 0, 0, 0, 0, 0, 0, 0, 0, 0, 0, 0, 0, 0, 0, 0, 0, 0, 0, 1, 1, 1, 4, 16, 13, 3, 15, 9, 8, 1, 4, 3, 1, 0, 0, 0, 0, 0, 0, 0, 0, 0, 0, 0, 0, 0, 0, 0, 0, 0, 0, 0, 0, 0, 0, 4, 16, 12, 34, 34, 16, 12, 34, 34, 12, 16, 12, 34, 34, )
time 92 = 203 us
loop counter = (0, 0, 0, 0, 0, 0, 0, 0, 0, 0, 0, 0, 0, 0, 0, 0, 0, 0, 0, 0, 0, 0, 1, 1, 1, 2, 4, 2, 4, 2, 4, 4, 16, 13, 4, 12, 9, 9, 0, 3, 3, 0, 2, 4, 0, 0, 0, 0, 0, 0, 0, 0, 0, 0, 0, 0, 0, 0, 0, 0, 0, 0, 0, 0, 0, 0, 0, 0, 0, 0, 0, 0, 0, 0, 0, 0, 0, 0, 0, 0, 4, 16, 13, 35, 35, 16, 13, 35, 35, 13, 16, 13, 35, 35, )
time 93 = 423 us
loop counter = (1, 1, 1, 2, 4, 4, 16, 14, 2, 17, 9, 8, 3, 9, 8, 1, 2, 4, 2, 4, 2, 4, 0, 0, 0, 0, 0, 0, 0, 0, 0, 0, 0, 0, 0, 0, 0, 0, 0, 0, 0, 0, 0, 0, 0, 0, 0, 0, 0, 0, 0, 0, 0, 0, 0, 0, 0, 0, 0, 0, 0, 0, 0, 0, 0, 0, 0, 0, 0, 0, 0, 0, 0, 0, 0, 0, 0, 0, 0, 0, 4, 16, 13, 36, 36, 16, 13, 36, 36, 13, 16, 13, 36, 36, )
time 94 = 207 us
loop counter = (0, 0, 0, 0, 0, 0, 0, 0, 0, 0, 0, 0, 0, 0, 0, 0, 0, 0, 0, 0, 0, 0, 1, 1, 1, 2, 4, 2, 4, 2, 4, 4, 16, 14, 2, 16, 10, 10, 2, 6, 6, 0, 2, 4, 0, 0, 0, 0, 0, 0, 0, 0, 0, 0, 0, 0, 0, 0, 0, 0, 0, 0, 0, 0, 0, 0, 0, 0, 0, 0, 0, 0, 0, 0, 0, 0, 0, 0, 0, 0, 4, 16, 14, 37, 37, 16, 14, 37, 37, 14, 16, 14, 37, 37, )
time 95 = 142 us
loop counter = (0, 0, 0, 0, 0, 0, 0, 0, 0, 0, 0, 0, 0, 0, 0, 0, 0, 0, 0, 0, 0, 0, 0, 0, 0, 0, 0, 0, 0, 0, 0, 0, 0, 0, 0, 0, 0, 0, 0, 0, 0, 0, 0, 0, 1, 1, 1, 4, 16, 15, 4, 12, 10, 9, 1, 3, 2, 1, 0, 0, 0, 0, 0, 0, 0, 0, 0, 0, 0, 0, 0, 0, 0, 0, 0, 0, 0, 0, 0, 0, 4, 16, 14, 38, 38, 16, 14, 38, 38, 14, 16, 14, 38, 38, )
time 96 = 153 us
loop counter = (0, 0, 0, 0, 0, 0, 0, 0, 0, 0, 0, 0, 0, 0, 0, 0, 0, 0, 0, 0, 0, 0, 0, 0, 0, 0, 0, 0, 0, 0, 0, 0, 0, 0, 0, 0, 0, 0, 0, 0, 0, 0, 0, 0, 0, 0, 0, 0, 0, 0, 0, 0, 0, 0, 0, 0, 0, 0, 1, 1, 1, 2, 4, 2, 4, 4, 16, 15, 3, 15, 10, 9, 2, 6, 5, 1, 2, 4, 2, 4, 4, 16, 14, 39, 39, 16, 14, 39, 39, 14, 16, 14, 39, 39, )
time 97 = 145 us
loop counter = (1, 1, 1, 2, 4, 4, 16, 15, 4, 12, 10, 9, 1, 3, 2, 1, 2, 4, 2, 4, 2, 4, 0, 0, 0, 0, 0, 0, 0, 0, 0, 0, 0, 0, 0, 0, 0, 0, 0, 0, 0, 0, 0, 0, 0, 0, 0, 0, 0, 0, 0, 0, 0, 0, 0, 0, 0, 0, 0, 0, 0, 0, 0, 0, 0, 0, 0, 0, 0, 0, 0, 0, 0, 0, 0, 0, 0, 0, 0, 0, 4, 16, 14, 39, 39, 16, 14, 39, 39, 14, 16, 14, 39, 39, )
time 98 = 97 us
loop counter = (0, 0, 0, 0, 0, 0, 0, 0, 0, 0, 0, 0, 0, 0, 0, 0, 0, 0, 0, 0, 0, 0, 1, 1, 1, 2, 4, 2, 4, 2, 4, 4, 16, 15, 3, 14, 11, 11, 1, 3, 3, 0, 2, 4, 0, 0, 0, 0, 0, 0, 0, 0, 0, 0, 0, 0, 0, 0, 0, 0, 0, 0, 0, 0, 0, 0, 0, 0, 0, 0, 0, 0, 0, 0, 0, 0, 0, 0, 0, 0, 4, 16, 15, 41, 41, 16, 15, 41, 41, 15, 16, 15, 41, 41, )
time 99 = 144 us
loop counter = (0, 0, 0, 0, 0, 0, 0, 0, 0, 0, 0, 0, 0, 0, 0, 0, 0, 0, 0, 0, 0, 0, 0, 0, 0, 0, 0, 0, 0, 0, 0, 0, 0, 0, 0, 0, 0, 0, 0, 0, 0, 0, 0, 0, 1, 1, 1, 4, 16, 16, 4, 15, 9, 6, 3, 9, 6, 3, 0, 0, 0, 0, 0, 0, 0, 0, 0, 0, 0, 0, 0, 0, 0, 0, 0, 0, 0, 0, 0, 0, 4, 16, 13, 38, 38, 16, 13, 38, 38, 13, 16, 13, 38, 38, )
time 100 = 205 us
loop counter = (0, 0, 0, 0, 0, 0, 0, 0, 0, 0, 0, 0, 0, 0, 0, 0, 0, 0, 0, 0, 0, 0, 0, 0, 0, 0, 0, 0, 0, 0, 0, 0, 0, 0, 0, 0, 0, 0, 0, 0, 0, 0, 0, 0, 0, 0, 0, 0, 0, 0, 0, 0, 0, 0, 0, 0, 0, 0, 1, 1, 1, 2, 4, 2, 4, 4, 16, 14, 2, 17, 9, 7, 3, 9, 7, 2, 2, 4, 2, 4, 4, 16, 12, 38, 38, 16, 12, 38, 38, 12, 16, 12, 38, 38, )
time 101 = 206 us
loop counter = (0, 0, 0, 0, 0, 0, 0, 0, 0, 0, 0, 0, 0, 0, 0, 0, 0, 0, 0, 0, 0, 0, 1, 1, 1, 2, 4, 2, 4, 2, 4, 4, 16, 13, 3, 14, 8, 5, 2, 6, 3, 3, 2, 4, 0, 0, 0, 0, 0, 0, 0, 0, 0, 0, 0, 0, 0, 0, 0, 0, 0, 0, 0, 0, 0, 0, 0, 0, 0, 0, 0, 0, 0, 0, 0, 0, 0, 0, 0, 0, 4, 16, 10, 34, 34, 16, 10, 34, 34, 10, 16, 10, 34, 34, )
time 102 = 218 us
loop counter = (0, 0, 0, 0, 0, 0, 0, 0, 0, 0, 0, 0, 0, 0, 0, 0, 0, 0, 0, 0, 0, 0, 0, 0, 0, 0, 0, 0, 0, 0, 0, 0, 0, 0, 0, 0, 0, 0, 0, 0, 0, 0, 0, 0, 1, 1, 1, 4, 16, 11, 1, 18, 7, 7, 3, 7, 7, 0, 0, 0, 0, 0, 0, 0, 0, 0, 0, 0, 0, 0, 0, 0, 0, 0, 0, 0, 0, 0, 0, 0, 4, 16, 11, 36, 36, 16, 11, 36, 36, 11, 16, 11, 36, 36, )
time 103 = 142 us
loop counter = (1, 1, 1, 2, 4, 4, 16, 12, 2, 14, 7, 6, 3, 6, 5, 1, 2, 4, 2, 4, 2, 4, 0, 0, 0, 0, 0, 0, 0, 0, 0, 0, 0, 0, 0, 0, 0, 0, 0, 0, 0, 0, 0, 0, 0, 0, 0, 0, 0, 0, 0, 0, 0, 0, 0, 0, 0, 0, 0, 0, 0, 0, 0, 0, 0, 0, 0, 0, 0, 0, 0, 0, 0, 0, 0, 0, 0, 0, 0, 0, 4, 16, 11, 35, 35, 16, 11, 35, 35, 11, 16, 11, 35, 35, )
time 104 = 205 us
loop counter = (0, 0, 0, 0, 0, 0, 0, 0, 0, 0, 0, 0, 0, 0, 0, 0, 0, 0, 0, 0, 0, 0, 0, 0, 0, 0, 0, 0, 0, 0, 0, 0, 0, 0, 0, 0, 0, 0, 0, 0, 0, 0, 0, 0, 0, 0, 0, 0, 0, 0, 0, 0, 0, 0, 0, 0, 0, 0, 1, 1, 1, 2, 4, 2, 4, 4, 16, 12, 1, 18, 7, 6, 4, 8, 7, 1, 2, 4, 2, 4, 4, 16, 11, 33, 33, 16, 11, 33, 33, 11, 16, 11, 33, 33, )
time 105 = 142 us
loop counter = (0, 0, 0, 0, 0, 0, 0, 0, 0, 0, 0, 0, 0, 0, 0, 0, 0, 0, 0, 0, 0, 0, 1, 1, 1, 2, 4, 2, 4, 2, 4, 4, 16, 12, 2, 15, 8, 7, 2, 5, 4, 1, 2, 4, 0, 0, 0, 0, 0, 0, 0, 0, 0, 0, 0, 0, 0, 0, 0, 0, 0, 0, 0, 0, 0, 0, 0, 0, 0, 0, 0, 0, 0, 0, 0, 0, 0, 0, 0, 0, 4, 16, 11, 34, 34, 16, 11, 34, 34, 11, 16, 11, 34, 34, )
time 106 = 205 us
loop counter = (0, 0, 0, 0, 0, 0, 0, 0, 0, 0, 0, 0, 0, 0, 0, 0, 0, 0, 0, 0, 0, 0, 0, 0, 0, 0, 0, 0, 0, 0, 0, 0, 0, 0, 0, 0, 0, 0, 0, 0, 0, 0, 0, 0, 1, 1, 1, 4, 16, 12, 2, 16, 8, 8, 2, 4, 4, 0, 0, 0, 0, 0, 0, 0, 0, 0, 0, 0, 0, 0, 0, 0, 0, 0, 0, 0, 0, 0, 0, 0, 4, 16, 12, 35, 35, 16, 12, 35, 35, 12, 16, 12, 35, 35, )
time 107 = 205 us
loop counter = (1, 1, 1, 2, 4, 4, 16, 13, 2, 16, 9, 9, 2, 5, 5, 0, 2, 4, 2, 4, 2, 4, 0, 0, 0, 0, 0, 0, 0, 0, 0, 0, 0, 0, 0, 0, 0, 0, 0, 0, 0, 0, 0, 0, 0, 0, 0, 0, 0, 0, 0, 0, 0, 0, 0, 0, 0, 0, 0, 0, 0, 0, 0, 0, 0, 0, 0, 0, 0, 0, 0, 0, 0, 0, 0, 0, 0, 0, 0, 0, 4, 16, 13, 36, 36, 16, 13, 36, 36, 13, 16, 13, 36, 36, )
time 108 = 206 us
loop counter = (0, 0, 0, 0, 0, 0, 0, 0, 0, 0, 0, 0, 0, 0, 0, 0, 0, 0, 0, 0, 0, 0, 0, 0, 0, 0, 0, 0, 0, 0, 0, 0, 0, 0, 0, 0, 0, 0, 0, 0, 0, 0, 0, 0, 0, 0, 0, 0, 0, 0, 0, 0, 0, 0, 0, 0, 0, 0, 1, 1, 1, 2, 4, 2, 4, 4, 16, 14, 3, 14, 9, 8, 2, 4, 3, 1, 2, 4, 2, 4, 4, 16, 13, 36, 36, 16, 13, 36, 36, 13, 16, 13, 36, 36, )
time 109 = 145 us
loop counter = (0, 0, 0, 0, 0, 0, 0, 0, 0, 0, 0, 0, 0, 0, 0, 0, 0, 0, 0, 0, 0, 0, 1, 1, 1, 2, 4, 2, 4, 2, 4, 4, 16, 14, 3, 14, 8, 6, 3, 6, 4, 2, 2, 4, 0, 0, 0, 0, 0, 0, 0, 0, 0, 0, 0, 0, 0, 0, 0, 0, 0, 0, 0, 0, 0, 0, 0, 0, 0, 0, 0, 0, 0, 0, 0, 0, 0, 0, 0, 0, 4, 16, 12, 35, 35, 16, 12, 35, 35, 12, 16, 12, 35, 35, )
time 110 = 226 us
loop counter = (0, 0, 0, 0, 0, 0, 0, 0, 0, 0, 0, 0, 0, 0, 0, 0, 0, 0, 0, 0, 0, 0, 0, 0, 0, 0, 0, 0, 0, 0, 0, 0, 0, 0, 0, 0, 0, 0, 0, 0, 0, 0, 0, 0, 1, 1, 1, 4, 16, 13, 3, 12, 8, 7, 2, 5, 4, 1, 0, 0, 0, 0, 0, 0, 0, 0, 0, 0, 0, 0, 0, 0, 0, 0, 0, 0, 0, 0, 0, 0, 4, 16, 12, 36, 36, 16, 12, 36, 36, 12, 16, 12, 36, 36, )
time 111 = 151 us
loop counter = (1, 1, 1, 2, 4, 4, 16, 13, 3, 11, 9, 9, 1, 1, 1, 0, 2, 4, 2, 4, 2, 4, 0, 0, 0, 0, 0, 0, 0, 0, 0, 0, 0, 0, 0, 0, 0, 0, 0, 0, 0, 0, 0, 0, 0, 0, 0, 0, 0, 0, 0, 0, 0, 0, 0, 0, 0, 0, 0, 0, 0, 0, 0, 0, 0, 0, 0, 0, 0, 0, 0, 0, 0, 0, 0, 0, 0, 0, 0, 0, 4, 16, 13, 38, 38, 16, 13, 38, 38, 13, 16, 13, 38, 38, )
time 112 = 220 us
loop counter = (0, 0, 0, 0, 0, 0, 0, 0, 0, 0, 0, 0, 0, 0, 0, 0, 0, 0, 0, 0, 0, 0, 0, 0, 0, 0, 0, 0, 0, 0, 0, 0, 0, 0, 0, 0, 0, 0, 0, 0, 0, 0, 0, 0, 1, 1, 1, 4, 16, 14, 4, 10, 9, 7, 1, 3, 1, 2, 0, 0, 0, 0, 0, 0, 0, 0, 0, 0, 0, 0, 0, 0, 0, 0, 0, 0, 0, 0, 0, 0, 4, 16, 12, 37, 37, 16, 12, 37, 37, 12, 16, 12, 37, 37, )
time 113 = 202 us
loop counter = (0, 0, 0, 0, 0, 0, 0, 0, 0, 0, 0, 0, 0, 0, 0, 0, 0, 0, 0, 0, 0, 0, 1, 1, 1, 2, 4, 2, 4, 2, 4, 4, 16, 13, 2, 14, 9, 8, 2, 5, 4, 1, 2, 4, 0, 0, 0, 0, 0, 0, 0, 0, 0, 0, 0, 0, 0, 0, 0, 0, 0, 0, 0, 0, 0, 0, 0, 0, 0, 0, 0, 0, 0, 0, 0, 0, 0, 0, 0, 0, 4, 16, 12, 38, 38, 16, 12, 38, 38, 12, 16, 12, 38, 38, )
time 114 = 206 us
loop counter = (0, 0, 0, 0, 0, 0, 0, 0, 0, 0, 0, 0, 0, 0, 0, 0, 0, 0, 0, 0, 0, 0, 0, 0, 0, 0, 0, 0, 0, 0, 0, 0, 0, 0, 0, 0, 0, 0, 0, 0, 0, 0, 0, 0, 0, 0, 0, 0, 0, 0, 0, 0, 0, 0, 0, 0, 0, 0, 1, 1, 1, 2, 4, 2, 4, 4, 16, 13, 1, 18, 9, 9, 3, 9, 9, 0, 2, 4, 2, 4, 4, 16, 13, 39, 39, 16, 13, 39, 39, 13, 16, 13, 39, 39, )
time 115 = 155 us
loop counter = (1, 1, 1, 2, 4, 4, 16, 14, 3, 13, 10, 10, 1, 2, 2, 0, 2, 4, 2, 4, 2, 4, 0, 0, 0, 0, 0, 0, 0, 0, 0, 0, 0, 0, 0, 0, 0, 0, 0, 0, 0, 0, 0, 0, 0, 0, 0, 0, 0, 0, 0, 0, 0, 0, 0, 0, 0, 0, 0, 0, 0, 0, 0, 0, 0, 0, 0, 0, 0, 0, 0, 0, 0, 0, 0, 0, 0, 0, 0, 0, 4, 16, 14, 40, 40, 16, 14, 40, 40, 14, 16, 14, 40, 40, )
time 116 = 208 us
loop counter = (0, 0, 0, 0, 0, 0, 0, 0, 0, 0, 0, 0, 0, 0, 0, 0, 0, 0, 0, 0, 0, 0, 0, 0, 0, 0, 0, 0, 0, 0, 0, 0, 0, 0, 0, 0, 0, 0, 0, 0, 0, 0, 0, 0, 1, 1, 1, 4, 16, 15, 3, 15, 10, 9, 2, 6, 5, 1, 0, 0, 0, 0, 0, 0, 0, 0, 0, 0, 0, 0, 0, 0, 0, 0, 0, 0, 0, 0, 0, 0, 4, 16, 14, 41, 41, 16, 14, 41, 41, 14, 16, 14, 41, 41, )
time 117 = 205 us
loop counter = (0, 0, 0, 0, 0, 0, 0, 0, 0, 0, 0, 0, 0, 0, 0, 0, 0, 0, 0, 0, 0, 0, 1, 1, 1, 2, 4, 2, 4, 2, 4, 4, 16, 15, 4, 14, 10, 8, 1, 6, 4, 2, 2, 4, 0, 0, 0, 0, 0, 0, 0, 0, 0, 0, 0, 0, 0, 0, 0, 0, 0, 0, 0, 0, 0, 0, 0, 0, 0, 0, 0, 0, 0, 0, 0, 0, 0, 0, 0, 0, 4, 16, 13, 42, 42, 16, 13, 42, 42, 13, 16, 13, 42, 42, )
time 118 = 203 us
loop counter = (0, 0, 0, 0, 0, 0, 0, 0, 0, 0, 0, 0, 0, 0, 0, 0, 0, 0, 0, 0, 0, 0, 0, 0, 0, 0, 0, 0, 0, 0, 0, 0, 0, 0, 0, 0, 0, 0, 0, 0, 0, 0, 0, 0, 0, 0, 0, 0, 0, 0, 0, 0, 0, 0, 0, 0, 0, 0, 1, 1, 1, 2, 4, 2, 4, 4, 16, 14, 3, 14, 10, 9, 1, 3, 2, 1, 2, 4, 2, 4, 4, 16, 13, 41, 41, 16, 13, 41, 41, 13, 16, 13, 41, 41, )
time 119 = 146 us
loop counter = (1, 1, 1, 2, 4, 4, 16, 14, 3, 13, 10, 9, 1, 2, 1, 1, 2, 4, 2, 4, 2, 4, 0, 0, 0, 0, 0, 0, 0, 0, 0, 0, 0, 0, 0, 0, 0, 0, 0, 0, 0, 0, 0, 0, 0, 0, 0, 0, 0, 0, 0, 0, 0, 0, 0, 0, 0, 0, 0, 0, 0, 0, 0, 0, 0, 0, 0, 0, 0, 0, 0, 0, 0, 0, 0, 0, 0, 0, 0, 0, 4, 16, 13, 41, 41, 16, 13, 41, 41, 13, 16, 13, 41, 41, )
time 120 = 200 us
loop counter = (0, 0, 0, 0, 0, 0, 0, 0, 0, 0, 0, 0, 0, 0, 0, 0, 0, 0, 0, 0, 0, 0, 0, 0, 0, 0, 0, 0, 0, 0, 0, 0, 0, 0, 0, 0, 0, 0, 0, 0, 0, 0, 0, 0, 1, 1, 1, 4, 16, 14, 2, 16, 9, 8, 3, 8, 7, 1, 0, 0, 0, 0, 0, 0, 0, 0, 0, 0, 0, 0, 0, 0, 0, 0, 0, 0, 0, 0, 0, 0, 4, 16, 13, 43, 43, 16, 13, 43, 43, 13, 16, 13, 43, 43, )
time 121 = 204 us
loop counter = (0, 0, 0, 0, 0, 0, 0, 0, 0, 0, 0, 0, 0, 0, 0, 0, 0, 0, 0, 0, 0, 0, 1, 1, 1, 2, 4, 2, 4, 2, 4, 4, 16, 14, 4, 11, 10, 9, 0, 1, 0, 1, 2, 4, 0, 0, 0, 0, 0, 0, 0, 0, 0, 0, 0, 0, 0, 0, 0, 0, 0, 0, 0, 0, 0, 0, 0, 0, 0, 0, 0, 0, 0, 0, 0, 0, 0, 0, 0, 0, 4, 16, 13, 44, 44, 16, 13, 44, 44, 13, 16, 13, 44, 44, )
time 122 = 152 us
loop counter = (0, 0, 0, 0, 0, 0, 0, 0, 0, 0, 0, 0, 0, 0, 0, 0, 0, 0, 0, 0, 0, 0, 0, 0, 0, 0, 0, 0, 0, 0, 0, 0, 0, 0, 0, 0, 0, 0, 0, 0, 0, 0, 0, 0, 0, 0, 0, 0, 0, 0, 0, 0, 0, 0, 0, 0, 0, 0, 1, 1, 1, 2, 4, 2, 4, 4, 16, 14, 2, 17, 9, 8, 3, 9, 8, 1, 2, 4, 2, 4, 4, 16, 13, 44, 44, 16, 13, 44, 44, 13, 16, 13, 44, 44, )
time 123 = 208 us
loop counter = (1, 1, 1, 2, 4, 4, 16, 14, 4, 11, 9, 6, 1, 5, 2, 3, 2, 4, 2, 4, 2, 4, 0, 0, 0, 0, 0, 0, 0, 0, 0, 0, 0, 0, 0, 0, 0, 0, 0, 0, 0, 0, 0, 0, 0, 0, 0, 0, 0, 0, 0, 0, 0, 0, 0, 0, 0, 0, 0, 0, 0, 0, 0, 0, 0, 0, 0, 0, 0, 0, 0, 0, 0, 0, 0, 0, 0, 0, 0, 0, 4, 16, 11, 42, 42, 16, 11, 42, 42, 11, 16, 11, 42, 42, )
time 124 = 198 us
loop counter = (0, 0, 0, 0, 0, 0, 0, 0, 0, 0, 0, 0, 0, 0, 0, 0, 0, 0, 0, 0, 0, 0, 0, 0, 0, 0, 0, 0, 0, 0, 0, 0, 0, 0, 0, 0, 0, 0, 0, 0, 0, 0, 0, 0, 1, 1, 1, 4, 16, 12, 1, 18, 6, 3, 5, 11, 8, 3, 0, 0, 0, 0, 0, 0, 0, 0, 0, 0, 0, 0, 0, 0, 0, 0, 0, 0, 0, 0, 0, 0, 4, 16, 9, 36, 36, 16, 9, 36, 36, 9, 16, 9, 36, 36, )
time 125 = 215 us
loop counter = (0, 0, 0, 0, 0, 0, 0, 0, 0, 0, 0, 0, 0, 0, 0, 0, 0, 0, 0, 0, 0, 0, 1, 1, 1, 2, 4, 2, 4, 2, 4, 4, 16, 10, 2, 10, 5, 4, 3, 4, 3, 1, 2, 4, 0, 0, 0, 0, 0, 0, 0, 0, 0, 0, 0, 0, 0, 0, 0, 0, 0, 0, 0, 0, 0, 0, 0, 0, 0, 0, 0, 0, 0, 0, 0, 0, 0, 0, 0, 0, 4, 16, 9, 33, 33, 16, 9, 33, 33, 9, 16, 9, 33, 33, )
time 126 = 135 us
loop counter = (0, 0, 0, 0, 0, 0, 0, 0, 0, 0, 0, 0, 0, 0, 0, 0, 0, 0, 0, 0, 0, 0, 0, 0, 0, 0, 0, 0, 0, 0, 0, 0, 0, 0, 0, 0, 0, 0, 0, 0, 0, 0, 0, 0, 0, 0, 0, 0, 0, 0, 0, 0, 0, 0, 0, 0, 0, 0, 1, 1, 1, 2, 4, 2, 4, 4, 16, 10, 2, 16, 5, 4, 3, 8, 7, 1, 2, 4, 2, 4, 4, 16, 9, 34, 34, 16, 9, 34, 34, 9, 16, 9, 34, 34, )
time 127 = 201 us
loop counter = (1, 1, 1, 2, 4, 4, 16, 10, 3, 10, 5, 4, 2, 4, 3, 1, 2, 4, 2, 4, 2, 4, 0, 0, 0, 0, 0, 0, 0, 0, 0, 0, 0, 0, 0, 0, 0, 0, 0, 0, 0, 0, 0, 0, 0, 0, 0, 0, 0, 0, 0, 0, 0, 0, 0, 0, 0, 0, 0, 0, 0, 0, 0, 0, 0, 0, 0, 0, 0, 0, 0, 0, 0, 0, 0, 0, 0, 0, 0, 0, 4, 16, 9, 32, 32, 16, 9, 32, 32, 9, 16, 9, 32, 32, )
time 128 = 203 us
loop counter = (0, 0, 0, 0, 0, 0, 0, 0, 0, 0, 0, 0, 0, 0, 0, 0, 0, 0, 0, 0, 0, 0, 0, 0, 0, 0, 0, 0, 0, 0, 0, 0, 0, 0, 0, 0, 0, 0, 0, 0, 0, 0, 0, 0, 1, 1, 1, 4, 16, 10, 1, 17, 6, 5, 3, 6, 5, 1, 0, 0, 0, 0, 0, 0, 0, 0, 0, 0, 0, 0, 0, 0, 0, 0, 0, 0, 0, 0, 0, 0, 4, 16, 9, 28, 28, 16, 9, 28, 28, 9, 16, 9, 28, 28, )
time 129 = 200 us
loop counter = (0, 0, 0, 0, 0, 0, 0, 0, 0, 0, 0, 0, 0, 0, 0, 0, 0, 0, 0, 0, 0, 0, 1, 1, 1, 2, 4, 2, 4, 2, 4, 4, 16, 10, 3, 13, 5, 3, 2, 6, 4, 2, 2, 4, 0, 0, 0, 0, 0, 0, 0, 0, 0, 0, 0, 0, 0, 0, 0, 0, 0, 0, 0, 0, 0, 0, 0, 0, 0, 0, 0, 0, 0, 0, 0, 0, 0, 0, 0, 0, 4, 16, 8, 29, 29, 16, 8, 29, 29, 8, 16, 8, 29, 29, )
time 130 = 203 us
loop counter = (0, 0, 0, 0, 0, 0, 0, 0, 0, 0, 0, 0, 0, 0, 0, 0, 0, 0, 0, 0, 0, 0, 0, 0, 0, 0, 0, 0, 0, 0, 0, 0, 0, 0, 0, 0, 0, 0, 0, 0, 0, 0, 0, 0, 0, 0, 0, 0, 0, 0, 0, 0, 0, 0, 0, 0, 0, 0, 1, 1, 1, 2, 4, 2, 4, 4, 16, 9, 2, 12, 6, 5, 1, 5, 4, 1, 2, 4, 2, 4, 4, 16, 8, 29, 29, 16, 8, 29, 29, 8, 16, 8, 29, 29, )
time 131 = 202 us
loop counter = (1, 1, 1, 2, 4, 4, 16, 9, 0, 17, 5, 5, 4, 9, 9, 0, 2, 4, 2, 4, 2, 4, 0, 0, 0, 0, 0, 0, 0, 0, 0, 0, 0, 0, 0, 0, 0, 0, 0, 0, 0, 0, 0, 0, 0, 0, 0, 0, 0, 0, 0, 0, 0, 0, 0, 0, 0, 0, 0, 0, 0, 0, 0, 0, 0, 0, 0, 0, 0, 0, 0, 0, 0, 0, 0, 0, 0, 0, 0, 0, 4, 16, 9, 30, 30, 16, 9, 30, 30, 9, 16, 9, 30, 30, )
time 132 = 203 us
loop counter = (0, 0, 0, 0, 0, 0, 0, 0, 0, 0, 0, 0, 0, 0, 0, 0, 0, 0, 0, 0, 0, 0, 1, 1, 1, 2, 4, 2, 4, 2, 4, 4, 16, 10, 1, 17, 6, 6, 3, 9, 9, 0, 2, 4, 0, 0, 0, 0, 0, 0, 0, 0, 0, 0, 0, 0, 0, 0, 0, 0, 0, 0, 0, 0, 0, 0, 0, 0, 0, 0, 0, 0, 0, 0, 0, 0, 0, 0, 0, 0, 4, 16, 10, 31, 31, 16, 10, 31, 31, 10, 16, 10, 31, 31, )
time 133 = 204 us
loop counter = (0, 0, 0, 0, 0, 0, 0, 0, 0, 0, 0, 0, 0, 0, 0, 0, 0, 0, 0, 0, 0, 0, 0, 0, 0, 0, 0, 0, 0, 0, 0, 0, 0, 0, 0, 0, 0, 0, 0, 0, 0, 0, 0, 0, 1, 1, 1, 4, 16, 11, 2, 14, 6, 5, 3, 9, 8, 1, 0, 0, 0, 0, 0, 0, 0, 0, 0, 0, 0, 0, 0, 0, 0, 0, 0, 0, 0, 0, 0, 0, 4, 16, 10, 32, 32, 16, 10, 32, 32, 10, 16, 10, 32, 32, )
time 134 = 204 us
loop counter = (0, 0, 0, 0, 0, 0, 0, 0, 0, 0, 0, 0, 0, 0, 0, 0, 0, 0, 0, 0, 0, 0, 0, 0, 0, 0, 0, 0, 0, 0, 0, 0, 0, 0, 0, 0, 0, 0, 0, 0, 0, 0, 0, 0, 0, 0, 0, 0, 0, 0, 0, 0, 0, 0, 0, 0, 0, 0, 1, 1, 1, 2, 4, 2, 4, 4, 16, 11, 0, 20, 7, 6, 4, 11, 10, 1, 2, 4, 2, 4, 4, 16, 10, 33, 33, 16, 10, 33, 33, 10, 16, 10, 33, 33, )
time 135 = 204 us
loop counter = (0, 0, 0, 0, 0, 0, 0, 0, 0, 0, 0, 0, 0, 0, 0, 0, 0, 0, 0, 0, 0, 0, 0, 0, 0, 0, 0, 0, 0, 0, 0, 0, 0, 0, 0, 0, 0, 0, 0, 0, 0, 0, 0, 0, 1, 1, 1, 4, 16, 11, 1, 16, 7, 7, 3, 7, 7, 0, 0, 0, 0, 0, 0, 0, 0, 0, 0, 0, 0, 0, 0, 0, 0, 0, 0, 0, 0, 0, 0, 0, 4, 16, 11, 34, 34, 16, 11, 34, 34, 11, 16, 11, 34, 34, )
time 136 = 206 us
loop counter = (0, 0, 0, 0, 0, 0, 0, 0, 0, 0, 0, 0, 0, 0, 0, 0, 0, 0, 0, 0, 0, 0, 1, 1, 1, 2, 4, 2, 4, 2, 4, 4, 16, 12, 3, 10, 8, 7, 1, 2, 1, 1, 2, 4, 0, 0, 0, 0, 0, 0, 0, 0, 0, 0, 0, 0, 0, 0, 0, 0, 0, 0, 0, 0, 0, 0, 0, 0, 0, 0, 0, 0, 0, 0, 0, 0, 0, 0, 0, 0, 4, 16, 11, 35, 35, 16, 11, 35, 35, 11, 16, 11, 35, 35, )
time 137 = 213 us
loop counter = (1, 1, 1, 2, 4, 4, 16, 12, 2, 15, 8, 7, 2, 4, 3, 1, 2, 4, 2, 4, 2, 4, 0, 0, 0, 0, 0, 0, 0, 0, 0, 0, 0, 0, 0, 0, 0, 0, 0, 0, 0, 0, 0, 0, 0, 0, 0, 0, 0, 0, 0, 0, 0, 0, 0, 0, 0, 0, 0, 0, 0, 0, 0, 0, 0, 0, 0, 0, 0, 0, 0, 0, 0, 0, 0, 0, 0, 0, 0, 0, 4, 16, 11, 35, 35, 16, 11, 35, 35, 11, 16, 11, 35, 35, )
time 138 = 143 us
loop counter = (0, 0, 0, 0, 0, 0, 0, 0, 0, 0, 0, 0, 0, 0, 0, 0, 0, 0, 0, 0, 0, 0, 0, 0, 0, 0, 0, 0, 0, 0, 0, 0, 0, 0, 0, 0, 0, 0, 0, 0, 0, 0, 0, 0, 0, 0, 0, 0, 0, 0, 0, 0, 0, 0, 0, 0, 0, 0, 1, 1, 1, 2, 4, 2, 4, 4, 16, 12, 3, 16, 8, 8, 1, 6, 6, 0, 2, 4, 2, 4, 4, 16, 12, 36, 36, 16, 12, 36, 36, 12, 16, 12, 36, 36, )
time 139 = 204 us
loop counter = (0, 0, 0, 0, 0, 0, 0, 0, 0, 0, 0, 0, 0, 0, 0, 0, 0, 0, 0, 0, 0, 0, 0, 0, 0, 0, 0, 0, 0, 0, 0, 0, 0, 0, 0, 0, 0, 0, 0, 0, 0, 0, 0, 0, 1, 1, 1, 4, 16, 13, 2, 16, 9, 9, 2, 5, 5, 0, 0, 0, 0, 0, 0, 0, 0, 0, 0, 0, 0, 0, 0, 0, 0, 0, 0, 0, 0, 0, 0, 0, 4, 16, 13, 37, 37, 16, 13, 37, 37, 13, 16, 13, 37, 37, )
time 140 = 203 us
loop counter = (1, 1, 1, 2, 4, 4, 16, 14, 4, 13, 9, 8, 1, 3, 2, 1, 2, 4, 2, 4, 2, 4, 0, 0, 0, 0, 0, 0, 0, 0, 0, 0, 0, 0, 0, 0, 0, 0, 0, 0, 0, 0, 0, 0, 0, 0, 0, 0, 0, 0, 0, 0, 0, 0, 0, 0, 0, 0, 0, 0, 0, 0, 0, 0, 0, 0, 0, 0, 0, 0, 0, 0, 0, 0, 0, 0, 0, 0, 0, 0, 4, 16, 13, 38, 38, 16, 13, 38, 38, 13, 16, 13, 38, 38, )
time 141 = 206 us
loop counter = (0, 0, 0, 0, 0, 0, 0, 0, 0, 0, 0, 0, 0, 0, 0, 0, 0, 0, 0, 0, 0, 0, 0, 0, 0, 0, 0, 0, 0, 0, 0, 0, 0, 0, 0, 0, 0, 0, 0, 0, 0, 0, 0, 0, 0, 0, 0, 0, 0, 0, 0, 0, 0, 0, 0, 0, 0, 0, 1, 1, 1, 2, 4, 2, 4, 4, 16, 14, 3, 14, 10, 10, 1, 2, 2, 0, 2, 4, 2, 4, 4, 16, 14, 39, 39, 16, 14, 39, 39, 14, 16, 14, 39, 39, )
time 142 = 208 us
loop counter = (0, 0, 0, 0, 0, 0, 0, 0, 0, 0, 0, 0, 0, 0, 0, 0, 0, 0, 0, 0, 0, 0, 0, 0, 0, 0, 0, 0, 0, 0, 0, 0, 0, 0, 0, 0, 0, 0, 0, 0, 0, 0, 0, 0, 1, 1, 1, 4, 16, 15, 4, 13, 10, 9, 1, 2, 1, 1, 0, 0, 0, 0, 0, 0, 0, 0, 0, 0, 0, 0, 0, 0, 0, 0, 0, 0, 0, 0, 0, 0, 4, 16, 14, 40, 40, 16, 14, 40, 40, 14, 16, 14, 40, 40, )
time 143 = 207 us
loop counter = (0, 0, 0, 0, 0, 0, 0, 0, 0, 0, 0, 0, 0, 0, 0, 0, 0, 0, 0, 0, 0, 0, 1, 1, 1, 2, 4, 2, 4, 2, 4, 4, 16, 15, 3, 15, 10, 9, 2, 6, 5, 1, 2, 4, 0, 0, 0, 0, 0, 0, 0, 0, 0, 0, 0, 0, 0, 0, 0, 0, 0, 0, 0, 0, 0, 0, 0, 0, 0, 0, 0, 0, 0, 0, 0, 0, 0, 0, 0, 0, 4, 16, 14, 41, 41, 16, 14, 41, 41, 14, 16, 14, 41, 41, )
time 144 = 205 us
loop counter = (0, 0, 0, 0, 0, 0, 0, 0, 0, 0, 0, 0, 0, 0, 0, 0, 0, 0, 0, 0, 0, 0, 0, 0, 0, 0, 0, 0, 0, 0, 0, 0, 0, 0, 0, 0, 0, 0, 0, 0, 0, 0, 0, 0, 0, 0, 0, 0, 0, 0, 0, 0, 0, 0, 0, 0, 0, 0, 1, 1, 1, 2, 4, 2, 4, 4, 16, 15, 4, 13, 10, 8, 1, 3, 1, 2, 2, 4, 2, 4, 4, 16, 13, 41, 41, 16, 13, 41, 41, 13, 16, 13, 41, 41, )
time 145 = 99 us
loop counter = (0, 0, 0, 0, 0, 0, 0, 0, 0, 0, 0, 0, 0, 0, 0, 0, 0, 0, 0, 0, 0, 0, 1, 1, 1, 2, 4, 2, 4, 2, 4, 4, 16, 14, 3, 12, 10, 9, 1, 3, 2, 1, 2, 4, 0, 0, 0, 0, 0, 0, 0, 0, 0, 0, 0, 0, 0, 0, 0, 0, 0, 0, 0, 0, 0, 0, 0, 0, 0, 0, 0, 0, 0, 0, 0, 0, 0, 0, 0, 0, 4, 16, 13, 41, 41, 16, 13, 41, 41, 13, 16, 13, 41, 41, )
time 146 = 154 us
loop counter = (0, 0, 0, 0, 0, 0, 0, 0, 0, 0, 0, 0, 0, 0, 0, 0, 0, 0, 0, 0, 0, 0, 0, 0, 0, 0, 0, 0, 0, 0, 0, 0, 0, 0, 0, 0, 0, 0, 0, 0, 0, 0, 0, 0, 0, 0, 0, 0, 0, 0, 0, 0, 0, 0, 0, 0, 0, 0, 1, 1, 1, 2, 4, 2, 4, 4, 16, 14, 3, 13, 9, 6, 2, 6, 3, 3, 2, 4, 2, 4, 4, 16, 11, 38, 38, 16, 11, 38, 38, 11, 16, 11, 38, 38, )
time 147 = 206 us
loop counter = (0, 0, 0, 0, 0, 0, 0, 0, 0, 0, 0, 0, 0, 0, 0, 0, 0, 0, 0, 0, 0, 0, 1, 1, 1, 2, 4, 2, 4, 2, 4, 4, 16, 12, 3, 10, 8, 6, 1, 3, 1, 2, 2, 4, 0, 0, 0, 0, 0, 0, 0, 0, 0, 0, 0, 0, 0, 0, 0, 0, 0, 0, 0, 0, 0, 0, 0, 0, 0, 0, 0, 0, 0, 0, 0, 0, 0, 0, 0, 0, 4, 16, 10, 36, 36, 16, 10, 36, 36, 10, 16, 10, 36, 36, )
time 148 = 204 us
loop counter = (0, 0, 0, 0, 0, 0, 0, 0, 0, 0, 0, 0, 0, 0, 0, 0, 0, 0, 0, 0, 0, 0, 0, 0, 0, 0, 0, 0, 0, 0, 0, 0, 0, 0, 0, 0, 0, 0, 0, 0, 0, 0, 0, 0, 0, 0, 0, 0, 0, 0, 0, 0, 0, 0, 0, 0, 0, 0, 1, 1, 1, 2, 4, 2, 4, 4, 16, 11, 4, 8, 5, 3, 2, 4, 2, 2, 2, 4, 2, 4, 4, 16, 9, 32, 32, 16, 9, 32, 32, 9, 16, 9, 32, 32, )
time 149 = 207 us
loop counter = (0, 0, 0, 0, 0, 0, 0, 0, 0, 0, 0, 0, 0, 0, 0, 0, 0, 0, 0, 0, 0, 0, 1, 1, 1, 2, 4, 2, 4, 2, 4, 4, 16, 10, 3, 10, 6, 5, 1, 4, 3, 1, 2, 4, 0, 0, 0, 0, 0, 0, 0, 0, 0, 0, 0, 0, 0, 0, 0, 0, 0, 0, 0, 0, 0, 0, 0, 0, 0, 0, 0, 0, 0, 0, 0, 0, 0, 0, 0, 0, 4, 16, 9, 28, 28, 16, 9, 28, 28, 9, 16, 9, 28, 28, )
time 150 = 212 us
loop counter = (0, 0, 0, 0, 0, 0, 0, 0, 0, 0, 0, 0, 0, 0, 0, 0, 0, 0, 0, 0, 0, 0, 0, 0, 0, 0, 0, 0, 0, 0, 0, 0, 0, 0, 0, 0, 0, 0, 0, 0, 0, 0, 0, 0, 0, 0, 0, 0, 0, 0, 0, 0, 0, 0, 0, 0, 0, 0, 1, 1, 1, 2, 4, 2, 4, 4, 16, 10, 4, 6, 6, 6, 0, 0, 0, 0, 2, 4, 2, 4, 4, 16, 10, 30, 30, 16, 10, 30, 30, 10, 16, 10, 30, 30, )
time 151 = 203 us
loop counter = (0, 0, 0, 0, 0, 0, 0, 0, 0, 0, 0, 0, 0, 0, 0, 0, 0, 0, 0, 0, 0, 0, 1, 1, 1, 2, 4, 2, 4, 2, 4, 4, 16, 10, 3, 7, 5, 4, 2, 3, 2, 1, 2, 4, 0, 0, 0, 0, 0, 0, 0, 0, 0, 0, 0, 0, 0, 0, 0, 0, 0, 0, 0, 0, 0, 0, 0, 0, 0, 0, 0, 0, 0, 0, 0, 0, 0, 0, 0, 0, 4, 16, 9, 24, 24, 16, 9, 24, 24, 9, 16, 9, 24, 24, )
time 152 = 178 us
loop counter = (0, 0, 0, 0, 0, 0, 0, 0, 0, 0, 0, 0, 0, 0, 0, 0, 0, 0, 0, 0, 0, 0, 0, 0, 0, 0, 0, 0, 0, 0, 0, 0, 0, 0, 0, 0, 0, 0, 0, 0, 0, 0, 0, 0, 0, 0, 0, 0, 0, 0, 0, 0, 0, 0, 0, 0, 0, 0, 1, 1, 1, 2, 4, 2, 4, 4, 16, 10, 4, 6, 5, 3, 1, 3, 1, 2, 2, 4, 2, 4, 4, 16, 8, 24, 24, 16, 8, 24, 24, 8, 16, 8, 24, 24, )
time 153 = 203 us
loop counter = (0, 0, 0, 0, 0, 0, 0, 0, 0, 0, 0, 0, 0, 0, 0, 0, 0, 0, 0, 0, 0, 0, 1, 1, 1, 2, 4, 2, 4, 2, 4, 4, 16, 9, 3, 8, 4, 2, 2, 5, 3, 2, 2, 4, 0, 0, 0, 0, 0, 0, 0, 0, 0, 0, 0, 0, 0, 0, 0, 0, 0, 0, 0, 0, 0, 0, 0, 0, 0, 0, 0, 0, 0, 0, 0, 0, 0, 0, 0, 0, 4, 16, 7, 24, 24, 16, 7, 24, 24, 7, 16, 7, 24, 24, )
time 154 = 202 us
loop counter = (0, 0, 0, 0, 0, 0, 0, 0, 0, 0, 0, 0, 0, 0, 0, 0, 0, 0, 0, 0, 0, 0, 0, 0, 0, 0, 0, 0, 0, 0, 0, 0, 0, 0, 0, 0, 0, 0, 0, 0, 0, 0, 0, 0, 0, 0, 0, 0, 0, 0, 0, 0, 0, 0, 0, 0, 0, 0, 1, 1, 1, 2, 4, 2, 4, 4, 16, 8, 3, 5, 4, 4, 1, 1, 1, 0, 2, 4, 2, 4, 4, 16, 8, 25, 25, 16, 8, 25, 25, 8, 16, 8, 25, 25, )
time 155 = 214 us
loop counter = (0, 0, 0, 0, 0, 0, 0, 0, 0, 0, 0, 0, 0, 0, 0, 0, 0, 0, 0, 0, 0, 0, 1, 1, 1, 2, 4, 2, 4, 2, 4, 4, 16, 9, 4, 5, 5, 5, 0, 0, 0, 0, 2, 4, 0, 0, 0, 0, 0, 0, 0, 0, 0, 0, 0, 0, 0, 0, 0, 0, 0, 0, 0, 0, 0, 0, 0, 0, 0, 0, 0, 0, 0, 0, 0, 0, 0, 0, 0, 0, 4, 16, 9, 26, 26, 16, 9, 26, 26, 9, 16, 9, 26, 26, )
time 156 = 204 us
loop counter = (0, 0, 0, 0, 0, 0, 0, 0, 0, 0, 0, 0, 0, 0, 0, 0, 0, 0, 0, 0, 0, 0, 0, 0, 0, 0, 0, 0, 0, 0, 0, 0, 0, 0, 0, 0, 0, 0, 0, 0, 0, 0, 0, 0, 0, 0, 0, 0, 0, 0, 0, 0, 0, 0, 0, 0, 0, 0, 1, 1, 1, 2, 4, 2, 4, 4, 16, 9, 4, 5, 5, 5, 0, 0, 0, 0, 2, 4, 2, 4, 4, 16, 9, 26, 26, 16, 9, 26, 26, 9, 16, 9, 26, 26, )
time 157 = 205 us
loop counter = (0, 0, 0, 0, 0, 0, 0, 0, 0, 0, 0, 0, 0, 0, 0, 0, 0, 0, 0, 0, 0, 0, 1, 1, 1, 2, 4, 2, 4, 2, 4, 4, 16, 9, 4, 5, 5, 5, 0, 0, 0, 0, 2, 4, 0, 0, 0, 0, 0, 0, 0, 0, 0, 0, 0, 0, 0, 0, 0, 0, 0, 0, 0, 0, 0, 0, 0, 0, 0, 0, 0, 0, 0, 0, 0, 0, 0, 0, 0, 0, 4, 16, 9, 26, 26, 16, 9, 26, 26, 9, 16, 9, 26, 26, )
time 158 = 208 us
loop counter = (0, 0, 0, 0, 0, 0, 0, 0, 0, 0, 0, 0, 0, 0, 0, 0, 0, 0, 0, 0, 0, 0, 0, 0, 0, 0, 0, 0, 0, 0, 0, 0, 0, 0, 0, 0, 0, 0, 0, 0, 0, 0, 0, 0, 0, 0, 0, 0, 0, 0, 0, 0, 0, 0, 0, 0, 0, 0, 1, 1, 1, 2, 4, 2, 4, 4, 16, 9, 4, 5, 5, 5, 0, 0, 0, 0, 2, 4, 2, 4, 4, 16, 9, 26, 26, 16, 9, 26, 26, 9, 16, 9, 26, 26, )
time 159 = 136 us
loop counter = (0, 0, 0, 0, 0, 0, 0, 0, 0, 0, 0, 0, 0, 0, 0, 0, 0, 0, 0, 0, 0, 0, 1, 1, 1, 2, 4, 2, 4, 2, 4, 4, 16, 9, 4, 5, 5, 5, 0, 0, 0, 0, 2, 4, 0, 0, 0, 0, 0, 0, 0, 0, 0, 0, 0, 0, 0, 0, 0, 0, 0, 0, 0, 0, 0, 0, 0, 0, 0, 0, 0, 0, 0, 0, 0, 0, 0, 0, 0, 0, 4, 16, 9, 26, 26, 16, 9, 26, 26, 9, 16, 9, 26, 26, )
time 160 = 123 us
loop counter = (0, 0, 0, 0, 0, 0, 0, 0, 0, 0, 0, 0, 0, 0, 0, 0, 0, 0, 0, 0, 0, 0, 0, 0, 0, 0, 0, 0, 0, 0, 0, 0, 0, 0, 0, 0, 0, 0, 0, 0, 0, 0, 0, 0, 0, 0, 0, 0, 0, 0, 0, 0, 0, 0, 0, 0, 0, 0, 1, 1, 1, 2, 4, 2, 4, 4, 16, 9, 4, 5, 5, 5, 0, 0, 0, 0, 2, 4, 2, 4, 4, 16, 9, 26, 26, 16, 9, 26, 26, 9, 16, 9, 26, 26, )
time 161 = 203 us
loop counter = (0, 0, 0, 0, 0, 0, 0, 0, 0, 0, 0, 0, 0, 0, 0, 0, 0, 0, 0, 0, 0, 0, 1, 1, 1, 2, 4, 2, 4, 2, 4, 4, 16, 9, 4, 5, 5, 5, 0, 0, 0, 0, 2, 4, 0, 0, 0, 0, 0, 0, 0, 0, 0, 0, 0, 0, 0, 0, 0, 0, 0, 0, 0, 0, 0, 0, 0, 0, 0, 0, 0, 0, 0, 0, 0, 0, 0, 0, 0, 0, 4, 16, 9, 26, 26, 16, 9, 26, 26, 9, 16, 9, 26, 26, )
time 162 = 122 us
loop counter = (0, 0, 0, 0, 0, 0, 0, 0, 0, 0, 0, 0, 0, 0, 0, 0, 0, 0, 0, 0, 0, 0, 0, 0, 0, 0, 0, 0, 0, 0, 0, 0, 0, 0, 0, 0, 0, 0, 0, 0, 0, 0, 0, 0, 0, 0, 0, 0, 0, 0, 0, 0, 0, 0, 0, 0, 0, 0, 1, 1, 1, 2, 4, 2, 4, 4, 16, 9, 4, 5, 5, 5, 0, 0, 0, 0, 2, 4, 2, 4, 4, 16, 9, 26, 26, 16, 9, 26, 26, 9, 16, 9, 26, 26, )
time 163 = 185 us
loop counter = (0, 0, 0, 0, 0, 0, 0, 0, 0, 0, 0, 0, 0, 0, 0, 0, 0, 0, 0, 0, 0, 0, 1, 1, 1, 2, 4, 2, 4, 2, 4, 4, 16, 9, 4, 5, 5, 5, 0, 0, 0, 0, 2, 4, 0, 0, 0, 0, 0, 0, 0, 0, 0, 0, 0, 0, 0, 0, 0, 0, 0, 0, 0, 0, 0, 0, 0, 0, 0, 0, 0, 0, 0, 0, 0, 0, 0, 0, 0, 0, 4, 16, 9, 26, 26, 16, 9, 26, 26, 9, 16, 9, 26, 26, )
time 164 = 75 us
loop counter = (0, 0, 0, 0, 0, 0, 0, 0, 0, 0, 0, 0, 0, 0, 0, 0, 0, 0, 0, 0, 0, 0, 0, 0, 0, 0, 0, 0, 0, 0, 0, 0, 0, 0, 0, 0, 0, 0, 0, 0, 0, 0, 0, 0, 1, 1, 1, 4, 16, 9, 1, 14, 5, 5, 3, 5, 5, 0, 0, 0, 0, 0, 0, 0, 0, 0, 0, 0, 0, 0, 0, 0, 0, 0, 0, 0, 0, 0, 0, 0, 4, 16, 9, 26, 26, 16, 9, 26, 26, 9, 16, 9, 26, 26, )
time 165 = 116 us
loop counter = (0, 0, 0, 0, 0, 0, 0, 0, 0, 0, 0, 0, 0, 0, 0, 0, 0, 0, 0, 0, 0, 0, 0, 0, 0, 0, 0, 0, 0, 0, 0, 0, 0, 0, 0, 0, 0, 0, 0, 0, 0, 0, 0, 0, 0, 0, 0, 0, 0, 0, 0, 0, 0, 0, 0, 0, 0, 0, 1, 1, 1, 2, 4, 2, 4, 4, 16, 10, 1, 15, 6, 5, 3, 6, 5, 1, 2, 4, 2, 4, 4, 16, 9, 27, 27, 16, 9, 27, 27, 9, 16, 9, 27, 27, )
time 166 = 204 us
loop counter = (0, 0, 0, 0, 0, 0, 0, 0, 0, 0, 0, 0, 0, 0, 0, 0, 0, 0, 0, 0, 0, 0, 1, 1, 1, 2, 4, 2, 4, 2, 4, 4, 16, 10, 4, 6, 6, 5, 0, 1, 0, 1, 2, 4, 0, 0, 0, 0, 0, 0, 0, 0, 0, 0, 0, 0, 0, 0, 0, 0, 0, 0, 0, 0, 0, 0, 0, 0, 0, 0, 0, 0, 0, 0, 0, 0, 0, 0, 0, 0, 4, 16, 9, 28, 28, 16, 9, 28, 28, 9, 16, 9, 28, 28, )
time 167 = 214 us
loop counter = (1, 1, 1, 2, 4, 4, 16, 10, 2, 15, 6, 6, 2, 5, 5, 0, 2, 4, 2, 4, 2, 4, 0, 0, 0, 0, 0, 0, 0, 0, 0, 0, 0, 0, 0, 0, 0, 0, 0, 0, 0, 0, 0, 0, 0, 0, 0, 0, 0, 0, 0, 0, 0, 0, 0, 0, 0, 0, 0, 0, 0, 0, 0, 0, 0, 0, 0, 0, 0, 0, 0, 0, 0, 0, 0, 0, 0, 0, 0, 0, 4, 16, 10, 29, 29, 16, 10, 29, 29, 10, 16, 10, 29, 29, )
time 168 = 143 us
loop counter = (1, 1, 1, 2, 4, 4, 16, 11, 4, 7, 7, 7, 0, 0, 0, 0, 2, 4, 2, 4, 2, 4, 0, 0, 0, 0, 0, 0, 0, 0, 0, 0, 0, 0, 0, 0, 0, 0, 0, 0, 0, 0, 0, 0, 0, 0, 0, 0, 0, 0, 0, 0, 0, 0, 0, 0, 0, 0, 0, 0, 0, 0, 0, 0, 0, 0, 0, 0, 0, 0, 0, 0, 0, 0, 0, 0, 0, 0, 0, 0, 4, 16, 11, 30, 30, 16, 11, 30, 30, 11, 16, 11, 30, 30, )
time 169 = 207 us
loop counter = (0, 0, 0, 0, 0, 0, 0, 0, 0, 0, 0, 0, 0, 0, 0, 0, 0, 0, 0, 0, 0, 0, 1, 1, 1, 2, 4, 2, 4, 2, 4, 4, 16, 11, 1, 16, 7, 7, 3, 7, 7, 0, 2, 4, 0, 0, 0, 0, 0, 0, 0, 0, 0, 0, 0, 0, 0, 0, 0, 0, 0, 0, 0, 0, 0, 0, 0, 0, 0, 0, 0, 0, 0, 0, 0, 0, 0, 0, 0, 0, 4, 16, 11, 30, 30, 16, 11, 30, 30, 11, 16, 11, 30, 30, )
time 170 = 137 us
loop counter = (0, 0, 0, 0, 0, 0, 0, 0, 0, 0, 0, 0, 0, 0, 0, 0, 0, 0, 0, 0, 0, 0, 0, 0, 0, 0, 0, 0, 0, 0, 0, 0, 0, 0, 0, 0, 0, 0, 0, 0, 0, 0, 0, 0, 1, 1, 1, 4, 16, 12, 2, 15, 7, 6, 3, 7, 6, 1, 0, 0, 0, 0, 0, 0, 0, 0, 0, 0, 0, 0, 0, 0, 0, 0, 0, 0, 0, 0, 0, 0, 4, 16, 11, 31, 31, 16, 11, 31, 31, 11, 16, 11, 31, 31, )
time 171 = 143 us
loop counter = (0, 0, 0, 0, 0, 0, 0, 0, 0, 0, 0, 0, 0, 0, 0, 0, 0, 0, 0, 0, 0, 0, 0, 0, 0, 0, 0, 0, 0, 0, 0, 0, 0, 0, 0, 0, 0, 0, 0, 0, 0, 0, 0, 0, 0, 0, 0, 0, 0, 0, 0, 0, 0, 0, 0, 0, 0, 0, 1, 1, 1, 2, 4, 2, 4, 4, 16, 12, 2, 16, 8, 8, 2, 7, 7, 0, 2, 4, 2, 4, 4, 16, 12, 32, 32, 16, 12, 32, 32, 12, 16, 12, 32, 32, )
time 172 = 207 us
loop counter = (0, 0, 0, 0, 0, 0, 0, 0, 0, 0, 0, 0, 0, 0, 0, 0, 0, 0, 0, 0, 0, 0, 1, 1, 1, 2, 4, 2, 4, 2, 4, 4, 16, 13, 3, 10, 9, 8, 1, 2, 1, 1, 2, 4, 0, 0, 0, 0, 0, 0, 0, 0, 0, 0, 0, 0, 0, 0, 0, 0, 0, 0, 0, 0, 0, 0, 0, 0, 0, 0, 0, 0, 0, 0, 0, 0, 0, 0, 0, 0, 4, 16, 12, 33, 33, 16, 12, 33, 33, 12, 16, 12, 33, 33, )
time 173 = 142 us
loop counter = (1, 1, 1, 2, 4, 4, 16, 13, 3, 12, 8, 7, 2, 3, 2, 1, 2, 4, 2, 4, 2, 4, 0, 0, 0, 0, 0, 0, 0, 0, 0, 0, 0, 0, 0, 0, 0, 0, 0, 0, 0, 0, 0, 0, 0, 0, 0, 0, 0, 0, 0, 0, 0, 0, 0, 0, 0, 0, 0, 0, 0, 0, 0, 0, 0, 0, 0, 0, 0, 0, 0, 0, 0, 0, 0, 0, 0, 0, 0, 0, 4, 16, 12, 32, 32, 16, 12, 32, 32, 12, 16, 12, 32, 32, )
time 174 = 145 us
loop counter = (0, 0, 0, 0, 0, 0, 0, 0, 0, 0, 0, 0, 0, 0, 0, 0, 0, 0, 0, 0, 0, 0, 0, 0, 0, 0, 0, 0, 0, 0, 0, 0, 0, 0, 0, 0, 0, 0, 0, 0, 0, 0, 0, 0, 0, 0, 0, 0, 0, 0, 0, 0, 0, 0, 0, 0, 0, 0, 1, 1, 1, 2, 4, 2, 4, 4, 16, 13, 4, 9, 9, 7, 0, 2, 0, 2, 2, 4, 2, 4, 4, 16, 11, 32, 32, 16, 11, 32, 32, 11, 16, 11, 32, 32, )
time 175 = 144 us
loop counter = (0, 0, 0, 0, 0, 0, 0, 0, 0, 0, 0, 0, 0, 0, 0, 0, 0, 0, 0, 0, 0, 0, 0, 0, 0, 0, 0, 0, 0, 0, 0, 0, 0, 0, 0, 0, 0, 0, 0, 0, 0, 0, 0, 0, 1, 1, 1, 4, 16, 12, 1, 18, 7, 6, 4, 8, 7, 1, 0, 0, 0, 0, 0, 0, 0, 0, 0, 0, 0, 0, 0, 0, 0, 0, 0, 0, 0, 0, 0, 0, 4, 16, 11, 32, 32, 16, 11, 32, 32, 11, 16, 11, 32, 32, )
time 176 = 202 us
loop counter = (0, 0, 0, 0, 0, 0, 0, 0, 0, 0, 0, 0, 0, 0, 0, 0, 0, 0, 0, 0, 0, 0, 1, 1, 1, 2, 4, 2, 4, 2, 4, 4, 16, 12, 3, 11, 7, 6, 2, 5, 4, 1, 2, 4, 0, 0, 0, 0, 0, 0, 0, 0, 0, 0, 0, 0, 0, 0, 0, 0, 0, 0, 0, 0, 0, 0, 0, 0, 0, 0, 0, 0, 0, 0, 0, 0, 0, 0, 0, 0, 4, 16, 11, 30, 30, 16, 11, 30, 30, 11, 16, 11, 30, 30, )
time 177 = 197 us
loop counter = (1, 1, 1, 2, 4, 4, 16, 12, 2, 16, 8, 8, 2, 4, 4, 0, 2, 4, 2, 4, 2, 4, 0, 0, 0, 0, 0, 0, 0, 0, 0, 0, 0, 0, 0, 0, 0, 0, 0, 0, 0, 0, 0, 0, 0, 0, 0, 0, 0, 0, 0, 0, 0, 0, 0, 0, 0, 0, 0, 0, 0, 0, 0, 0, 0, 0, 0, 0, 0, 0, 0, 0, 0, 0, 0, 0, 0, 0, 0, 0, 4, 16, 12, 32, 32, 16, 12, 32, 32, 12, 16, 12, 32, 32, )
time 178 = 146 us
loop counter = (0, 0, 0, 0, 0, 0, 0, 0, 0, 0, 0, 0, 0, 0, 0, 0, 0, 0, 0, 0, 0, 0, 0, 0, 0, 0, 0, 0, 0, 0, 0, 0, 0, 0, 0, 0, 0, 0, 0, 0, 0, 0, 0, 0, 0, 0, 0, 0, 0, 0, 0, 0, 0, 0, 0, 0, 0, 0, 1, 1, 1, 2, 4, 2, 4, 4, 16, 13, 2, 16, 9, 8, 2, 6, 5, 1, 2, 4, 2, 4, 4, 16, 12, 33, 33, 16, 12, 33, 33, 12, 16, 12, 33, 33, )
time 179 = 148 us
loop counter = (0, 0, 0, 0, 0, 0, 0, 0, 0, 0, 0, 0, 0, 0, 0, 0, 0, 0, 0, 0, 0, 0, 0, 0, 0, 0, 0, 0, 0, 0, 0, 0, 0, 0, 0, 0, 0, 0, 0, 0, 0, 0, 0, 0, 1, 1, 1, 4, 16, 13, 1, 18, 8, 7, 4, 9, 8, 1, 0, 0, 0, 0, 0, 0, 0, 0, 0, 0, 0, 0, 0, 0, 0, 0, 0, 0, 0, 0, 0, 0, 4, 16, 12, 34, 34, 16, 12, 34, 34, 12, 16, 12, 34, 34, )
time 180 = 144 us
loop counter = (1, 1, 1, 2, 4, 4, 16, 13, 4, 10, 8, 7, 1, 3, 2, 1, 2, 4, 2, 4, 2, 4, 0, 0, 0, 0, 0, 0, 0, 0, 0, 0, 0, 0, 0, 0, 0, 0, 0, 0, 0, 0, 0, 0, 0, 0, 0, 0, 0, 0, 0, 0, 0, 0, 0, 0, 0, 0, 0, 0, 0, 0, 0, 0, 0, 0, 0, 0, 0, 0, 0, 0, 0, 0, 0, 0, 0, 0, 0, 0, 4, 16, 12, 35, 35, 16, 12, 35, 35, 12, 16, 12, 35, 35, )
time 181 = 145 us
loop counter = (0, 0, 0, 0, 0, 0, 0, 0, 0, 0, 0, 0, 0, 0, 0, 0, 0, 0, 0, 0, 0, 0, 0, 0, 0, 0, 0, 0, 0, 0, 0, 0, 0, 0, 0, 0, 0, 0, 0, 0, 0, 0, 0, 0, 0, 0, 0, 0, 0, 0, 0, 0, 0, 0, 0, 0, 0, 0, 1, 1, 1, 2, 4, 2, 4, 4, 16, 13, 3, 16, 7, 5, 3, 9, 7, 2, 2, 4, 2, 4, 4, 16, 11, 35, 35, 16, 11, 35, 35, 11, 16, 11, 35, 35, )
time 182 = 206 us
loop counter = (0, 0, 0, 0, 0, 0, 0, 0, 0, 0, 0, 0, 0, 0, 0, 0, 0, 0, 0, 0, 0, 0, 1, 1, 1, 2, 4, 2, 4, 2, 4, 4, 16, 12, 3, 11, 6, 4, 3, 5, 3, 2, 2, 4, 0, 0, 0, 0, 0, 0, 0, 0, 0, 0, 0, 0, 0, 0, 0, 0, 0, 0, 0, 0, 0, 0, 0, 0, 0, 0, 0, 0, 0, 0, 0, 0, 0, 0, 0, 0, 4, 16, 10, 34, 34, 16, 10, 34, 34, 10, 16, 10, 34, 34, )
time 183 = 205 us
loop counter = (1, 1, 1, 2, 4, 4, 16, 11, 2, 15, 7, 6, 2, 6, 5, 1, 2, 4, 2, 4, 2, 4, 0, 0, 0, 0, 0, 0, 0, 0, 0, 0, 0, 0, 0, 0, 0, 0, 0, 0, 0, 0, 0, 0, 0, 0, 0, 0, 0, 0, 0, 0, 0, 0, 0, 0, 0, 0, 0, 0, 0, 0, 0, 0, 0, 0, 0, 0, 0, 0, 0, 0, 0, 0, 0, 0, 0, 0, 0, 0, 4, 16, 10, 33, 33, 16, 10, 33, 33, 10, 16, 10, 33, 33, )
time 184 = 201 us
loop counter = (0, 0, 0, 0, 0, 0, 0, 0, 0, 0, 0, 0, 0, 0, 0, 0, 0, 0, 0, 0, 0, 0, 0, 0, 0, 0, 0, 0, 0, 0, 0, 0, 0, 0, 0, 0, 0, 0, 0, 0, 0, 0, 0, 0, 1, 1, 1, 4, 16, 11, 2, 14, 6, 4, 3, 6, 4, 2, 0, 0, 0, 0, 0, 0, 0, 0, 0, 0, 0, 0, 0, 0, 0, 0, 0, 0, 0, 0, 0, 0, 4, 16, 9, 29, 29, 16, 9, 29, 29, 9, 16, 9, 29, 29, )
time 185 = 204 us
loop counter = (0, 0, 0, 0, 0, 0, 0, 0, 0, 0, 0, 0, 0, 0, 0, 0, 0, 0, 0, 0, 0, 0, 0, 0, 0, 0, 0, 0, 0, 0, 0, 0, 0, 0, 0, 0, 0, 0, 0, 0, 0, 0, 0, 0, 0, 0, 0, 0, 0, 0, 0, 0, 0, 0, 0, 0, 0, 0, 1, 1, 1, 2, 4, 2, 4, 4, 16, 10, 0, 19, 6, 5, 4, 10, 9, 1, 2, 4, 2, 4, 4, 16, 9, 30, 30, 16, 9, 30, 30, 9, 16, 9, 30, 30, )
time 186 = 143 us
loop counter = (0, 0, 0, 0, 0, 0, 0, 0, 0, 0, 0, 0, 0, 0, 0, 0, 0, 0, 0, 0, 0, 0, 1, 1, 1, 2, 4, 2, 4, 2, 4, 4, 16, 10, 2, 11, 7, 7, 1, 2, 2, 0, 2, 4, 0, 0, 0, 0, 0, 0, 0, 0, 0, 0, 0, 0, 0, 0, 0, 0, 0, 0, 0, 0, 0, 0, 0, 0, 0, 0, 0, 0, 0, 0, 0, 0, 0, 0, 0, 0, 4, 16, 10, 31, 31, 16, 10, 31, 31, 10, 16, 10, 31, 31, )
time 187 = 97 us
loop counter = (1, 1, 1, 2, 4, 4, 16, 11, 2, 12, 7, 7, 2, 3, 3, 0, 2, 4, 2, 4, 2, 4, 0, 0, 0, 0, 0, 0, 0, 0, 0, 0, 0, 0, 0, 0, 0, 0, 0, 0, 0, 0, 0, 0, 0, 0, 0, 0, 0, 0, 0, 0, 0, 0, 0, 0, 0, 0, 0, 0, 0, 0, 0, 0, 0, 0, 0, 0, 0, 0, 0, 0, 0, 0, 0, 0, 0, 0, 0, 0, 4, 16, 11, 32, 32, 16, 11, 32, 32, 11, 16, 11, 32, 32, )
time 188 = 148 us
loop counter = (0, 0, 0, 0, 0, 0, 0, 0, 0, 0, 0, 0, 0, 0, 0, 0, 0, 0, 0, 0, 0, 0, 0, 0, 0, 0, 0, 0, 0, 0, 0, 0, 0, 0, 0, 0, 0, 0, 0, 0, 0, 0, 0, 0, 1, 1, 1, 4, 16, 12, 2, 17, 7, 6, 3, 7, 6, 1, 0, 0, 0, 0, 0, 0, 0, 0, 0, 0, 0, 0, 0, 0, 0, 0, 0, 0, 0, 0, 0, 0, 4, 16, 11, 33, 33, 16, 11, 33, 33, 11, 16, 11, 33, 33, )
time 189 = 144 us
loop counter = (0, 0, 0, 0, 0, 0, 0, 0, 0, 0, 0, 0, 0, 0, 0, 0, 0, 0, 0, 0, 0, 0, 0, 0, 0, 0, 0, 0, 0, 0, 0, 0, 0, 0, 0, 0, 0, 0, 0, 0, 0, 0, 0, 0, 0, 0, 0, 0, 0, 0, 0, 0, 0, 0, 0, 0, 0, 0, 1, 1, 1, 2, 4, 2, 4, 4, 16, 12, 1, 18, 8, 7, 3, 8, 7, 1, 2, 4, 2, 4, 4, 16, 11, 33, 33, 16, 11, 33, 33, 11, 16, 11, 33, 33, )
time 190 = 149 us
loop counter = (1, 1, 1, 2, 4, 4, 16, 12, 4, 8, 8, 7, 0, 1, 0, 1, 2, 4, 2, 4, 2, 4, 0, 0, 0, 0, 0, 0, 0, 0, 0, 0, 0, 0, 0, 0, 0, 0, 0, 0, 0, 0, 0, 0, 0, 0, 0, 0, 0, 0, 0, 0, 0, 0, 0, 0, 0, 0, 0, 0, 0, 0, 0, 0, 0, 0, 0, 0, 0, 0, 0, 0, 0, 0, 0, 0, 0, 0, 0, 0, 4, 16, 11, 34, 34, 16, 11, 34, 34, 11, 16, 11, 34, 34, )
time 191 = 205 us
loop counter = (0, 0, 0, 0, 0, 0, 0, 0, 0, 0, 0, 0, 0, 0, 0, 0, 0, 0, 0, 0, 0, 0, 0, 0, 0, 0, 0, 0, 0, 0, 0, 0, 0, 0, 0, 0, 0, 0, 0, 0, 0, 0, 0, 0, 1, 1, 1, 4, 16, 12, 2, 18, 7, 6, 3, 10, 9, 1, 0, 0, 0, 0, 0, 0, 0, 0, 0, 0, 0, 0, 0, 0, 0, 0, 0, 0, 0, 0, 0, 0, 4, 16, 11, 34, 34, 16, 11, 34, 34, 11, 16, 11, 34, 34, )
time 192 = 151 us
loop counter = (0, 0, 0, 0, 0, 0, 0, 0, 0, 0, 0, 0, 0, 0, 0, 0, 0, 0, 0, 0, 0, 0, 1, 1, 1, 2, 4, 2, 4, 2, 4, 4, 16, 12, 2, 14, 7, 6, 3, 6, 5, 1, 2, 4, 0, 0, 0, 0, 0, 0, 0, 0, 0, 0, 0, 0, 0, 0, 0, 0, 0, 0, 0, 0, 0, 0, 0, 0, 0, 0, 0, 0, 0, 0, 0, 0, 0, 0, 0, 0, 4, 16, 11, 35, 35, 16, 11, 35, 35, 11, 16, 11, 35, 35, )
time 193 = 122 us
loop counter = (0, 0, 0, 0, 0, 0, 0, 0, 0, 0, 0, 0, 0, 0, 0, 0, 0, 0, 0, 0, 0, 0, 0, 0, 0, 0, 0, 0, 0, 0, 0, 0, 0, 0, 0, 0, 0, 0, 0, 0, 0, 0, 0, 0, 0, 0, 0, 0, 0, 0, 0, 0, 0, 0, 0, 0, 0, 0, 1, 1, 1, 2, 4, 2, 4, 4, 16, 12, 1, 18, 8, 7, 3, 8, 7, 1, 2, 4, 2, 4, 4, 16, 11, 36, 36, 16, 11, 36, 36, 11, 16, 11, 36, 36, )
time 194 = 147 us
loop counter = (1, 1, 1, 2, 4, 4, 16, 12, 1, 17, 8, 8, 3, 8, 8, 0, 2, 4, 2, 4, 2, 4, 0, 0, 0, 0, 0, 0, 0, 0, 0, 0, 0, 0, 0, 0, 0, 0, 0, 0, 0, 0, 0, 0, 0, 0, 0, 0, 0, 0, 0, 0, 0, 0, 0, 0, 0, 0, 0, 0, 0, 0, 0, 0, 0, 0, 0, 0, 0, 0, 0, 0, 0, 0, 0, 0, 0, 0, 0, 0, 4, 16, 12, 37, 37, 16, 12, 37, 37, 12, 16, 12, 37, 37, )
time 195 = 211 us
loop counter = (0, 0, 0, 0, 0, 0, 0, 0, 0, 0, 0, 0, 0, 0, 0, 0, 0, 0, 0, 0, 0, 0, 1, 1, 1, 2, 4, 2, 4, 2, 4, 4, 16, 13, 2, 16, 9, 9, 2, 5, 5, 0, 2, 4, 0, 0, 0, 0, 0, 0, 0, 0, 0, 0, 0, 0, 0, 0, 0, 0, 0, 0, 0, 0, 0, 0, 0, 0, 0, 0, 0, 0, 0, 0, 0, 0, 0, 0, 0, 0, 4, 16, 13, 39, 39, 16, 13, 39, 39, 13, 16, 13, 39, 39, )
time 196 = 145 us
loop counter = (0, 0, 0, 0, 0, 0, 0, 0, 0, 0, 0, 0, 0, 0, 0, 0, 0, 0, 0, 0, 0, 0, 0, 0, 0, 0, 0, 0, 0, 0, 0, 0, 0, 0, 0, 0, 0, 0, 0, 0, 0, 0, 0, 0, 1, 1, 1, 4, 16, 14, 2, 17, 9, 8, 3, 9, 8, 1, 0, 0, 0, 0, 0, 0, 0, 0, 0, 0, 0, 0, 0, 0, 0, 0, 0, 0, 0, 0, 0, 0, 4, 16, 13, 40, 40, 16, 13, 40, 40, 13, 16, 13, 40, 40, )
time 197 = 203 us
loop counter = (0, 0, 0, 0, 0, 0, 0, 0, 0, 0, 0, 0, 0, 0, 0, 0, 0, 0, 0, 0, 0, 0, 0, 0, 0, 0, 0, 0, 0, 0, 0, 0, 0, 0, 0, 0, 0, 0, 0, 0, 0, 0, 0, 0, 0, 0, 0, 0, 0, 0, 0, 0, 0, 0, 0, 0, 0, 0, 1, 1, 1, 2, 4, 2, 4, 4, 16, 14, 2, 16, 10, 10, 2, 6, 6, 0, 2, 4, 2, 4, 4, 16, 14, 41, 41, 16, 14, 41, 41, 14, 16, 14, 41, 41, )
time 198 = 221 us
loop counter = (0, 0, 0, 0, 0, 0, 0, 0, 0, 0, 0, 0, 0, 0, 0, 0, 0, 0, 0, 0, 0, 0, 1, 1, 1, 2, 4, 2, 4, 2, 4, 4, 16, 15, 4, 12, 10, 9, 1, 3, 2, 1, 2, 4, 0, 0, 0, 0, 0, 0, 0, 0, 0, 0, 0, 0, 0, 0, 0, 0, 0, 0, 0, 0, 0, 0, 0, 0, 0, 0, 0, 0, 0, 0, 0, 0, 0, 0, 0, 0, 4, 16, 14, 41, 41, 16, 14, 41, 41, 14, 16, 14, 41, 41, )
time 199 = 209 us
loop counter = (0, 0, 0, 0, 0, 0, 0, 0, 0, 0, 0, 0, 0, 0, 0, 0, 0, 0, 0, 0, 0, 0, 0, 0, 0, 0, 0, 0, 0, 0, 0, 0, 0, 0, 0, 0, 0, 0, 0, 0, 0, 0, 0, 0, 0, 0, 0, 0, 0, 0, 0, 0, 0, 0, 0, 0, 0, 0, 1, 1, 1, 2, 4, 2, 4, 4, 16, 15, 4, 12, 11, 10, 0, 2, 1, 1, 2, 4, 2, 4, 4, 16, 14, 41, 41, 16, 14, 41, 41, 14, 16, 14, 41, 41, )
time 200 = 209 us
loop counter = (0, 0, 0, 0, 0, 0, 0, 0, 0, 0, 0, 0, 0, 0, 0, 0, 0, 0, 0, 0, 0, 0, 0, 0, 0, 0, 0, 0, 0, 0, 0, 0, 0, 0, 0, 0, 0, 0, 0, 0, 0, 0, 0, 0, 0, 0, 0, 0, 0, 0, 0, 0, 0, 0, 0, 0, 0, 0, 1, 1, 1, 2, 4, 2, 4, 4, 16, 15, 4, 11, 11, 11, 0, 0, 0, 0, 2, 4, 2, 4, 4, 16, 15, 42, 42, 16, 15, 42, 42, 15, 16, 15, 42, 42, )
time 201 = 145 us
loop counter = (0, 0, 0, 0, 0, 0, 0, 0, 0, 0, 0, 0, 0, 0, 0, 0, 0, 0, 0, 0, 0, 0, 1, 1, 1, 2, 4, 2, 4, 2, 4, 4, 16, 15, 3, 14, 11, 11, 1, 3, 3, 0, 2, 4, 0, 0, 0, 0, 0, 0, 0, 0, 0, 0, 0, 0, 0, 0, 0, 0, 0, 0, 0, 0, 0, 0, 0, 0, 0, 0, 0, 0, 0, 0, 0, 0, 0, 0, 0, 0, 4, 16, 15, 42, 42, 16, 15, 42, 42, 15, 16, 15, 42, 42, )
time 202 = 195 us
loop counter = (0, 0, 0, 0, 0, 0, 0, 0, 0, 0, 0, 0, 0, 0, 0, 0, 0, 0, 0, 0, 0, 0, 0, 0, 0, 0, 0, 0, 0, 0, 0, 0, 0, 0, 0, 0, 0, 0, 0, 0, 0, 0, 0, 0, 0, 0, 0, 0, 0, 0, 0, 0, 0, 0, 0, 0, 0, 0, 1, 1, 1, 2, 4, 2, 4, 4, 16, 16, 4, 12, 12, 12, 0, 0, 0, 0, 2, 4, 2, 4, 4, 16, 16, 43, 43, 16, 16, 43, 43, 16, 16, 16, 43, 43, )
time 203 = 147 us
loop counter = (0, 0, 0, 0, 0, 0, 0, 0, 0, 0, 0, 0, 0, 0, 0, 0, 0, 0, 0, 0, 0, 0, 1, 1, 1, 2, 4, 2, 4, 2, 4, 4, 16, 16, 4, 12, 12, 11, 0, 1, 0, 1, 2, 4, 0, 0, 0, 0, 0, 0, 0, 0, 0, 0, 0, 0, 0, 0, 0, 0, 0, 0, 0, 0, 0, 0, 0, 0, 0, 0, 0, 0, 0, 0, 0, 0, 0, 0, 0, 0, 4, 16, 15, 43, 43, 16, 15, 43, 43, 15, 16, 15, 43, 43, )
time 204 = 97 us
loop counter = (0, 0, 0, 0, 0, 0, 0, 0, 0, 0, 0, 0, 0, 0, 0, 0, 0, 0, 0, 0, 0, 0, 0, 0, 0, 0, 0, 0, 0, 0, 0, 0, 0, 0, 0, 0, 0, 0, 0, 0, 0, 0, 0, 0, 0, 0, 0, 0, 0, 0, 0, 0, 0, 0, 0, 0, 0, 0, 1, 1, 1, 2, 4, 2, 4, 4, 16, 16, 4, 12, 12, 12, 0, 0, 0, 0, 2, 4, 2, 4, 4, 16, 16, 44, 44, 16, 16, 44, 44, 16, 16, 16, 44, 44, )
time 205 = 209 us
loop counter = (0, 0, 0, 0, 0, 0, 0, 0, 0, 0, 0, 0, 0, 0, 0, 0, 0, 0, 0, 0, 0, 0, 1, 1, 1, 2, 4, 2, 4, 2, 4, 4, 16, 16, 4, 12, 11, 10, 1, 2, 1, 1, 2, 4, 0, 0, 0, 0, 0, 0, 0, 0, 0, 0, 0, 0, 0, 0, 0, 0, 0, 0, 0, 0, 0, 0, 0, 0, 0, 0, 0, 0, 0, 0, 0, 0, 0, 0, 0, 0, 4, 16, 15, 43, 43, 16, 15, 43, 43, 15, 16, 15, 43, 43, )
time 206 = 138 us
loop counter = (0, 0, 0, 0, 0, 0, 0, 0, 0, 0, 0, 0, 0, 0, 0, 0, 0, 0, 0, 0, 0, 0, 0, 0, 0, 0, 0, 0, 0, 0, 0, 0, 0, 0, 0, 0, 0, 0, 0, 0, 0, 0, 0, 0, 0, 0, 0, 0, 0, 0, 0, 0, 0, 0, 0, 0, 0, 0, 1, 1, 1, 2, 4, 2, 4, 4, 16, 16, 4, 12, 12, 12, 0, 0, 0, 0, 2, 4, 2, 4, 4, 16, 16, 44, 44, 16, 16, 44, 44, 16, 16, 16, 44, 44, )
time 207 = 209 us
loop counter = (0, 0, 0, 0, 0, 0, 0, 0, 0, 0, 0, 0, 0, 0, 0, 0, 0, 0, 0, 0, 0, 0, 1, 1, 1, 2, 4, 2, 4, 2, 4, 4, 16, 16, 4, 12, 12, 11, 0, 1, 0, 1, 2, 4, 0, 0, 0, 0, 0, 0, 0, 0, 0, 0, 0, 0, 0, 0, 0, 0, 0, 0, 0, 0, 0, 0, 0, 0, 0, 0, 0, 0, 0, 0, 0, 0, 0, 0, 0, 0, 4, 16, 15, 44, 44, 16, 15, 44, 44, 15, 16, 15, 44, 44, )
time 208 = 151 us
