loop counter = (0, 0, 0, 0, 0, 0, 0, 0, 0, 0, 0, 0, 0, 0, 0, 0, 0, 0, 0, 0, 0, 0, 1, 1, 1, 2, 4, 2, 4, 2, 4, 4, 16, 2, 1, 3, 1, 0, 0, 1, 0, 1, 2, 4, 0, 0, 0, 0, 0, 0, 0, 0, 0, 0, 0, 0, 0, 0, 0, 0, 0, 0, 0, 0, 0, 0, 0, 0, 0, 0, 0, 0, 0, 0, 0, 0, 0, 0, 0, 0, 4, 16, 1, 2, 2, 16, 1, 2, 2, 1, 16, 1, 2, 2, )
time 0 = 134 us
loop counter = (0, 0, 0, 0, 0, 0, 0, 0, 0, 0, 0, 0, 0, 0, 0, 0, 0, 0, 0, 0, 0, 0, 0, 0, 0, 0, 0, 0, 0, 0, 0, 0, 0, 0, 0, 0, 0, 0, 0, 0, 0, 0, 0, 0, 0, 0, 0, 0, 0, 0, 0, 0, 0, 0, 0, 0, 0, 0, 1, 1, 1, 2, 4, 2, 4, 4, 16, 2, 1, 3, 0, 0, 1, 1, 1, 0, 2, 4, 2, 4, 4, 16, 2, 4, 4, 16, 2, 4, 4, 2, 16, 2, 4, 4, )
time 1 = 197 us
loop counter = (0, 0, 0, 0, 0, 0, 0, 0, 0, 0, 0, 0, 0, 0, 0, 0, 0, 0, 0, 0, 0, 0, 1, 1, 1, 2, 4, 2, 4, 2, 4, 4, 16, 3, 1, 4, 1, 0, 1, 2, 1, 1, 2, 4, 0, 0, 0, 0, 0, 0, 0, 0, 0, 0, 0, 0, 0, 0, 0, 0, 0, 0, 0, 0, 0, 0, 0, 0, 0, 0, 0, 0, 0, 0, 0, 0, 0, 0, 0, 0, 4, 16, 2, 5, 5, 16, 2, 5, 5, 2, 16, 2, 5, 5, )
time 2 = 197 us
loop counter = (0, 0, 0, 0, 0, 0, 0, 0, 0, 0, 0, 0, 0, 0, 0, 0, 0, 0, 0, 0, 0, 0, 0, 0, 0, 0, 0, 0, 0, 0, 0, 0, 0, 0, 0, 0, 0, 0, 0, 0, 0, 0, 0, 0, 0, 0, 0, 0, 0, 0, 0, 0, 0, 0, 0, 0, 0, 0, 1, 1, 1, 2, 4, 2, 4, 4, 16, 3, 2, 2, 1, 1, 0, 1, 1, 0, 2, 4, 2, 4, 4, 16, 3, 6, 6, 16, 3, 6, 6, 3, 16, 3, 6, 6, )
time 3 = 93 us
loop counter = (0, 0, 0, 0, 0, 0, 0, 0, 0, 0, 0, 0, 0, 0, 0, 0, 0, 0, 0, 0, 0, 0, 1, 1, 1, 2, 4, 2, 4, 2, 4, 4, 16, 4, 2, 2, 1, 1, 1, 1, 1, 0, 2, 4, 0, 0, 0, 0, 0, 0, 0, 0, 0, 0, 0, 0, 0, 0, 0, 0, 0, 0, 0, 0, 0, 0, 0, 0, 0, 0, 0, 0, 0, 0, 0, 0, 0, 0, 0, 0, 4, 16, 4, 7, 7, 16, 4, 7, 7, 4, 16, 4, 7, 7, )
time 4 = 139 us
loop counter = (0, 0, 0, 0, 0, 0, 0, 0, 0, 0, 0, 0, 0, 0, 0, 0, 0, 0, 0, 0, 0, 0, 0, 0, 0, 0, 0, 0, 0, 0, 0, 0, 0, 0, 0, 0, 0, 0, 0, 0, 0, 0, 0, 0, 0, 0, 0, 0, 0, 0, 0, 0, 0, 0, 0, 0, 0, 0, 1, 1, 1, 2, 4, 2, 4, 4, 16, 5, 2, 5, 2, 1, 1, 2, 1, 1, 2, 4, 2, 4, 4, 16, 4, 8, 8, 16, 4, 8, 8, 4, 16, 4, 8, 8, )
time 5 = 197 us
loop counter = (0, 0, 0, 0, 0, 0, 0, 0, 0, 0, 0, 0, 0, 0, 0, 0, 0, 0, 0, 0, 0, 0, 1, 1, 1, 2, 4, 2, 4, 2, 4, 4, 16, 5, 2, 4, 2, 2, 1, 1, 1, 0, 2, 4, 0, 0, 0, 0, 0, 0, 0, 0, 0, 0, 0, 0, 0, 0, 0, 0, 0, 0, 0, 0, 0, 0, 0, 0, 0, 0, 0, 0, 0, 0, 0, 0, 0, 0, 0, 0, 4, 16, 5, 9, 9, 16, 5, 9, 9, 5, 16, 5, 9, 9, )
time 6 = 141 us
loop counter = (0, 0, 0, 0, 0, 0, 0, 0, 0, 0, 0, 0, 0, 0, 0, 0, 0, 0, 0, 0, 0, 0, 0, 0, 0, 0, 0, 0, 0, 0, 0, 0, 0, 0, 0, 0, 0, 0, 0, 0, 0, 0, 0, 0, 0, 0, 0, 0, 0, 0, 0, 0, 0, 0, 0, 0, 0, 0, 1, 1, 1, 2, 4, 2, 4, 4, 16, 6, 3, 6, 3, 2, 0, 2, 1, 1, 2, 4, 2, 4, 4, 16, 5, 10, 10, 16, 5, 10, 10, 5, 16, 5, 10, 10, )
time 7 = 198 us
loop counter = (0, 0, 0, 0, 0, 0, 0, 0, 0, 0, 0, 0, 0, 0, 0, 0, 0, 0, 0, 0, 0, 0, 1, 1, 1, 2, 4, 2, 4, 2, 4, 4, 16, 6, 3, 5, 3, 2, 0, 2, 1, 1, 2, 4, 0, 0, 0, 0, 0, 0, 0, 0, 0, 0, 0, 0, 0, 0, 0, 0, 0, 0, 0, 0, 0, 0, 0, 0, 0, 0, 0, 0, 0, 0, 0, 0, 0, 0, 0, 0, 4, 16, 5, 10, 10, 16, 5, 10, 10, 5, 16, 5, 10, 10, )
time 8 = 125 us
loop counter = (0, 0, 0, 0, 0, 0, 0, 0, 0, 0, 0, 0, 0, 0, 0, 0, 0, 0, 0, 0, 0, 0, 0, 0, 0, 0, 0, 0, 0, 0, 0, 0, 0, 0, 0, 0, 0, 0, 0, 0, 0, 0, 0, 0, 0, 0, 0, 0, 0, 0, 0, 0, 0, 0, 0, 0, 0, 0, 1, 1, 1, 2, 4, 2, 4, 4, 16, 6, 2, 4, 3, 3, 1, 1, 1, 0, 2, 4, 2, 4, 4, 16, 6, 11, 11, 16, 6, 11, 11, 6, 16, 6, 11, 11, )
time 9 = 201 us
loop counter = (0, 0, 0, 0, 0, 0, 0, 0, 0, 0, 0, 0, 0, 0, 0, 0, 0, 0, 0, 0, 0, 0, 1, 1, 1, 2, 4, 2, 4, 2, 4, 4, 16, 7, 3, 5, 3, 2, 1, 2, 1, 1, 2, 4, 0, 0, 0, 0, 0, 0, 0, 0, 0, 0, 0, 0, 0, 0, 0, 0, 0, 0, 0, 0, 0, 0, 0, 0, 0, 0, 0, 0, 0, 0, 0, 0, 0, 0, 0, 0, 4, 16, 6, 11, 11, 16, 6, 11, 11, 6, 16, 6, 11, 11, )
time 10 = 140 us
loop counter = (0, 0, 0, 0, 0, 0, 0, 0, 0, 0, 0, 0, 0, 0, 0, 0, 0, 0, 0, 0, 0, 0, 0, 0, 0, 0, 0, 0, 0, 0, 0, 0, 0, 0, 0, 0, 0, 0, 0, 0, 0, 0, 0, 0, 0, 0, 0, 0, 0, 0, 0, 0, 0, 0, 0, 0, 0, 0, 1, 1, 1, 2, 4, 2, 4, 4, 16, 7, 2, 5, 3, 2, 2, 3, 2, 1, 2, 4, 2, 4, 4, 16, 6, 12, 12, 16, 6, 12, 12, 6, 16, 6, 12, 12, )
time 11 = 95 us
loop counter = (0, 0, 0, 0, 0, 0, 0, 0, 0, 0, 0, 0, 0, 0, 0, 0, 0, 0, 0, 0, 0, 0, 1, 1, 1, 2, 4, 2, 4, 2, 4, 4, 16, 7, 3, 5, 3, 2, 1, 3, 2, 1, 2, 4, 0, 0, 0, 0, 0, 0, 0, 0, 0, 0, 0, 0, 0, 0, 0, 0, 0, 0, 0, 0, 0, 0, 0, 0, 0, 0, 0, 0, 0, 0, 0, 0, 0, 0, 0, 0, 4, 16, 6, 12, 12, 16, 6, 12, 12, 6, 16, 6, 12, 12, )
time 12 = 140 us
loop counter = (0, 0, 0, 0, 0, 0, 0, 0, 0, 0, 0, 0, 0, 0, 0, 0, 0, 0, 0, 0, 0, 0, 0, 0, 0, 0, 0, 0, 0, 0, 0, 0, 0, 0, 0, 0, 0, 0, 0, 0, 0, 0, 0, 0, 0, 0, 0, 0, 0, 0, 0, 0, 0, 0, 0, 0, 0, 0, 1, 1, 1, 2, 4, 2, 4, 4, 16, 7, 3, 4, 3, 2, 1, 2, 1, 1, 2, 4, 2, 4, 4, 16, 6, 13, 13, 16, 6, 13, 13, 6, 16, 6, 13, 13, )
time 13 = 139 us
loop counter = (0, 0, 0, 0, 0, 0, 0, 0, 0, 0, 0, 0, 0, 0, 0, 0, 0, 0, 0, 0, 0, 0, 1, 1, 1, 2, 4, 2, 4, 2, 4, 4, 16, 7, 3, 5, 3, 2, 1, 2, 1, 1, 2, 4, 0, 0, 0, 0, 0, 0, 0, 0, 0, 0, 0, 0, 0, 0, 0, 0, 0, 0, 0, 0, 0, 0, 0, 0, 0, 0, 0, 0, 0, 0, 0, 0, 0, 0, 0, 0, 4, 16, 6, 14, 14, 16, 6, 14, 14, 6, 16, 6, 14, 14, )
time 14 = 131 us
loop counter = (0, 0, 0, 0, 0, 0, 0, 0, 0, 0, 0, 0, 0, 0, 0, 0, 0, 0, 0, 0, 0, 0, 0, 0, 0, 0, 0, 0, 0, 0, 0, 0, 0, 0, 0, 0, 0, 0, 0, 0, 0, 0, 0, 0, 0, 0, 0, 0, 0, 0, 0, 0, 0, 0, 0, 0, 0, 0, 1, 1, 1, 2, 4, 2, 4, 4, 16, 7, 3, 5, 4, 4, 0, 1, 1, 0, 2, 4, 2, 4, 4, 16, 7, 15, 15, 16, 7, 15, 15, 7, 16, 7, 15, 15, )
time 15 = 202 us
loop counter = (0, 0, 0, 0, 0, 0, 0, 0, 0, 0, 0, 0, 0, 0, 0, 0, 0, 0, 0, 0, 0, 0, 1, 1, 1, 2, 4, 2, 4, 2, 4, 4, 16, 8, 4, 5, 4, 3, 0, 2, 1, 1, 2, 4, 0, 0, 0, 0, 0, 0, 0, 0, 0, 0, 0, 0, 0, 0, 0, 0, 0, 0, 0, 0, 0, 0, 0, 0, 0, 0, 0, 0, 0, 0, 0, 0, 0, 0, 0, 0, 4, 16, 7, 15, 15, 16, 7, 15, 15, 7, 16, 7, 15, 15, )
time 16 = 127 us
loop counter = (0, 0, 0, 0, 0, 0, 0, 0, 0, 0, 0, 0, 0, 0, 0, 0, 0, 0, 0, 0, 0, 0, 0, 0, 0, 0, 0, 0, 0, 0, 0, 0, 0, 0, 0, 0, 0, 0, 0, 0, 0, 0, 0, 0, 0, 0, 0, 0, 0, 0, 0, 0, 0, 0, 0, 0, 0, 0, 1, 1, 1, 2, 4, 2, 4, 4, 16, 8, 2, 6, 5, 4, 1, 2, 1, 1, 2, 4, 2, 4, 4, 16, 7, 16, 16, 16, 7, 16, 16, 7, 16, 7, 16, 16, )
time 17 = 143 us
loop counter = (0, 0, 0, 0, 0, 0, 0, 0, 0, 0, 0, 0, 0, 0, 0, 0, 0, 0, 0, 0, 0, 0, 1, 1, 1, 2, 4, 2, 4, 2, 4, 4, 16, 8, 4, 7, 4, 3, 0, 2, 1, 1, 2, 4, 0, 0, 0, 0, 0, 0, 0, 0, 0, 0, 0, 0, 0, 0, 0, 0, 0, 0, 0, 0, 0, 0, 0, 0, 0, 0, 0, 0, 0, 0, 0, 0, 0, 0, 0, 0, 4, 16, 7, 17, 17, 16, 7, 17, 17, 7, 16, 7, 17, 17, )
time 18 = 140 us
loop counter = (0, 0, 0, 0, 0, 0, 0, 0, 0, 0, 0, 0, 0, 0, 0, 0, 0, 0, 0, 0, 0, 0, 0, 0, 0, 0, 0, 0, 0, 0, 0, 0, 0, 0, 0, 0, 0, 0, 0, 0, 0, 0, 0, 0, 0, 0, 0, 0, 0, 0, 0, 0, 0, 0, 0, 0, 0, 0, 1, 1, 1, 2, 4, 2, 4, 4, 16, 8, 3, 5, 5, 3, 0, 2, 0, 2, 2, 4, 2, 4, 4, 16, 6, 17, 17, 16, 6, 17, 17, 6, 16, 6, 17, 17, )
time 19 = 143 us
loop counter = (0, 0, 0, 0, 0, 0, 0, 0, 0, 0, 0, 0, 0, 0, 0, 0, 0, 0, 0, 0, 0, 0, 1, 1, 1, 2, 4, 2, 4, 2, 4, 4, 16, 7, 3, 4, 4, 4, 0, 0, 0, 0, 2, 4, 0, 0, 0, 0, 0, 0, 0, 0, 0, 0, 0, 0, 0, 0, 0, 0, 0, 0, 0, 0, 0, 0, 0, 0, 0, 0, 0, 0, 0, 0, 0, 0, 0, 0, 0, 0, 4, 16, 7, 18, 18, 16, 7, 18, 18, 7, 16, 7, 18, 18, )
time 20 = 200 us
loop counter = (0, 0, 0, 0, 0, 0, 0, 0, 0, 0, 0, 0, 0, 0, 0, 0, 0, 0, 0, 0, 0, 0, 0, 0, 0, 0, 0, 0, 0, 0, 0, 0, 0, 0, 0, 0, 0, 0, 0, 0, 0, 0, 0, 0, 0, 0, 0, 0, 0, 0, 0, 0, 0, 0, 0, 0, 0, 0, 1, 1, 1, 2, 4, 2, 4, 4, 16, 7, 3, 4, 4, 3, 0, 1, 0, 1, 2, 4, 2, 4, 4, 16, 6, 16, 16, 16, 6, 16, 16, 6, 16, 6, 16, 16, )
time 21 = 204 us
loop counter = (0, 0, 0, 0, 0, 0, 0, 0, 0, 0, 0, 0, 0, 0, 0, 0, 0, 0, 0, 0, 0, 0, 1, 1, 1, 2, 4, 2, 4, 2, 4, 4, 16, 7, 3, 4, 3, 3, 1, 1, 1, 0, 2, 4, 0, 0, 0, 0, 0, 0, 0, 0, 0, 0, 0, 0, 0, 0, 0, 0, 0, 0, 0, 0, 0, 0, 0, 0, 0, 0, 0, 0, 0, 0, 0, 0, 0, 0, 0, 0, 4, 16, 7, 17, 17, 16, 7, 17, 17, 7, 16, 7, 17, 17, )
time 22 = 139 us
loop counter = (0, 0, 0, 0, 0, 0, 0, 0, 0, 0, 0, 0, 0, 0, 0, 0, 0, 0, 0, 0, 0, 0, 0, 0, 0, 0, 0, 0, 0, 0, 0, 0, 0, 0, 0, 0, 0, 0, 0, 0, 0, 0, 0, 0, 0, 0, 0, 0, 0, 0, 0, 0, 0, 0, 0, 0, 0, 0, 1, 1, 1, 2, 4, 2, 4, 4, 16, 8, 3, 6, 4, 1, 1, 4, 1, 3, 2, 4, 2, 4, 4, 16, 5, 15, 15, 16, 5, 15, 15, 5, 16, 5, 15, 15, )
time 23 = 135 us
loop counter = (0, 0, 0, 0, 0, 0, 0, 0, 0, 0, 0, 0, 0, 0, 0, 0, 0, 0, 0, 0, 0, 0, 1, 1, 1, 2, 4, 2, 4, 2, 4, 4, 16, 6, 2, 4, 4, 3, 0, 1, 0, 1, 2, 4, 0, 0, 0, 0, 0, 0, 0, 0, 0, 0, 0, 0, 0, 0, 0, 0, 0, 0, 0, 0, 0, 0, 0, 0, 0, 0, 0, 0, 0, 0, 0, 0, 0, 0, 0, 0, 4, 16, 5, 16, 16, 16, 5, 16, 16, 5, 16, 5, 16, 16, )
time 24 = 127 us
loop counter = (0, 0, 0, 0, 0, 0, 0, 0, 0, 0, 0, 0, 0, 0, 0, 0, 0, 0, 0, 0, 0, 0, 0, 0, 0, 0, 0, 0, 0, 0, 0, 0, 0, 0, 0, 0, 0, 0, 0, 0, 0, 0, 0, 0, 0, 0, 0, 0, 0, 0, 0, 0, 0, 0, 0, 0, 0, 0, 1, 1, 1, 2, 4, 2, 4, 4, 16, 6, 4, 2, 2, 1, 0, 1, 0, 1, 2, 4, 2, 4, 4, 16, 5, 15, 15, 16, 5, 15, 15, 5, 16, 5, 15, 15, )
time 25 = 201 us
loop counter = (0, 0, 0, 0, 0, 0, 0, 0, 0, 0, 0, 0, 0, 0, 0, 0, 0, 0, 0, 0, 0, 0, 1, 1, 1, 2, 4, 2, 4, 2, 4, 4, 16, 6, 3, 3, 3, 3, 0, 0, 0, 0, 2, 4, 0, 0, 0, 0, 0, 0, 0, 0, 0, 0, 0, 0, 0, 0, 0, 0, 0, 0, 0, 0, 0, 0, 0, 0, 0, 0, 0, 0, 0, 0, 0, 0, 0, 0, 0, 0, 4, 16, 6, 16, 16, 16, 6, 16, 16, 6, 16, 6, 16, 16, )
time 26 = 205 us
loop counter = (0, 0, 0, 0, 0, 0, 0, 0, 0, 0, 0, 0, 0, 0, 0, 0, 0, 0, 0, 0, 0, 0, 0, 0, 0, 0, 0, 0, 0, 0, 0, 0, 0, 0, 0, 0, 0, 0, 0, 0, 0, 0, 0, 0, 0, 0, 0, 0, 0, 0, 0, 0, 0, 0, 0, 0, 0, 0, 1, 1, 1, 2, 4, 2, 4, 4, 16, 6, 4, 2, 2, 2, 0, 0, 0, 0, 2, 4, 2, 4, 4, 16, 6, 16, 16, 16, 6, 16, 16, 6, 16, 6, 16, 16, )
time 27 = 131 us
loop counter = (0, 0, 0, 0, 0, 0, 0, 0, 0, 0, 0, 0, 0, 0, 0, 0, 0, 0, 0, 0, 0, 0, 1, 1, 1, 2, 4, 2, 4, 2, 4, 4, 16, 6, 3, 3, 3, 3, 0, 0, 0, 0, 2, 4, 0, 0, 0, 0, 0, 0, 0, 0, 0, 0, 0, 0, 0, 0, 0, 0, 0, 0, 0, 0, 0, 0, 0, 0, 0, 0, 0, 0, 0, 0, 0, 0, 0, 0, 0, 0, 4, 16, 6, 16, 16, 16, 6, 16, 16, 6, 16, 6, 16, 16, )
time 28 = 198 us
loop counter = (0, 0, 0, 0, 0, 0, 0, 0, 0, 0, 0, 0, 0, 0, 0, 0, 0, 0, 0, 0, 0, 0, 0, 0, 0, 0, 0, 0, 0, 0, 0, 0, 0, 0, 0, 0, 0, 0, 0, 0, 0, 0, 0, 0, 0, 0, 0, 0, 0, 0, 0, 0, 0, 0, 0, 0, 0, 0, 1, 1, 1, 2, 4, 2, 4, 4, 16, 6, 4, 2, 2, 2, 0, 0, 0, 0, 2, 4, 2, 4, 4, 16, 6, 16, 16, 16, 6, 16, 16, 6, 16, 6, 16, 16, )
time 29 = 188 us
loop counter = (0, 0, 0, 0, 0, 0, 0, 0, 0, 0, 0, 0, 0, 0, 0, 0, 0, 0, 0, 0, 0, 0, 1, 1, 1, 2, 4, 2, 4, 2, 4, 4, 16, 6, 3, 3, 3, 3, 0, 0, 0, 0, 2, 4, 0, 0, 0, 0, 0, 0, 0, 0, 0, 0, 0, 0, 0, 0, 0, 0, 0, 0, 0, 0, 0, 0, 0, 0, 0, 0, 0, 0, 0, 0, 0, 0, 0, 0, 0, 0, 4, 16, 6, 16, 16, 16, 6, 16, 16, 6, 16, 6, 16, 16, )
time 30 = 210 us
loop counter = (0, 0, 0, 0, 0, 0, 0, 0, 0, 0, 0, 0, 0, 0, 0, 0, 0, 0, 0, 0, 0, 0, 0, 0, 0, 0, 0, 0, 0, 0, 0, 0, 0, 0, 0, 0, 0, 0, 0, 0, 0, 0, 0, 0, 0, 0, 0, 0, 0, 0, 0, 0, 0, 0, 0, 0, 0, 0, 1, 1, 1, 2, 4, 2, 4, 4, 16, 6, 4, 2, 2, 2, 0, 0, 0, 0, 2, 4, 2, 4, 4, 16, 6, 16, 16, 16, 6, 16, 16, 6, 16, 6, 16, 16, )
time 31 = 211 us
loop counter = (0, 0, 0, 0, 0, 0, 0, 0, 0, 0, 0, 0, 0, 0, 0, 0, 0, 0, 0, 0, 0, 0, 1, 1, 1, 2, 4, 2, 4, 2, 4, 4, 16, 6, 3, 3, 3, 3, 0, 0, 0, 0, 2, 4, 0, 0, 0, 0, 0, 0, 0, 0, 0, 0, 0, 0, 0, 0, 0, 0, 0, 0, 0, 0, 0, 0, 0, 0, 0, 0, 0, 0, 0, 0, 0, 0, 0, 0, 0, 0, 4, 16, 6, 16, 16, 16, 6, 16, 16, 6, 16, 6, 16, 16, )
time 32 = 204 us
loop counter = (0, 0, 0, 0, 0, 0, 0, 0, 0, 0, 0, 0, 0, 0, 0, 0, 0, 0, 0, 0, 0, 0, 0, 0, 0, 0, 0, 0, 0, 0, 0, 0, 0, 0, 0, 0, 0, 0, 0, 0, 0, 0, 0, 0, 0, 0, 0, 0, 0, 0, 0, 0, 0, 0, 0, 0, 0, 0, 1, 1, 1, 2, 4, 2, 4, 4, 16, 6, 4, 2, 2, 2, 0, 0, 0, 0, 2, 4, 2, 4, 4, 16, 6, 16, 16, 16, 6, 16, 16, 6, 16, 6, 16, 16, )
time 33 = 201 us
loop counter = (0, 0, 0, 0, 0, 0, 0, 0, 0, 0, 0, 0, 0, 0, 0, 0, 0, 0, 0, 0, 0, 0, 1, 1, 1, 2, 4, 2, 4, 2, 4, 4, 16, 6, 3, 3, 3, 3, 0, 0, 0, 0, 2, 4, 0, 0, 0, 0, 0, 0, 0, 0, 0, 0, 0, 0, 0, 0, 0, 0, 0, 0, 0, 0, 0, 0, 0, 0, 0, 0, 0, 0, 0, 0, 0, 0, 0, 0, 0, 0, 4, 16, 6, 16, 16, 16, 6, 16, 16, 6, 16, 6, 16, 16, )
time 34 = 204 us
loop counter = (0, 0, 0, 0, 0, 0, 0, 0, 0, 0, 0, 0, 0, 0, 0, 0, 0, 0, 0, 0, 0, 0, 0, 0, 0, 0, 0, 0, 0, 0, 0, 0, 0, 0, 0, 0, 0, 0, 0, 0, 0, 0, 0, 0, 0, 0, 0, 0, 0, 0, 0, 0, 0, 0, 0, 0, 0, 0, 1, 1, 1, 2, 4, 2, 4, 4, 16, 6, 4, 2, 2, 2, 0, 0, 0, 0, 2, 4, 2, 4, 4, 16, 6, 16, 16, 16, 6, 16, 16, 6, 16, 6, 16, 16, )
time 35 = 134 us
loop counter = (0, 0, 0, 0, 0, 0, 0, 0, 0, 0, 0, 0, 0, 0, 0, 0, 0, 0, 0, 0, 0, 0, 1, 1, 1, 2, 4, 2, 4, 2, 4, 4, 16, 6, 3, 3, 3, 3, 0, 0, 0, 0, 2, 4, 0, 0, 0, 0, 0, 0, 0, 0, 0, 0, 0, 0, 0, 0, 0, 0, 0, 0, 0, 0, 0, 0, 0, 0, 0, 0, 0, 0, 0, 0, 0, 0, 0, 0, 0, 0, 4, 16, 6, 16, 16, 16, 6, 16, 16, 6, 16, 6, 16, 16, )
time 36 = 123 us
loop counter = (0, 0, 0, 0, 0, 0, 0, 0, 0, 0, 0, 0, 0, 0, 0, 0, 0, 0, 0, 0, 0, 0, 0, 0, 0, 0, 0, 0, 0, 0, 0, 0, 0, 0, 0, 0, 0, 0, 0, 0, 0, 0, 0, 0, 0, 0, 0, 0, 0, 0, 0, 0, 0, 0, 0, 0, 0, 0, 1, 1, 1, 2, 4, 2, 4, 4, 16, 6, 4, 2, 2, 2, 0, 0, 0, 0, 2, 4, 2, 4, 4, 16, 6, 16, 16, 16, 6, 16, 16, 6, 16, 6, 16, 16, )
time 37 = 78 us
loop counter = (0, 0, 0, 0, 0, 0, 0, 0, 0, 0, 0, 0, 0, 0, 0, 0, 0, 0, 0, 0, 0, 0, 1, 1, 1, 2, 4, 2, 4, 2, 4, 4, 16, 6, 3, 3, 3, 3, 0, 0, 0, 0, 2, 4, 0, 0, 0, 0, 0, 0, 0, 0, 0, 0, 0, 0, 0, 0, 0, 0, 0, 0, 0, 0, 0, 0, 0, 0, 0, 0, 0, 0, 0, 0, 0, 0, 0, 0, 0, 0, 4, 16, 6, 16, 16, 16, 6, 16, 16, 6, 16, 6, 16, 16, )
time 38 = 170 us
loop counter = (0, 0, 0, 0, 0, 0, 0, 0, 0, 0, 0, 0, 0, 0, 0, 0, 0, 0, 0, 0, 0, 0, 0, 0, 0, 0, 0, 0, 0, 0, 0, 0, 0, 0, 0, 0, 0, 0, 0, 0, 0, 0, 0, 0, 0, 0, 0, 0, 0, 0, 0, 0, 0, 0, 0, 0, 0, 0, 1, 1, 1, 2, 4, 2, 4, 4, 16, 6, 4, 2, 2, 2, 0, 0, 0, 0, 2, 4, 2, 4, 4, 16, 6, 16, 16, 16, 6, 16, 16, 6, 16, 6, 16, 16, )
time 39 = 108 us
loop counter = (0, 0, 0, 0, 0, 0, 0, 0, 0, 0, 0, 0, 0, 0, 0, 0, 0, 0, 0, 0, 0, 0, 1, 1, 1, 2, 4, 2, 4, 2, 4, 4, 16, 6, 3, 3, 3, 3, 0, 0, 0, 0, 2, 4, 0, 0, 0, 0, 0, 0, 0, 0, 0, 0, 0, 0, 0, 0, 0, 0, 0, 0, 0, 0, 0, 0, 0, 0, 0, 0, 0, 0, 0, 0, 0, 0, 0, 0, 0, 0, 4, 16, 6, 16, 16, 16, 6, 16, 16, 6, 16, 6, 16, 16, )
time 40 = 95 us
loop counter = (0, 0, 0, 0, 0, 0, 0, 0, 0, 0, 0, 0, 0, 0, 0, 0, 0, 0, 0, 0, 0, 0, 0, 0, 0, 0, 0, 0, 0, 0, 0, 0, 0, 0, 0, 0, 0, 0, 0, 0, 0, 0, 0, 0, 0, 0, 0, 0, 0, 0, 0, 0, 0, 0, 0, 0, 0, 0, 1, 1, 1, 2, 4, 2, 4, 4, 16, 6, 4, 2, 2, 2, 0, 0, 0, 0, 2, 4, 2, 4, 4, 16, 6, 16, 16, 16, 6, 16, 16, 6, 16, 6, 16, 16, )
time 41 = 92 us
loop counter = (0, 0, 0, 0, 0, 0, 0, 0, 0, 0, 0, 0, 0, 0, 0, 0, 0, 0, 0, 0, 0, 0, 1, 1, 1, 2, 4, 2, 4, 2, 4, 4, 16, 6, 3, 3, 3, 3, 0, 0, 0, 0, 2, 4, 0, 0, 0, 0, 0, 0, 0, 0, 0, 0, 0, 0, 0, 0, 0, 0, 0, 0, 0, 0, 0, 0, 0, 0, 0, 0, 0, 0, 0, 0, 0, 0, 0, 0, 0, 0, 4, 16, 6, 16, 16, 16, 6, 16, 16, 6, 16, 6, 16, 16, )
time 42 = 78 us
loop counter = (0, 0, 0, 0, 0, 0, 0, 0, 0, 0, 0, 0, 0, 0, 0, 0, 0, 0, 0, 0, 0, 0, 0, 0, 0, 0, 0, 0, 0, 0, 0, 0, 0, 0, 0, 0, 0, 0, 0, 0, 0, 0, 0, 0, 0, 0, 0, 0, 0, 0, 0, 0, 0, 0, 0, 0, 0, 0, 1, 1, 1, 2, 4, 2, 4, 4, 16, 6, 4, 2, 2, 2, 0, 0, 0, 0, 2, 4, 2, 4, 4, 16, 6, 16, 16, 16, 6, 16, 16, 6, 16, 6, 16, 16, )
time 43 = 73 us
loop counter = (0, 0, 0, 0, 0, 0, 0, 0, 0, 0, 0, 0, 0, 0, 0, 0, 0, 0, 0, 0, 0, 0, 1, 1, 1, 2, 4, 2, 4, 2, 4, 4, 16, 6, 3, 3, 3, 3, 0, 0, 0, 0, 2, 4, 0, 0, 0, 0, 0, 0, 0, 0, 0, 0, 0, 0, 0, 0, 0, 0, 0, 0, 0, 0, 0, 0, 0, 0, 0, 0, 0, 0, 0, 0, 0, 0, 0, 0, 0, 0, 4, 16, 6, 16, 16, 16, 6, 16, 16, 6, 16, 6, 16, 16, )
time 44 = 85 us
loop counter = (0, 0, 0, 0, 0, 0, 0, 0, 0, 0, 0, 0, 0, 0, 0, 0, 0, 0, 0, 0, 0, 0, 0, 0, 0, 0, 0, 0, 0, 0, 0, 0, 0, 0, 0, 0, 0, 0, 0, 0, 0, 0, 0, 0, 0, 0, 0, 0, 0, 0, 0, 0, 0, 0, 0, 0, 0, 0, 1, 1, 1, 2, 4, 2, 4, 4, 16, 6, 4, 2, 2, 2, 0, 0, 0, 0, 2, 4, 2, 4, 4, 16, 6, 16, 16, 16, 6, 16, 16, 6, 16, 6, 16, 16, )
time 45 = 141 us
loop counter = (0, 0, 0, 0, 0, 0, 0, 0, 0, 0, 0, 0, 0, 0, 0, 0, 0, 0, 0, 0, 0, 0, 1, 1, 1, 2, 4, 2, 4, 2, 4, 4, 16, 6, 3, 3, 3, 3, 0, 0, 0, 0, 2, 4, 0, 0, 0, 0, 0, 0, 0, 0, 0, 0, 0, 0, 0, 0, 0, 0, 0, 0, 0, 0, 0, 0, 0, 0, 0, 0, 0, 0, 0, 0, 0, 0, 0, 0, 0, 0, 4, 16, 6, 16, 16, 16, 6, 16, 16, 6, 16, 6, 16, 16, )
time 46 = 94 us
loop counter = (0, 0, 0, 0, 0, 0, 0, 0, 0, 0, 0, 0, 0, 0, 0, 0, 0, 0, 0, 0, 0, 0, 0, 0, 0, 0, 0, 0, 0, 0, 0, 0, 0, 0, 0, 0, 0, 0, 0, 0, 0, 0, 0, 0, 0, 0, 0, 0, 0, 0, 0, 0, 0, 0, 0, 0, 0, 0, 1, 1, 1, 2, 4, 2, 4, 4, 16, 6, 4, 2, 2, 2, 0, 0, 0, 0, 2, 4, 2, 4, 4, 16, 6, 16, 16, 16, 6, 16, 16, 6, 16, 6, 16, 16, )
time 47 = 100 us
loop counter = (0, 0, 0, 0, 0, 0, 0, 0, 0, 0, 0, 0, 0, 0, 0, 0, 0, 0, 0, 0, 0, 0, 1, 1, 1, 2, 4, 2, 4, 2, 4, 4, 16, 6, 3, 3, 3, 3, 0, 0, 0, 0, 2, 4, 0, 0, 0, 0, 0, 0, 0, 0, 0, 0, 0, 0, 0, 0, 0, 0, 0, 0, 0, 0, 0, 0, 0, 0, 0, 0, 0, 0, 0, 0, 0, 0, 0, 0, 0, 0, 4, 16, 6, 16, 16, 16, 6, 16, 16, 6, 16, 6, 16, 16, )
time 48 = 99 us
loop counter = (0, 0, 0, 0, 0, 0, 0, 0, 0, 0, 0, 0, 0, 0, 0, 0, 0, 0, 0, 0, 0, 0, 0, 0, 0, 0, 0, 0, 0, 0, 0, 0, 0, 0, 0, 0, 0, 0, 0, 0, 0, 0, 0, 0, 0, 0, 0, 0, 0, 0, 0, 0, 0, 0, 0, 0, 0, 0, 1, 1, 1, 2, 4, 2, 4, 4, 16, 6, 4, 2, 2, 2, 0, 0, 0, 0, 2, 4, 2, 4, 4, 16, 6, 16, 16, 16, 6, 16, 16, 6, 16, 6, 16, 16, )
time 49 = 134 us
loop counter = (0, 0, 0, 0, 0, 0, 0, 0, 0, 0, 0, 0, 0, 0, 0, 0, 0, 0, 0, 0, 0, 0, 0, 0, 0, 0, 0, 0, 0, 0, 0, 0, 0, 0, 0, 0, 0, 0, 0, 0, 0, 0, 0, 0, 0, 0, 0, 0, 0, 0, 0, 0, 0, 0, 0, 0, 0, 0, 1, 1, 1, 2, 4, 2, 4, 4, 16, 6, 4, 2, 2, 2, 0, 0, 0, 0, 2, 4, 2, 4, 4, 16, 6, 16, 16, 16, 6, 16, 16, 6, 16, 6, 16, 16, )
time 50 = 128 us
loop counter = (0, 0, 0, 0, 0, 0, 0, 0, 0, 0, 0, 0, 0, 0, 0, 0, 0, 0, 0, 0, 0, 0, 1, 1, 1, 2, 4, 2, 4, 2, 4, 4, 16, 6, 3, 3, 3, 3, 0, 0, 0, 0, 2, 4, 0, 0, 0, 0, 0, 0, 0, 0, 0, 0, 0, 0, 0, 0, 0, 0, 0, 0, 0, 0, 0, 0, 0, 0, 0, 0, 0, 0, 0, 0, 0, 0, 0, 0, 0, 0, 4, 16, 6, 16, 16, 16, 6, 16, 16, 6, 16, 6, 16, 16, )
time 51 = 197 us
loop counter = (0, 0, 0, 0, 0, 0, 0, 0, 0, 0, 0, 0, 0, 0, 0, 0, 0, 0, 0, 0, 0, 0, 0, 0, 0, 0, 0, 0, 0, 0, 0, 0, 0, 0, 0, 0, 0, 0, 0, 0, 0, 0, 0, 0, 1, 1, 1, 4, 16, 6, 0, 14, 2, 2, 4, 6, 6, 0, 0, 0, 0, 0, 0, 0, 0, 0, 0, 0, 0, 0, 0, 0, 0, 0, 0, 0, 0, 0, 0, 0, 4, 16, 6, 16, 16, 16, 6, 16, 16, 6, 16, 6, 16, 16, )
time 52 = 137 us
loop counter = (1, 1, 1, 2, 4, 4, 16, 7, 1, 10, 4, 4, 2, 3, 3, 0, 2, 4, 2, 4, 2, 4, 0, 0, 0, 0, 0, 0, 0, 0, 0, 0, 0, 0, 0, 0, 0, 0, 0, 0, 0, 0, 0, 0, 0, 0, 0, 0, 0, 0, 0, 0, 0, 0, 0, 0, 0, 0, 0, 0, 0, 0, 0, 0, 0, 0, 0, 0, 0, 0, 0, 0, 0, 0, 0, 0, 0, 0, 0, 0, 4, 16, 7, 17, 17, 16, 7, 17, 17, 7, 16, 7, 17, 17, )
time 53 = 201 us
loop counter = (0, 0, 0, 0, 0, 0, 0, 0, 0, 0, 0, 0, 0, 0, 0, 0, 0, 0, 0, 0, 0, 0, 0, 0, 0, 0, 0, 0, 0, 0, 0, 0, 0, 0, 0, 0, 0, 0, 0, 0, 0, 0, 0, 0, 0, 0, 0, 0, 0, 0, 0, 0, 0, 0, 0, 0, 0, 0, 1, 1, 1, 2, 4, 2, 4, 4, 16, 8, 0, 17, 4, 2, 4, 8, 6, 2, 2, 4, 2, 4, 4, 16, 6, 18, 18, 16, 6, 18, 18, 6, 16, 6, 18, 18, )
time 54 = 139 us
loop counter = (0, 0, 0, 0, 0, 0, 0, 0, 0, 0, 0, 0, 0, 0, 0, 0, 0, 0, 0, 0, 0, 0, 1, 1, 1, 2, 4, 2, 4, 2, 4, 4, 16, 7, 1, 11, 4, 4, 2, 3, 3, 0, 2, 4, 0, 0, 0, 0, 0, 0, 0, 0, 0, 0, 0, 0, 0, 0, 0, 0, 0, 0, 0, 0, 0, 0, 0, 0, 0, 0, 0, 0, 0, 0, 0, 0, 0, 0, 0, 0, 4, 16, 7, 20, 20, 16, 7, 20, 20, 7, 16, 7, 20, 20, )
time 55 = 142 us
loop counter = (1, 1, 1, 2, 4, 4, 16, 8, 2, 11, 5, 5, 1, 3, 3, 0, 2, 4, 2, 4, 2, 4, 0, 0, 0, 0, 0, 0, 0, 0, 0, 0, 0, 0, 0, 0, 0, 0, 0, 0, 0, 0, 0, 0, 0, 0, 0, 0, 0, 0, 0, 0, 0, 0, 0, 0, 0, 0, 0, 0, 0, 0, 0, 0, 0, 0, 0, 0, 0, 0, 0, 0, 0, 0, 0, 0, 0, 0, 0, 0, 4, 16, 8, 21, 21, 16, 8, 21, 21, 8, 16, 8, 21, 21, )
time 56 = 201 us
loop counter = (0, 0, 0, 0, 0, 0, 0, 0, 0, 0, 0, 0, 0, 0, 0, 0, 0, 0, 0, 0, 0, 0, 0, 0, 0, 0, 0, 0, 0, 0, 0, 0, 0, 0, 0, 0, 0, 0, 0, 0, 0, 0, 0, 0, 1, 1, 1, 4, 16, 9, 1, 15, 4, 3, 4, 8, 7, 1, 0, 0, 0, 0, 0, 0, 0, 0, 0, 0, 0, 0, 0, 0, 0, 0, 0, 0, 0, 0, 0, 0, 4, 16, 8, 22, 22, 16, 8, 22, 22, 8, 16, 8, 22, 22, )
time 57 = 95 us
loop counter = (0, 0, 0, 0, 0, 0, 0, 0, 0, 0, 0, 0, 0, 0, 0, 0, 0, 0, 0, 0, 0, 0, 0, 0, 0, 0, 0, 0, 0, 0, 0, 0, 0, 0, 0, 0, 0, 0, 0, 0, 0, 0, 0, 0, 0, 0, 0, 0, 0, 0, 0, 0, 0, 0, 0, 0, 0, 0, 1, 1, 1, 2, 4, 2, 4, 4, 16, 9, 1, 16, 5, 4, 3, 8, 7, 1, 2, 4, 2, 4, 4, 16, 8, 22, 22, 16, 8, 22, 22, 8, 16, 8, 22, 22, )
time 58 = 142 us
loop counter = (1, 1, 1, 2, 4, 4, 16, 9, 2, 8, 5, 4, 2, 4, 3, 1, 2, 4, 2, 4, 2, 4, 0, 0, 0, 0, 0, 0, 0, 0, 0, 0, 0, 0, 0, 0, 0, 0, 0, 0, 0, 0, 0, 0, 0, 0, 0, 0, 0, 0, 0, 0, 0, 0, 0, 0, 0, 0, 0, 0, 0, 0, 0, 0, 0, 0, 0, 0, 0, 0, 0, 0, 0, 0, 0, 0, 0, 0, 0, 0, 4, 16, 8, 21, 21, 16, 8, 21, 21, 8, 16, 8, 21, 21, )
time 59 = 202 us
loop counter = (0, 0, 0, 0, 0, 0, 0, 0, 0, 0, 0, 0, 0, 0, 0, 0, 0, 0, 0, 0, 0, 0, 1, 1, 1, 2, 4, 2, 4, 2, 4, 4, 16, 9, 1, 12, 6, 6, 2, 5, 5, 0, 2, 4, 0, 0, 0, 0, 0, 0, 0, 0, 0, 0, 0, 0, 0, 0, 0, 0, 0, 0, 0, 0, 0, 0, 0, 0, 0, 0, 0, 0, 0, 0, 0, 0, 0, 0, 0, 0, 4, 16, 9, 22, 22, 16, 9, 22, 22, 9, 16, 9, 22, 22, )
time 60 = 142 us
loop counter = (0, 0, 0, 0, 0, 0, 0, 0, 0, 0, 0, 0, 0, 0, 0, 0, 0, 0, 0, 0, 0, 0, 0, 0, 0, 0, 0, 0, 0, 0, 0, 0, 0, 0, 0, 0, 0, 0, 0, 0, 0, 0, 0, 0, 1, 1, 1, 4, 16, 10, 0, 20, 6, 6, 4, 10, 10, 0, 0, 0, 0, 0, 0, 0, 0, 0, 0, 0, 0, 0, 0, 0, 0, 0, 0, 0, 0, 0, 0, 0, 4, 16, 10, 23, 23, 16, 10, 23, 23, 10, 16, 10, 23, 23, )
time 61 = 143 us
loop counter = (0, 0, 0, 0, 0, 0, 0, 0, 0, 0, 0, 0, 0, 0, 0, 0, 0, 0, 0, 0, 0, 0, 0, 0, 0, 0, 0, 0, 0, 0, 0, 0, 0, 0, 0, 0, 0, 0, 0, 0, 0, 0, 0, 0, 0, 0, 0, 0, 0, 0, 0, 0, 0, 0, 0, 0, 0, 0, 1, 1, 1, 2, 4, 2, 4, 4, 16, 11, 1, 18, 7, 7, 3, 7, 7, 0, 2, 4, 2, 4, 4, 16, 11, 24, 24, 16, 11, 24, 24, 11, 16, 11, 24, 24, )
time 62 = 204 us
loop counter = (1, 1, 1, 2, 4, 4, 16, 12, 2, 14, 7, 4, 3, 7, 4, 3, 2, 4, 2, 4, 2, 4, 0, 0, 0, 0, 0, 0, 0, 0, 0, 0, 0, 0, 0, 0, 0, 0, 0, 0, 0, 0, 0, 0, 0, 0, 0, 0, 0, 0, 0, 0, 0, 0, 0, 0, 0, 0, 0, 0, 0, 0, 0, 0, 0, 0, 0, 0, 0, 0, 0, 0, 0, 0, 0, 0, 0, 0, 0, 0, 4, 16, 9, 22, 22, 16, 9, 22, 22, 9, 16, 9, 22, 22, )
time 63 = 144 us
loop counter = (0, 0, 0, 0, 0, 0, 0, 0, 0, 0, 0, 0, 0, 0, 0, 0, 0, 0, 0, 0, 0, 0, 0, 0, 0, 0, 0, 0, 0, 0, 0, 0, 0, 0, 0, 0, 0, 0, 0, 0, 0, 0, 0, 0, 1, 1, 1, 4, 16, 10, 3, 12, 6, 5, 1, 4, 3, 1, 0, 0, 0, 0, 0, 0, 0, 0, 0, 0, 0, 0, 0, 0, 0, 0, 0, 0, 0, 0, 0, 0, 4, 16, 9, 22, 22, 16, 9, 22, 22, 9, 16, 9, 22, 22, )
time 64 = 142 us
loop counter = (0, 0, 0, 0, 0, 0, 0, 0, 0, 0, 0, 0, 0, 0, 0, 0, 0, 0, 0, 0, 0, 0, 1, 1, 1, 2, 4, 2, 4, 2, 4, 4, 16, 10, 1, 16, 6, 6, 3, 6, 6, 0, 2, 4, 0, 0, 0, 0, 0, 0, 0, 0, 0, 0, 0, 0, 0, 0, 0, 0, 0, 0, 0, 0, 0, 0, 0, 0, 0, 0, 0, 0, 0, 0, 0, 0, 0, 0, 0, 0, 4, 16, 10, 23, 23, 16, 10, 23, 23, 10, 16, 10, 23, 23, )
time 65 = 203 us
loop counter = (0, 0, 0, 0, 0, 0, 0, 0, 0, 0, 0, 0, 0, 0, 0, 0, 0, 0, 0, 0, 0, 0, 0, 0, 0, 0, 0, 0, 0, 0, 0, 0, 0, 0, 0, 0, 0, 0, 0, 0, 0, 0, 0, 0, 0, 0, 0, 0, 0, 0, 0, 0, 0, 0, 0, 0, 0, 0, 1, 1, 1, 2, 4, 2, 4, 4, 16, 11, 1, 18, 7, 5, 3, 8, 6, 2, 2, 4, 2, 4, 4, 16, 9, 24, 24, 16, 9, 24, 24, 9, 16, 9, 24, 24, )
time 66 = 211 us
loop counter = (0, 0, 0, 0, 0, 0, 0, 0, 0, 0, 0, 0, 0, 0, 0, 0, 0, 0, 0, 0, 0, 0, 1, 1, 1, 2, 4, 2, 4, 2, 4, 4, 16, 10, 3, 9, 6, 6, 1, 2, 2, 0, 2, 4, 0, 0, 0, 0, 0, 0, 0, 0, 0, 0, 0, 0, 0, 0, 0, 0, 0, 0, 0, 0, 0, 0, 0, 0, 0, 0, 0, 0, 0, 0, 0, 0, 0, 0, 0, 0, 4, 16, 10, 25, 25, 16, 10, 25, 25, 10, 16, 10, 25, 25, )
time 67 = 131 us
loop counter = (0, 0, 0, 0, 0, 0, 0, 0, 0, 0, 0, 0, 0, 0, 0, 0, 0, 0, 0, 0, 0, 0, 0, 0, 0, 0, 0, 0, 0, 0, 0, 0, 0, 0, 0, 0, 0, 0, 0, 0, 0, 0, 0, 0, 1, 1, 1, 4, 16, 11, 2, 15, 5, 3, 4, 8, 6, 2, 0, 0, 0, 0, 0, 0, 0, 0, 0, 0, 0, 0, 0, 0, 0, 0, 0, 0, 0, 0, 0, 0, 4, 16, 9, 25, 25, 16, 9, 25, 25, 9, 16, 9, 25, 25, )
time 68 = 142 us
loop counter = (1, 1, 1, 2, 4, 4, 16, 10, 2, 12, 6, 5, 2, 5, 4, 1, 2, 4, 2, 4, 2, 4, 0, 0, 0, 0, 0, 0, 0, 0, 0, 0, 0, 0, 0, 0, 0, 0, 0, 0, 0, 0, 0, 0, 0, 0, 0, 0, 0, 0, 0, 0, 0, 0, 0, 0, 0, 0, 0, 0, 0, 0, 0, 0, 0, 0, 0, 0, 0, 0, 0, 0, 0, 0, 0, 0, 0, 0, 0, 0, 4, 16, 9, 25, 25, 16, 9, 25, 25, 9, 16, 9, 25, 25, )
time 69 = 144 us
loop counter = (0, 0, 0, 0, 0, 0, 0, 0, 0, 0, 0, 0, 0, 0, 0, 0, 0, 0, 0, 0, 0, 0, 0, 0, 0, 0, 0, 0, 0, 0, 0, 0, 0, 0, 0, 0, 0, 0, 0, 0, 0, 0, 0, 0, 0, 0, 0, 0, 0, 0, 0, 0, 0, 0, 0, 0, 0, 0, 1, 1, 1, 2, 4, 2, 4, 4, 16, 10, 1, 15, 5, 3, 4, 7, 5, 2, 2, 4, 2, 4, 4, 16, 8, 24, 24, 16, 8, 24, 24, 8, 16, 8, 24, 24, )
time 70 = 141 us
loop counter = (0, 0, 0, 0, 0, 0, 0, 0, 0, 0, 0, 0, 0, 0, 0, 0, 0, 0, 0, 0, 0, 0, 0, 0, 0, 0, 0, 0, 0, 0, 0, 0, 0, 0, 0, 0, 0, 0, 0, 0, 0, 0, 0, 0, 1, 1, 1, 4, 16, 9, 0, 18, 4, 3, 5, 9, 8, 1, 0, 0, 0, 0, 0, 0, 0, 0, 0, 0, 0, 0, 0, 0, 0, 0, 0, 0, 0, 0, 0, 0, 4, 16, 8, 25, 25, 16, 8, 25, 25, 8, 16, 8, 25, 25, )
time 71 = 141 us
loop counter = (0, 0, 0, 0, 0, 0, 0, 0, 0, 0, 0, 0, 0, 0, 0, 0, 0, 0, 0, 0, 0, 0, 1, 1, 1, 2, 4, 2, 4, 2, 4, 4, 16, 9, 1, 12, 4, 3, 4, 5, 4, 1, 2, 4, 0, 0, 0, 0, 0, 0, 0, 0, 0, 0, 0, 0, 0, 0, 0, 0, 0, 0, 0, 0, 0, 0, 0, 0, 0, 0, 0, 0, 0, 0, 0, 0, 0, 0, 0, 0, 4, 16, 8, 22, 22, 16, 8, 22, 22, 8, 16, 8, 22, 22, )
time 72 = 141 us
loop counter = (1, 1, 1, 2, 4, 4, 16, 9, 1, 16, 5, 5, 3, 5, 5, 0, 2, 4, 2, 4, 2, 4, 0, 0, 0, 0, 0, 0, 0, 0, 0, 0, 0, 0, 0, 0, 0, 0, 0, 0, 0, 0, 0, 0, 0, 0, 0, 0, 0, 0, 0, 0, 0, 0, 0, 0, 0, 0, 0, 0, 0, 0, 0, 0, 0, 0, 0, 0, 0, 0, 0, 0, 0, 0, 0, 0, 0, 0, 0, 0, 4, 16, 9, 24, 24, 16, 9, 24, 24, 9, 16, 9, 24, 24, )
time 73 = 142 us
loop counter = (0, 0, 0, 0, 0, 0, 0, 0, 0, 0, 0, 0, 0, 0, 0, 0, 0, 0, 0, 0, 0, 0, 0, 0, 0, 0, 0, 0, 0, 0, 0, 0, 0, 0, 0, 0, 0, 0, 0, 0, 0, 0, 0, 0, 1, 1, 1, 4, 16, 10, 4, 8, 5, 3, 1, 3, 1, 2, 0, 0, 0, 0, 0, 0, 0, 0, 0, 0, 0, 0, 0, 0, 0, 0, 0, 0, 0, 0, 0, 0, 4, 16, 8, 24, 24, 16, 8, 24, 24, 8, 16, 8, 24, 24, )
time 74 = 201 us
loop counter = (0, 0, 0, 0, 0, 0, 0, 0, 0, 0, 0, 0, 0, 0, 0, 0, 0, 0, 0, 0, 0, 0, 0, 0, 0, 0, 0, 0, 0, 0, 0, 0, 0, 0, 0, 0, 0, 0, 0, 0, 0, 0, 0, 0, 0, 0, 0, 0, 0, 0, 0, 0, 0, 0, 0, 0, 0, 0, 1, 1, 1, 2, 4, 2, 4, 4, 16, 9, 1, 15, 4, 2, 4, 8, 6, 2, 2, 4, 2, 4, 4, 16, 7, 23, 23, 16, 7, 23, 23, 7, 16, 7, 23, 23, )
time 75 = 143 us
loop counter = (1, 1, 1, 2, 4, 4, 16, 8, 2, 7, 5, 4, 1, 3, 2, 1, 2, 4, 2, 4, 2, 4, 0, 0, 0, 0, 0, 0, 0, 0, 0, 0, 0, 0, 0, 0, 0, 0, 0, 0, 0, 0, 0, 0, 0, 0, 0, 0, 0, 0, 0, 0, 0, 0, 0, 0, 0, 0, 0, 0, 0, 0, 0, 0, 0, 0, 0, 0, 0, 0, 0, 0, 0, 0, 0, 0, 0, 0, 0, 0, 4, 16, 7, 22, 22, 16, 7, 22, 22, 7, 16, 7, 22, 22, )
time 76 = 201 us
loop counter = (0, 0, 0, 0, 0, 0, 0, 0, 0, 0, 0, 0, 0, 0, 0, 0, 0, 0, 0, 0, 0, 0, 1, 1, 1, 2, 4, 2, 4, 2, 4, 4, 16, 8, 0, 15, 4, 4, 4, 8, 8, 0, 2, 4, 0, 0, 0, 0, 0, 0, 0, 0, 0, 0, 0, 0, 0, 0, 0, 0, 0, 0, 0, 0, 0, 0, 0, 0, 0, 0, 0, 0, 0, 0, 0, 0, 0, 0, 0, 0, 4, 16, 8, 24, 24, 16, 8, 24, 24, 8, 16, 8, 24, 24, )
time 77 = 155 us
loop counter = (0, 0, 0, 0, 0, 0, 0, 0, 0, 0, 0, 0, 0, 0, 0, 0, 0, 0, 0, 0, 0, 0, 0, 0, 0, 0, 0, 0, 0, 0, 0, 0, 0, 0, 0, 0, 0, 0, 0, 0, 0, 0, 0, 0, 1, 1, 1, 4, 16, 9, 1, 14, 5, 5, 3, 5, 5, 0, 0, 0, 0, 0, 0, 0, 0, 0, 0, 0, 0, 0, 0, 0, 0, 0, 0, 0, 0, 0, 0, 0, 4, 16, 9, 25, 25, 16, 9, 25, 25, 9, 16, 9, 25, 25, )
time 78 = 142 us
loop counter = (0, 0, 0, 0, 0, 0, 0, 0, 0, 0, 0, 0, 0, 0, 0, 0, 0, 0, 0, 0, 0, 0, 0, 0, 0, 0, 0, 0, 0, 0, 0, 0, 0, 0, 0, 0, 0, 0, 0, 0, 0, 0, 0, 0, 0, 0, 0, 0, 0, 0, 0, 0, 0, 0, 0, 0, 0, 0, 1, 1, 1, 2, 4, 2, 4, 4, 16, 10, 2, 15, 6, 6, 2, 5, 5, 0, 2, 4, 2, 4, 4, 16, 10, 26, 26, 16, 10, 26, 26, 10, 16, 10, 26, 26, )
time 79 = 144 us
loop counter = (0, 0, 0, 0, 0, 0, 0, 0, 0, 0, 0, 0, 0, 0, 0, 0, 0, 0, 0, 0, 0, 0, 1, 1, 1, 2, 4, 2, 4, 2, 4, 4, 16, 11, 4, 9, 6, 4, 1, 4, 2, 2, 2, 4, 0, 0, 0, 0, 0, 0, 0, 0, 0, 0, 0, 0, 0, 0, 0, 0, 0, 0, 0, 0, 0, 0, 0, 0, 0, 0, 0, 0, 0, 0, 0, 0, 0, 0, 0, 0, 4, 16, 9, 24, 24, 16, 9, 24, 24, 9, 16, 9, 24, 24, )
time 80 = 131 us
loop counter = (0, 0, 0, 0, 0, 0, 0, 0, 0, 0, 0, 0, 0, 0, 0, 0, 0, 0, 0, 0, 0, 0, 0, 0, 0, 0, 0, 0, 0, 0, 0, 0, 0, 0, 0, 0, 0, 0, 0, 0, 0, 0, 0, 0, 1, 1, 1, 4, 16, 10, 2, 12, 6, 5, 2, 5, 4, 1, 0, 0, 0, 0, 0, 0, 0, 0, 0, 0, 0, 0, 0, 0, 0, 0, 0, 0, 0, 0, 0, 0, 4, 16, 9, 25, 25, 16, 9, 25, 25, 9, 16, 9, 25, 25, )
time 81 = 142 us
loop counter = (0, 0, 0, 0, 0, 0, 0, 0, 0, 0, 0, 0, 0, 0, 0, 0, 0, 0, 0, 0, 0, 0, 0, 0, 0, 0, 0, 0, 0, 0, 0, 0, 0, 0, 0, 0, 0, 0, 0, 0, 0, 0, 0, 0, 0, 0, 0, 0, 0, 0, 0, 0, 0, 0, 0, 0, 0, 0, 1, 1, 1, 2, 4, 2, 4, 4, 16, 10, 1, 15, 6, 6, 3, 6, 6, 0, 2, 4, 2, 4, 4, 16, 10, 26, 26, 16, 10, 26, 26, 10, 16, 10, 26, 26, )
time 82 = 142 us
loop counter = (0, 0, 0, 0, 0, 0, 0, 0, 0, 0, 0, 0, 0, 0, 0, 0, 0, 0, 0, 0, 0, 0, 1, 1, 1, 2, 4, 2, 4, 2, 4, 4, 16, 11, 4, 8, 7, 6, 0, 2, 1, 1, 2, 4, 0, 0, 0, 0, 0, 0, 0, 0, 0, 0, 0, 0, 0, 0, 0, 0, 0, 0, 0, 0, 0, 0, 0, 0, 0, 0, 0, 0, 0, 0, 0, 0, 0, 0, 0, 0, 4, 16, 10, 27, 27, 16, 10, 27, 27, 10, 16, 10, 27, 27, )
time 83 = 202 us
loop counter = (0, 0, 0, 0, 0, 0, 0, 0, 0, 0, 0, 0, 0, 0, 0, 0, 0, 0, 0, 0, 0, 0, 0, 0, 0, 0, 0, 0, 0, 0, 0, 0, 0, 0, 0, 0, 0, 0, 0, 0, 0, 0, 0, 0, 0, 0, 0, 0, 0, 0, 0, 0, 0, 0, 0, 0, 0, 0, 1, 1, 1, 2, 4, 2, 4, 4, 16, 11, 3, 8, 7, 6, 1, 2, 1, 1, 2, 4, 2, 4, 4, 16, 10, 27, 27, 16, 10, 27, 27, 10, 16, 10, 27, 27, )
time 84 = 142 us
loop counter = (0, 0, 0, 0, 0, 0, 0, 0, 0, 0, 0, 0, 0, 0, 0, 0, 0, 0, 0, 0, 0, 0, 0, 0, 0, 0, 0, 0, 0, 0, 0, 0, 0, 0, 0, 0, 0, 0, 0, 0, 0, 0, 0, 0, 0, 0, 0, 0, 0, 0, 0, 0, 0, 0, 0, 0, 0, 0, 1, 1, 1, 2, 4, 2, 4, 4, 16, 11, 4, 8, 7, 7, 0, 1, 1, 0, 2, 4, 2, 4, 4, 16, 11, 28, 28, 16, 11, 28, 28, 11, 16, 11, 28, 28, )
time 85 = 205 us
loop counter = (0, 0, 0, 0, 0, 0, 0, 0, 0, 0, 0, 0, 0, 0, 0, 0, 0, 0, 0, 0, 0, 0, 1, 1, 1, 2, 4, 2, 4, 2, 4, 4, 16, 12, 4, 8, 8, 7, 0, 1, 0, 1, 2, 4, 0, 0, 0, 0, 0, 0, 0, 0, 0, 0, 0, 0, 0, 0, 0, 0, 0, 0, 0, 0, 0, 0, 0, 0, 0, 0, 0, 0, 0, 0, 0, 0, 0, 0, 0, 0, 4, 16, 11, 29, 29, 16, 11, 29, 29, 11, 16, 11, 29, 29, )
time 86 = 205 us
loop counter = (0, 0, 0, 0, 0, 0, 0, 0, 0, 0, 0, 0, 0, 0, 0, 0, 0, 0, 0, 0, 0, 0, 1, 1, 1, 2, 4, 2, 4, 2, 4, 4, 16, 12, 4, 8, 8, 7, 0, 1, 0, 1, 2, 4, 0, 0, 0, 0, 0, 0, 0, 0, 0, 0, 0, 0, 0, 0, 0, 0, 0, 0, 0, 0, 0, 0, 0, 0, 0, 0, 0, 0, 0, 0, 0, 0, 0, 0, 0, 0, 4, 16, 11, 29, 29, 16, 11, 29, 29, 11, 16, 11, 29, 29, )
time 87 = 148 us
loop counter = (0, 0, 0, 0, 0, 0, 0, 0, 0, 0, 0, 0, 0, 0, 0, 0, 0, 0, 0, 0, 0, 0, 0, 0, 0, 0, 0, 0, 0, 0, 0, 0, 0, 0, 0, 0, 0, 0, 0, 0, 0, 0, 0, 0, 0, 0, 0, 0, 0, 0, 0, 0, 0, 0, 0, 0, 0, 0, 1, 1, 1, 2, 4, 2, 4, 4, 16, 12, 4, 8, 8, 6, 0, 2, 0, 2, 2, 4, 2, 4, 4, 16, 10, 30, 30, 16, 10, 30, 30, 10, 16, 10, 30, 30, )
time 88 = 143 us
loop counter = (0, 0, 0, 0, 0, 0, 0, 0, 0, 0, 0, 0, 0, 0, 0, 0, 0, 0, 0, 0, 0, 0, 1, 1, 1, 2, 4, 2, 4, 2, 4, 4, 16, 11, 4, 7, 7, 7, 0, 0, 0, 0, 2, 4, 0, 0, 0, 0, 0, 0, 0, 0, 0, 0, 0, 0, 0, 0, 0, 0, 0, 0, 0, 0, 0, 0, 0, 0, 0, 0, 0, 0, 0, 0, 0, 0, 0, 0, 0, 0, 4, 16, 11, 31, 31, 16, 11, 31, 31, 11, 16, 11, 31, 31, )
time 89 = 203 us
loop counter = (0, 0, 0, 0, 0, 0, 0, 0, 0, 0, 0, 0, 0, 0, 0, 0, 0, 0, 0, 0, 0, 0, 0, 0, 0, 0, 0, 0, 0, 0, 0, 0, 0, 0, 0, 0, 0, 0, 0, 0, 0, 0, 0, 0, 0, 0, 0, 0, 0, 0, 0, 0, 0, 0, 0, 0, 0, 0, 1, 1, 1, 2, 4, 2, 4, 4, 16, 11, 4, 7, 7, 7, 0, 0, 0, 0, 2, 4, 2, 4, 4, 16, 11, 31, 31, 16, 11, 31, 31, 11, 16, 11, 31, 31, )
time 90 = 92 us
loop counter = (0, 0, 0, 0, 0, 0, 0, 0, 0, 0, 0, 0, 0, 0, 0, 0, 0, 0, 0, 0, 0, 0, 1, 1, 1, 2, 4, 2, 4, 2, 4, 4, 16, 11, 4, 7, 7, 7, 0, 0, 0, 0, 2, 4, 0, 0, 0, 0, 0, 0, 0, 0, 0, 0, 0, 0, 0, 0, 0, 0, 0, 0, 0, 0, 0, 0, 0, 0, 0, 0, 0, 0, 0, 0, 0, 0, 0, 0, 0, 0, 4, 16, 11, 31, 31, 16, 11, 31, 31, 11, 16, 11, 31, 31, )
time 91 = 115 us
loop counter = (0, 0, 0, 0, 0, 0, 0, 0, 0, 0, 0, 0, 0, 0, 0, 0, 0, 0, 0, 0, 0, 0, 0, 0, 0, 0, 0, 0, 0, 0, 0, 0, 0, 0, 0, 0, 0, 0, 0, 0, 0, 0, 0, 0, 0, 0, 0, 0, 0, 0, 0, 0, 0, 0, 0, 0, 0, 0, 1, 1, 1, 2, 4, 2, 4, 4, 16, 11, 4, 7, 7, 7, 0, 0, 0, 0, 2, 4, 2, 4, 4, 16, 11, 31, 31, 16, 11, 31, 31, 11, 16, 11, 31, 31, )
time 92 = 155 us
loop counter = (0, 0, 0, 0, 0, 0, 0, 0, 0, 0, 0, 0, 0, 0, 0, 0, 0, 0, 0, 0, 0, 0, 1, 1, 1, 2, 4, 2, 4, 2, 4, 4, 16, 11, 4, 7, 7, 7, 0, 0, 0, 0, 2, 4, 0, 0, 0, 0, 0, 0, 0, 0, 0, 0, 0, 0, 0, 0, 0, 0, 0, 0, 0, 0, 0, 0, 0, 0, 0, 0, 0, 0, 0, 0, 0, 0, 0, 0, 0, 0, 4, 16, 11, 31, 31, 16, 11, 31, 31, 11, 16, 11, 31, 31, )
time 93 = 101 us
loop counter = (0, 0, 0, 0, 0, 0, 0, 0, 0, 0, 0, 0, 0, 0, 0, 0, 0, 0, 0, 0, 0, 0, 0, 0, 0, 0, 0, 0, 0, 0, 0, 0, 0, 0, 0, 0, 0, 0, 0, 0, 0, 0, 0, 0, 0, 0, 0, 0, 0, 0, 0, 0, 0, 0, 0, 0, 0, 0, 1, 1, 1, 2, 4, 2, 4, 4, 16, 11, 4, 7, 7, 7, 0, 0, 0, 0, 2, 4, 2, 4, 4, 16, 11, 31, 31, 16, 11, 31, 31, 11, 16, 11, 31, 31, )
time 94 = 114 us
loop counter = (0, 0, 0, 0, 0, 0, 0, 0, 0, 0, 0, 0, 0, 0, 0, 0, 0, 0, 0, 0, 0, 0, 1, 1, 1, 2, 4, 2, 4, 2, 4, 4, 16, 11, 4, 7, 7, 7, 0, 0, 0, 0, 2, 4, 0, 0, 0, 0, 0, 0, 0, 0, 0, 0, 0, 0, 0, 0, 0, 0, 0, 0, 0, 0, 0, 0, 0, 0, 0, 0, 0, 0, 0, 0, 0, 0, 0, 0, 0, 0, 4, 16, 11, 31, 31, 16, 11, 31, 31, 11, 16, 11, 31, 31, )
time 95 = 102 us
loop counter = (0, 0, 0, 0, 0, 0, 0, 0, 0, 0, 0, 0, 0, 0, 0, 0, 0, 0, 0, 0, 0, 0, 0, 0, 0, 0, 0, 0, 0, 0, 0, 0, 0, 0, 0, 0, 0, 0, 0, 0, 0, 0, 0, 0, 0, 0, 0, 0, 0, 0, 0, 0, 0, 0, 0, 0, 0, 0, 1, 1, 1, 2, 4, 2, 4, 4, 16, 11, 4, 7, 7, 7, 0, 0, 0, 0, 2, 4, 2, 4, 4, 16, 11, 31, 31, 16, 11, 31, 31, 11, 16, 11, 31, 31, )
time 96 = 95 us
loop counter = (0, 0, 0, 0, 0, 0, 0, 0, 0, 0, 0, 0, 0, 0, 0, 0, 0, 0, 0, 0, 0, 0, 1, 1, 1, 2, 4, 2, 4, 2, 4, 4, 16, 11, 4, 7, 7, 7, 0, 0, 0, 0, 2, 4, 0, 0, 0, 0, 0, 0, 0, 0, 0, 0, 0, 0, 0, 0, 0, 0, 0, 0, 0, 0, 0, 0, 0, 0, 0, 0, 0, 0, 0, 0, 0, 0, 0, 0, 0, 0, 4, 16, 11, 31, 31, 16, 11, 31, 31, 11, 16, 11, 31, 31, )
time 97 = 118 us
loop counter = (0, 0, 0, 0, 0, 0, 0, 0, 0, 0, 0, 0, 0, 0, 0, 0, 0, 0, 0, 0, 0, 0, 0, 0, 0, 0, 0, 0, 0, 0, 0, 0, 0, 0, 0, 0, 0, 0, 0, 0, 0, 0, 0, 0, 1, 1, 1, 4, 16, 11, 1, 18, 7, 7, 3, 7, 7, 0, 0, 0, 0, 0, 0, 0, 0, 0, 0, 0, 0, 0, 0, 0, 0, 0, 0, 0, 0, 0, 0, 0, 4, 16, 11, 31, 31, 16, 11, 31, 31, 11, 16, 11, 31, 31, )
time 98 = 137 us
loop counter = (1, 1, 1, 2, 4, 4, 16, 12, 2, 14, 7, 6, 3, 6, 5, 1, 2, 4, 2, 4, 2, 4, 0, 0, 0, 0, 0, 0, 0, 0, 0, 0, 0, 0, 0, 0, 0, 0, 0, 0, 0, 0, 0, 0, 0, 0, 0, 0, 0, 0, 0, 0, 0, 0, 0, 0, 0, 0, 0, 0, 0, 0, 0, 0, 0, 0, 0, 0, 0, 0, 0, 0, 0, 0, 0, 0, 0, 0, 0, 0, 4, 16, 11, 31, 31, 16, 11, 31, 31, 11, 16, 11, 31, 31, )
time 99 = 146 us
loop counter = (0, 0, 0, 0, 0, 0, 0, 0, 0, 0, 0, 0, 0, 0, 0, 0, 0, 0, 0, 0, 0, 0, 0, 0, 0, 0, 0, 0, 0, 0, 0, 0, 0, 0, 0, 0, 0, 0, 0, 0, 0, 0, 0, 0, 0, 0, 0, 0, 0, 0, 0, 0, 0, 0, 0, 0, 0, 0, 1, 1, 1, 2, 4, 2, 4, 4, 16, 12, 2, 15, 8, 7, 2, 7, 6, 1, 2, 4, 2, 4, 4, 16, 11, 30, 30, 16, 11, 30, 30, 11, 16, 11, 30, 30, )
time 100 = 206 us
loop counter = (0, 0, 0, 0, 0, 0, 0, 0, 0, 0, 0, 0, 0, 0, 0, 0, 0, 0, 0, 0, 0, 0, 1, 1, 1, 2, 4, 2, 4, 2, 4, 4, 16, 12, 3, 14, 7, 5, 2, 6, 4, 2, 2, 4, 0, 0, 0, 0, 0, 0, 0, 0, 0, 0, 0, 0, 0, 0, 0, 0, 0, 0, 0, 0, 0, 0, 0, 0, 0, 0, 0, 0, 0, 0, 0, 0, 0, 0, 0, 0, 4, 16, 10, 31, 31, 16, 10, 31, 31, 10, 16, 10, 31, 31, )
time 101 = 204 us
loop counter = (0, 0, 0, 0, 0, 0, 0, 0, 0, 0, 0, 0, 0, 0, 0, 0, 0, 0, 0, 0, 0, 0, 0, 0, 0, 0, 0, 0, 0, 0, 0, 0, 0, 0, 0, 0, 0, 0, 0, 0, 0, 0, 0, 0, 1, 1, 1, 4, 16, 11, 2, 15, 7, 5, 2, 6, 4, 2, 0, 0, 0, 0, 0, 0, 0, 0, 0, 0, 0, 0, 0, 0, 0, 0, 0, 0, 0, 0, 0, 0, 4, 16, 9, 29, 29, 16, 9, 29, 29, 9, 16, 9, 29, 29, )
time 102 = 142 us
loop counter = (1, 1, 1, 2, 4, 4, 16, 10, 2, 16, 6, 4, 2, 6, 4, 2, 2, 4, 2, 4, 2, 4, 0, 0, 0, 0, 0, 0, 0, 0, 0, 0, 0, 0, 0, 0, 0, 0, 0, 0, 0, 0, 0, 0, 0, 0, 0, 0, 0, 0, 0, 0, 0, 0, 0, 0, 0, 0, 0, 0, 0, 0, 0, 0, 0, 0, 0, 0, 0, 0, 0, 0, 0, 0, 0, 0, 0, 0, 0, 0, 4, 16, 8, 29, 29, 16, 8, 29, 29, 8, 16, 8, 29, 29, )
time 103 = 198 us
loop counter = (0, 0, 0, 0, 0, 0, 0, 0, 0, 0, 0, 0, 0, 0, 0, 0, 0, 0, 0, 0, 0, 0, 1, 1, 1, 2, 4, 2, 4, 2, 4, 4, 16, 9, 0, 18, 5, 5, 4, 9, 9, 0, 2, 4, 0, 0, 0, 0, 0, 0, 0, 0, 0, 0, 0, 0, 0, 0, 0, 0, 0, 0, 0, 0, 0, 0, 0, 0, 0, 0, 0, 0, 0, 0, 0, 0, 0, 0, 0, 0, 4, 16, 9, 30, 30, 16, 9, 30, 30, 9, 16, 9, 30, 30, )
time 104 = 204 us
loop counter = (0, 0, 0, 0, 0, 0, 0, 0, 0, 0, 0, 0, 0, 0, 0, 0, 0, 0, 0, 0, 0, 0, 0, 0, 0, 0, 0, 0, 0, 0, 0, 0, 0, 0, 0, 0, 0, 0, 0, 0, 0, 0, 0, 0, 1, 1, 1, 4, 16, 10, 3, 9, 6, 4, 1, 4, 2, 2, 0, 0, 0, 0, 0, 0, 0, 0, 0, 0, 0, 0, 0, 0, 0, 0, 0, 0, 0, 0, 0, 0, 4, 16, 8, 29, 29, 16, 8, 29, 29, 8, 16, 8, 29, 29, )
time 105 = 143 us
loop counter = (0, 0, 0, 0, 0, 0, 0, 0, 0, 0, 0, 0, 0, 0, 0, 0, 0, 0, 0, 0, 0, 0, 0, 0, 0, 0, 0, 0, 0, 0, 0, 0, 0, 0, 0, 0, 0, 0, 0, 0, 0, 0, 0, 0, 0, 0, 0, 0, 0, 0, 0, 0, 0, 0, 0, 0, 0, 0, 1, 1, 1, 2, 4, 2, 4, 4, 16, 9, 1, 12, 5, 5, 3, 5, 5, 0, 2, 4, 2, 4, 4, 16, 9, 30, 30, 16, 9, 30, 30, 9, 16, 9, 30, 30, )
time 106 = 147 us
loop counter = (0, 0, 0, 0, 0, 0, 0, 0, 0, 0, 0, 0, 0, 0, 0, 0, 0, 0, 0, 0, 0, 0, 1, 1, 1, 2, 4, 2, 4, 2, 4, 4, 16, 10, 3, 7, 6, 6, 1, 1, 1, 0, 2, 4, 0, 0, 0, 0, 0, 0, 0, 0, 0, 0, 0, 0, 0, 0, 0, 0, 0, 0, 0, 0, 0, 0, 0, 0, 0, 0, 0, 0, 0, 0, 0, 0, 0, 0, 0, 0, 4, 16, 10, 31, 31, 16, 10, 31, 31, 10, 16, 10, 31, 31, )
time 107 = 217 us
loop counter = (1, 1, 1, 2, 4, 4, 16, 11, 2, 15, 7, 7, 2, 6, 6, 0, 2, 4, 2, 4, 2, 4, 0, 0, 0, 0, 0, 0, 0, 0, 0, 0, 0, 0, 0, 0, 0, 0, 0, 0, 0, 0, 0, 0, 0, 0, 0, 0, 0, 0, 0, 0, 0, 0, 0, 0, 0, 0, 0, 0, 0, 0, 0, 0, 0, 0, 0, 0, 0, 0, 0, 0, 0, 0, 0, 0, 0, 0, 0, 0, 4, 16, 11, 32, 32, 16, 11, 32, 32, 11, 16, 11, 32, 32, )
time 108 = 144 us
loop counter = (0, 0, 0, 0, 0, 0, 0, 0, 0, 0, 0, 0, 0, 0, 0, 0, 0, 0, 0, 0, 0, 0, 0, 0, 0, 0, 0, 0, 0, 0, 0, 0, 0, 0, 0, 0, 0, 0, 0, 0, 0, 0, 0, 0, 1, 1, 1, 4, 16, 12, 2, 14, 7, 6, 3, 6, 5, 1, 0, 0, 0, 0, 0, 0, 0, 0, 0, 0, 0, 0, 0, 0, 0, 0, 0, 0, 0, 0, 0, 0, 4, 16, 11, 34, 34, 16, 11, 34, 34, 11, 16, 11, 34, 34, )
time 109 = 142 us
loop counter = (0, 0, 0, 0, 0, 0, 0, 0, 0, 0, 0, 0, 0, 0, 0, 0, 0, 0, 0, 0, 0, 0, 0, 0, 0, 0, 0, 0, 0, 0, 0, 0, 0, 0, 0, 0, 0, 0, 0, 0, 0, 0, 0, 0, 0, 0, 0, 0, 0, 0, 0, 0, 0, 0, 0, 0, 0, 0, 1, 1, 1, 2, 4, 2, 4, 4, 16, 12, 2, 16, 8, 8, 2, 7, 7, 0, 2, 4, 2, 4, 4, 16, 12, 35, 35, 16, 12, 35, 35, 12, 16, 12, 35, 35, )
time 110 = 206 us
loop counter = (0, 0, 0, 0, 0, 0, 0, 0, 0, 0, 0, 0, 0, 0, 0, 0, 0, 0, 0, 0, 0, 0, 1, 1, 1, 2, 4, 2, 4, 2, 4, 4, 16, 13, 2, 15, 9, 9, 2, 5, 5, 0, 2, 4, 0, 0, 0, 0, 0, 0, 0, 0, 0, 0, 0, 0, 0, 0, 0, 0, 0, 0, 0, 0, 0, 0, 0, 0, 0, 0, 0, 0, 0, 0, 0, 0, 0, 0, 0, 0, 4, 16, 13, 36, 36, 16, 13, 36, 36, 13, 16, 13, 36, 36, )
time 111 = 207 us
loop counter = (0, 0, 0, 0, 0, 0, 0, 0, 0, 0, 0, 0, 0, 0, 0, 0, 0, 0, 0, 0, 0, 0, 0, 0, 0, 0, 0, 0, 0, 0, 0, 0, 0, 0, 0, 0, 0, 0, 0, 0, 0, 0, 0, 0, 1, 1, 1, 4, 16, 14, 2, 16, 9, 8, 3, 6, 5, 1, 0, 0, 0, 0, 0, 0, 0, 0, 0, 0, 0, 0, 0, 0, 0, 0, 0, 0, 0, 0, 0, 0, 4, 16, 13, 33, 33, 16, 13, 33, 33, 13, 16, 13, 33, 33, )
time 112 = 208 us
loop counter = (1, 1, 1, 2, 4, 4, 16, 14, 3, 15, 9, 8, 2, 5, 4, 1, 2, 4, 2, 4, 2, 4, 0, 0, 0, 0, 0, 0, 0, 0, 0, 0, 0, 0, 0, 0, 0, 0, 0, 0, 0, 0, 0, 0, 0, 0, 0, 0, 0, 0, 0, 0, 0, 0, 0, 0, 0, 0, 0, 0, 0, 0, 0, 0, 0, 0, 0, 0, 0, 0, 0, 0, 0, 0, 0, 0, 0, 0, 0, 0, 4, 16, 13, 34, 34, 16, 13, 34, 34, 13, 16, 13, 34, 34, )
time 113 = 208 us
loop counter = (0, 0, 0, 0, 0, 0, 0, 0, 0, 0, 0, 0, 0, 0, 0, 0, 0, 0, 0, 0, 0, 0, 0, 0, 0, 0, 0, 0, 0, 0, 0, 0, 0, 0, 0, 0, 0, 0, 0, 0, 0, 0, 0, 0, 0, 0, 0, 0, 0, 0, 0, 0, 0, 0, 0, 0, 0, 0, 1, 1, 1, 2, 4, 2, 4, 4, 16, 14, 4, 14, 8, 6, 2, 8, 6, 2, 2, 4, 2, 4, 4, 16, 12, 32, 32, 16, 12, 32, 32, 12, 16, 12, 32, 32, )
time 114 = 146 us
loop counter = (0, 0, 0, 0, 0, 0, 0, 0, 0, 0, 0, 0, 0, 0, 0, 0, 0, 0, 0, 0, 0, 0, 1, 1, 1, 2, 4, 2, 4, 2, 4, 4, 16, 13, 3, 12, 8, 7, 2, 4, 3, 1, 2, 4, 0, 0, 0, 0, 0, 0, 0, 0, 0, 0, 0, 0, 0, 0, 0, 0, 0, 0, 0, 0, 0, 0, 0, 0, 0, 0, 0, 0, 0, 0, 0, 0, 0, 0, 0, 0, 4, 16, 12, 33, 33, 16, 12, 33, 33, 12, 16, 12, 33, 33, )
time 115 = 207 us
loop counter = (0, 0, 0, 0, 0, 0, 0, 0, 0, 0, 0, 0, 0, 0, 0, 0, 0, 0, 0, 0, 0, 0, 0, 0, 0, 0, 0, 0, 0, 0, 0, 0, 0, 0, 0, 0, 0, 0, 0, 0, 0, 0, 0, 0, 1, 1, 1, 4, 16, 13, 2, 15, 8, 7, 3, 8, 7, 1, 0, 0, 0, 0, 0, 0, 0, 0, 0, 0, 0, 0, 0, 0, 0, 0, 0, 0, 0, 0, 0, 0, 4, 16, 12, 34, 34, 16, 12, 34, 34, 12, 16, 12, 34, 34, )
time 116 = 145 us
loop counter = (1, 1, 1, 2, 4, 4, 16, 13, 3, 13, 8, 7, 2, 4, 3, 1, 2, 4, 2, 4, 2, 4, 0, 0, 0, 0, 0, 0, 0, 0, 0, 0, 0, 0, 0, 0, 0, 0, 0, 0, 0, 0, 0, 0, 0, 0, 0, 0, 0, 0, 0, 0, 0, 0, 0, 0, 0, 0, 0, 0, 0, 0, 0, 0, 0, 0, 0, 0, 0, 0, 0, 0, 0, 0, 0, 0, 0, 0, 0, 0, 4, 16, 12, 35, 35, 16, 12, 35, 35, 12, 16, 12, 35, 35, )
time 117 = 145 us
loop counter = (0, 0, 0, 0, 0, 0, 0, 0, 0, 0, 0, 0, 0, 0, 0, 0, 0, 0, 0, 0, 0, 0, 0, 0, 0, 0, 0, 0, 0, 0, 0, 0, 0, 0, 0, 0, 0, 0, 0, 0, 0, 0, 0, 0, 1, 1, 1, 4, 16, 13, 4, 9, 9, 8, 0, 1, 0, 1, 0, 0, 0, 0, 0, 0, 0, 0, 0, 0, 0, 0, 0, 0, 0, 0, 0, 0, 0, 0, 0, 0, 4, 16, 12, 35, 35, 16, 12, 35, 35, 12, 16, 12, 35, 35, )
time 118 = 206 us
loop counter = (0, 0, 0, 0, 0, 0, 0, 0, 0, 0, 0, 0, 0, 0, 0, 0, 0, 0, 0, 0, 0, 0, 1, 1, 1, 2, 4, 2, 4, 2, 4, 4, 16, 13, 3, 13, 9, 8, 1, 4, 3, 1, 2, 4, 0, 0, 0, 0, 0, 0, 0, 0, 0, 0, 0, 0, 0, 0, 0, 0, 0, 0, 0, 0, 0, 0, 0, 0, 0, 0, 0, 0, 0, 0, 0, 0, 0, 0, 0, 0, 4, 16, 12, 36, 36, 16, 12, 36, 36, 12, 16, 12, 36, 36, )
time 119 = 154 us
loop counter = (0, 0, 0, 0, 0, 0, 0, 0, 0, 0, 0, 0, 0, 0, 0, 0, 0, 0, 0, 0, 0, 0, 0, 0, 0, 0, 0, 0, 0, 0, 0, 0, 0, 0, 0, 0, 0, 0, 0, 0, 0, 0, 0, 0, 0, 0, 0, 0, 0, 0, 0, 0, 0, 0, 0, 0, 0, 0, 1, 1, 1, 2, 4, 2, 4, 4, 16, 13, 1, 18, 9, 9, 3, 9, 9, 0, 2, 4, 2, 4, 4, 16, 13, 37, 37, 16, 13, 37, 37, 13, 16, 13, 37, 37, )
time 120 = 138 us
loop counter = (1, 1, 1, 2, 4, 4, 16, 14, 4, 12, 10, 7, 0, 3, 0, 3, 2, 4, 2, 4, 2, 4, 0, 0, 0, 0, 0, 0, 0, 0, 0, 0, 0, 0, 0, 0, 0, 0, 0, 0, 0, 0, 0, 0, 0, 0, 0, 0, 0, 0, 0, 0, 0, 0, 0, 0, 0, 0, 0, 0, 0, 0, 0, 0, 0, 0, 0, 0, 0, 0, 0, 0, 0, 0, 0, 0, 0, 0, 0, 0, 4, 16, 11, 36, 36, 16, 11, 36, 36, 11, 16, 11, 36, 36, )
time 121 = 143 us
loop counter = (0, 0, 0, 0, 0, 0, 0, 0, 0, 0, 0, 0, 0, 0, 0, 0, 0, 0, 0, 0, 0, 0, 1, 1, 1, 2, 4, 2, 4, 2, 4, 4, 16, 12, 2, 16, 7, 6, 3, 7, 6, 1, 2, 4, 0, 0, 0, 0, 0, 0, 0, 0, 0, 0, 0, 0, 0, 0, 0, 0, 0, 0, 0, 0, 0, 0, 0, 0, 0, 0, 0, 0, 0, 0, 0, 0, 0, 0, 0, 0, 4, 16, 11, 35, 35, 16, 11, 35, 35, 11, 16, 11, 35, 35, )
time 122 = 143 us
loop counter = (0, 0, 0, 0, 0, 0, 0, 0, 0, 0, 0, 0, 0, 0, 0, 0, 0, 0, 0, 0, 0, 0, 0, 0, 0, 0, 0, 0, 0, 0, 0, 0, 0, 0, 0, 0, 0, 0, 0, 0, 0, 0, 0, 0, 1, 1, 1, 4, 16, 12, 2, 14, 7, 5, 3, 7, 5, 2, 0, 0, 0, 0, 0, 0, 0, 0, 0, 0, 0, 0, 0, 0, 0, 0, 0, 0, 0, 0, 0, 0, 4, 16, 10, 28, 28, 16, 10, 28, 28, 10, 16, 10, 28, 28, )
time 123 = 196 us
loop counter = (0, 0, 0, 0, 0, 0, 0, 0, 0, 0, 0, 0, 0, 0, 0, 0, 0, 0, 0, 0, 0, 0, 0, 0, 0, 0, 0, 0, 0, 0, 0, 0, 0, 0, 0, 0, 0, 0, 0, 0, 0, 0, 0, 0, 0, 0, 0, 0, 0, 0, 0, 0, 0, 0, 0, 0, 0, 0, 1, 1, 1, 2, 4, 2, 4, 4, 16, 11, 1, 18, 7, 7, 3, 7, 7, 0, 2, 4, 2, 4, 4, 16, 11, 29, 29, 16, 11, 29, 29, 11, 16, 11, 29, 29, )
time 124 = 206 us
loop counter = (1, 1, 1, 2, 4, 4, 16, 12, 2, 14, 8, 7, 2, 5, 4, 1, 2, 4, 2, 4, 2, 4, 0, 0, 0, 0, 0, 0, 0, 0, 0, 0, 0, 0, 0, 0, 0, 0, 0, 0, 0, 0, 0, 0, 0, 0, 0, 0, 0, 0, 0, 0, 0, 0, 0, 0, 0, 0, 0, 0, 0, 0, 0, 0, 0, 0, 0, 0, 0, 0, 0, 0, 0, 0, 0, 0, 0, 0, 0, 0, 4, 16, 11, 30, 30, 16, 11, 30, 30, 11, 16, 11, 30, 30, )
time 125 = 97 us
loop counter = (0, 0, 0, 0, 0, 0, 0, 0, 0, 0, 0, 0, 0, 0, 0, 0, 0, 0, 0, 0, 0, 0, 1, 1, 1, 2, 4, 2, 4, 2, 4, 4, 16, 12, 2, 14, 8, 8, 2, 4, 4, 0, 2, 4, 0, 0, 0, 0, 0, 0, 0, 0, 0, 0, 0, 0, 0, 0, 0, 0, 0, 0, 0, 0, 0, 0, 0, 0, 0, 0, 0, 0, 0, 0, 0, 0, 0, 0, 0, 0, 4, 16, 12, 31, 31, 16, 12, 31, 31, 12, 16, 12, 31, 31, )
time 126 = 144 us
loop counter = (0, 0, 0, 0, 0, 0, 0, 0, 0, 0, 0, 0, 0, 0, 0, 0, 0, 0, 0, 0, 0, 0, 0, 0, 0, 0, 0, 0, 0, 0, 0, 0, 0, 0, 0, 0, 0, 0, 0, 0, 0, 0, 0, 0, 1, 1, 1, 4, 16, 13, 1, 18, 8, 7, 4, 9, 8, 1, 0, 0, 0, 0, 0, 0, 0, 0, 0, 0, 0, 0, 0, 0, 0, 0, 0, 0, 0, 0, 0, 0, 4, 16, 12, 32, 32, 16, 12, 32, 32, 12, 16, 12, 32, 32, )
time 127 = 145 us
loop counter = (0, 0, 0, 0, 0, 0, 0, 0, 0, 0, 0, 0, 0, 0, 0, 0, 0, 0, 0, 0, 0, 0, 0, 0, 0, 0, 0, 0, 0, 0, 0, 0, 0, 0, 0, 0, 0, 0, 0, 0, 0, 0, 0, 0, 0, 0, 0, 0, 0, 0, 0, 0, 0, 0, 0, 0, 0, 0, 1, 1, 1, 2, 4, 2, 4, 4, 16, 13, 2, 17, 9, 9, 2, 8, 8, 0, 2, 4, 2, 4, 4, 16, 13, 33, 33, 16, 13, 33, 33, 13, 16, 13, 33, 33, )
time 128 = 143 us
loop counter = (1, 1, 1, 2, 4, 4, 16, 14, 3, 14, 8, 5, 3, 7, 4, 3, 2, 4, 2, 4, 2, 4, 0, 0, 0, 0, 0, 0, 0, 0, 0, 0, 0, 0, 0, 0, 0, 0, 0, 0, 0, 0, 0, 0, 0, 0, 0, 0, 0, 0, 0, 0, 0, 0, 0, 0, 0, 0, 0, 0, 0, 0, 0, 0, 0, 0, 0, 0, 0, 0, 0, 0, 0, 0, 0, 0, 0, 0, 0, 0, 4, 16, 11, 33, 33, 16, 11, 33, 33, 11, 16, 11, 33, 33, )
time 129 = 206 us
loop counter = (0, 0, 0, 0, 0, 0, 0, 0, 0, 0, 0, 0, 0, 0, 0, 0, 0, 0, 0, 0, 0, 0, 0, 0, 0, 0, 0, 0, 0, 0, 0, 0, 0, 0, 0, 0, 0, 0, 0, 0, 0, 0, 0, 0, 1, 1, 1, 4, 16, 12, 2, 13, 8, 8, 2, 4, 4, 0, 0, 0, 0, 0, 0, 0, 0, 0, 0, 0, 0, 0, 0, 0, 0, 0, 0, 0, 0, 0, 0, 0, 4, 16, 12, 34, 34, 16, 12, 34, 34, 12, 16, 12, 34, 34, )
time 130 = 144 us
loop counter = (0, 0, 0, 0, 0, 0, 0, 0, 0, 0, 0, 0, 0, 0, 0, 0, 0, 0, 0, 0, 0, 0, 1, 1, 1, 2, 4, 2, 4, 2, 4, 4, 16, 13, 2, 15, 9, 9, 2, 5, 5, 0, 2, 4, 0, 0, 0, 0, 0, 0, 0, 0, 0, 0, 0, 0, 0, 0, 0, 0, 0, 0, 0, 0, 0, 0, 0, 0, 0, 0, 0, 0, 0, 0, 0, 0, 0, 0, 0, 0, 4, 16, 13, 35, 35, 16, 13, 35, 35, 13, 16, 13, 35, 35, )
time 131 = 144 us
loop counter = (0, 0, 0, 0, 0, 0, 0, 0, 0, 0, 0, 0, 0, 0, 0, 0, 0, 0, 0, 0, 0, 0, 0, 0, 0, 0, 0, 0, 0, 0, 0, 0, 0, 0, 0, 0, 0, 0, 0, 0, 0, 0, 0, 0, 0, 0, 0, 0, 0, 0, 0, 0, 0, 0, 0, 0, 0, 0, 1, 1, 1, 2, 4, 2, 4, 4, 16, 14, 2, 17, 9, 7, 3, 9, 7, 2, 2, 4, 2, 4, 4, 16, 12, 36, 36, 16, 12, 36, 36, 12, 16, 12, 36, 36, )
time 132 = 207 us
loop counter = (1, 1, 1, 2, 4, 4, 16, 13, 3, 11, 8, 7, 2, 3, 2, 1, 2, 4, 2, 4, 2, 4, 0, 0, 0, 0, 0, 0, 0, 0, 0, 0, 0, 0, 0, 0, 0, 0, 0, 0, 0, 0, 0, 0, 0, 0, 0, 0, 0, 0, 0, 0, 0, 0, 0, 0, 0, 0, 0, 0, 0, 0, 0, 0, 0, 0, 0, 0, 0, 0, 0, 0, 0, 0, 0, 0, 0, 0, 0, 0, 4, 16, 12, 36, 36, 16, 12, 36, 36, 12, 16, 12, 36, 36, )
time 133 = 206 us
loop counter = (0, 0, 0, 0, 0, 0, 0, 0, 0, 0, 0, 0, 0, 0, 0, 0, 0, 0, 0, 0, 0, 0, 1, 1, 1, 2, 4, 2, 4, 2, 4, 4, 16, 13, 2, 16, 9, 7, 2, 5, 3, 2, 2, 4, 0, 0, 0, 0, 0, 0, 0, 0, 0, 0, 0, 0, 0, 0, 0, 0, 0, 0, 0, 0, 0, 0, 0, 0, 0, 0, 0, 0, 0, 0, 0, 0, 0, 0, 0, 0, 4, 16, 11, 35, 35, 16, 11, 35, 35, 11, 16, 11, 35, 35, )
time 134 = 155 us
loop counter = (0, 0, 0, 0, 0, 0, 0, 0, 0, 0, 0, 0, 0, 0, 0, 0, 0, 0, 0, 0, 0, 0, 0, 0, 0, 0, 0, 0, 0, 0, 0, 0, 0, 0, 0, 0, 0, 0, 0, 0, 0, 0, 0, 0, 1, 1, 1, 4, 16, 12, 1, 16, 8, 7, 3, 8, 7, 1, 0, 0, 0, 0, 0, 0, 0, 0, 0, 0, 0, 0, 0, 0, 0, 0, 0, 0, 0, 0, 0, 0, 4, 16, 11, 36, 36, 16, 11, 36, 36, 11, 16, 11, 36, 36, )
time 135 = 204 us
loop counter = (0, 0, 0, 0, 0, 0, 0, 0, 0, 0, 0, 0, 0, 0, 0, 0, 0, 0, 0, 0, 0, 0, 0, 0, 0, 0, 0, 0, 0, 0, 0, 0, 0, 0, 0, 0, 0, 0, 0, 0, 0, 0, 0, 0, 0, 0, 0, 0, 0, 0, 0, 0, 0, 0, 0, 0, 0, 0, 1, 1, 1, 2, 4, 2, 4, 4, 16, 12, 2, 17, 8, 8, 2, 7, 7, 0, 2, 4, 2, 4, 4, 16, 12, 37, 37, 16, 12, 37, 37, 12, 16, 12, 37, 37, )
time 136 = 205 us
loop counter = (0, 0, 0, 0, 0, 0, 0, 0, 0, 0, 0, 0, 0, 0, 0, 0, 0, 0, 0, 0, 0, 0, 0, 0, 0, 0, 0, 0, 0, 0, 0, 0, 0, 0, 0, 0, 0, 0, 0, 0, 0, 0, 0, 0, 1, 1, 1, 4, 16, 13, 2, 17, 8, 7, 3, 8, 7, 1, 0, 0, 0, 0, 0, 0, 0, 0, 0, 0, 0, 0, 0, 0, 0, 0, 0, 0, 0, 0, 0, 0, 4, 16, 12, 38, 38, 16, 12, 38, 38, 12, 16, 12, 38, 38, )
time 137 = 94 us
loop counter = (1, 1, 1, 2, 4, 4, 16, 13, 4, 13, 9, 9, 0, 3, 3, 0, 2, 4, 2, 4, 2, 4, 0, 0, 0, 0, 0, 0, 0, 0, 0, 0, 0, 0, 0, 0, 0, 0, 0, 0, 0, 0, 0, 0, 0, 0, 0, 0, 0, 0, 0, 0, 0, 0, 0, 0, 0, 0, 0, 0, 0, 0, 0, 0, 0, 0, 0, 0, 0, 0, 0, 0, 0, 0, 0, 0, 0, 0, 0, 0, 4, 16, 13, 39, 39, 16, 13, 39, 39, 13, 16, 13, 39, 39, )
time 138 = 200 us
loop counter = (0, 0, 0, 0, 0, 0, 0, 0, 0, 0, 0, 0, 0, 0, 0, 0, 0, 0, 0, 0, 0, 0, 0, 0, 0, 0, 0, 0, 0, 0, 0, 0, 0, 0, 0, 0, 0, 0, 0, 0, 0, 0, 0, 0, 0, 0, 0, 0, 0, 0, 0, 0, 0, 0, 0, 0, 0, 0, 1, 1, 1, 2, 4, 2, 4, 4, 16, 14, 2, 17, 9, 8, 3, 9, 8, 1, 2, 4, 2, 4, 4, 16, 13, 40, 40, 16, 13, 40, 40, 13, 16, 13, 40, 40, )
time 139 = 144 us
loop counter = (0, 0, 0, 0, 0, 0, 0, 0, 0, 0, 0, 0, 0, 0, 0, 0, 0, 0, 0, 0, 0, 0, 0, 0, 0, 0, 0, 0, 0, 0, 0, 0, 0, 0, 0, 0, 0, 0, 0, 0, 0, 0, 0, 0, 1, 1, 1, 4, 16, 14, 2, 16, 10, 10, 2, 6, 6, 0, 0, 0, 0, 0, 0, 0, 0, 0, 0, 0, 0, 0, 0, 0, 0, 0, 0, 0, 0, 0, 0, 0, 4, 16, 14, 41, 41, 16, 14, 41, 41, 14, 16, 14, 41, 41, )
time 140 = 203 us
loop counter = (0, 0, 0, 0, 0, 0, 0, 0, 0, 0, 0, 0, 0, 0, 0, 0, 0, 0, 0, 0, 0, 0, 1, 1, 1, 2, 4, 2, 4, 2, 4, 4, 16, 15, 4, 13, 11, 9, 0, 3, 1, 2, 2, 4, 0, 0, 0, 0, 0, 0, 0, 0, 0, 0, 0, 0, 0, 0, 0, 0, 0, 0, 0, 0, 0, 0, 0, 0, 0, 0, 0, 0, 0, 0, 0, 0, 0, 0, 0, 0, 4, 16, 13, 40, 40, 16, 13, 40, 40, 13, 16, 13, 40, 40, )
time 141 = 208 us
loop counter = (1, 1, 1, 2, 4, 4, 16, 14, 3, 14, 10, 10, 1, 2, 2, 0, 2, 4, 2, 4, 2, 4, 0, 0, 0, 0, 0, 0, 0, 0, 0, 0, 0, 0, 0, 0, 0, 0, 0, 0, 0, 0, 0, 0, 0, 0, 0, 0, 0, 0, 0, 0, 0, 0, 0, 0, 0, 0, 0, 0, 0, 0, 0, 0, 0, 0, 0, 0, 0, 0, 0, 0, 0, 0, 0, 0, 0, 0, 0, 0, 4, 16, 14, 41, 41, 16, 14, 41, 41, 14, 16, 14, 41, 41, )
time 142 = 208 us
loop counter = (0, 0, 0, 0, 0, 0, 0, 0, 0, 0, 0, 0, 0, 0, 0, 0, 0, 0, 0, 0, 0, 0, 0, 0, 0, 0, 0, 0, 0, 0, 0, 0, 0, 0, 0, 0, 0, 0, 0, 0, 0, 0, 0, 0, 0, 0, 0, 0, 0, 0, 0, 0, 0, 0, 0, 0, 0, 0, 1, 1, 1, 2, 4, 2, 4, 4, 16, 15, 3, 15, 10, 7, 2, 7, 4, 3, 2, 4, 2, 4, 4, 16, 12, 38, 38, 16, 12, 38, 38, 12, 16, 12, 38, 38, )
time 143 = 206 us
loop counter = (0, 0, 0, 0, 0, 0, 0, 0, 0, 0, 0, 0, 0, 0, 0, 0, 0, 0, 0, 0, 0, 0, 0, 0, 0, 0, 0, 0, 0, 0, 0, 0, 0, 0, 0, 0, 0, 0, 0, 0, 0, 0, 0, 0, 1, 1, 1, 4, 16, 13, 2, 16, 8, 7, 3, 5, 4, 1, 0, 0, 0, 0, 0, 0, 0, 0, 0, 0, 0, 0, 0, 0, 0, 0, 0, 0, 0, 0, 0, 0, 4, 16, 12, 36, 36, 16, 12, 36, 36, 12, 16, 12, 36, 36, )
time 144 = 205 us
loop counter = (0, 0, 0, 0, 0, 0, 0, 0, 0, 0, 0, 0, 0, 0, 0, 0, 0, 0, 0, 0, 0, 0, 1, 1, 1, 2, 4, 2, 4, 2, 4, 4, 16, 13, 4, 10, 8, 7, 1, 2, 1, 1, 2, 4, 0, 0, 0, 0, 0, 0, 0, 0, 0, 0, 0, 0, 0, 0, 0, 0, 0, 0, 0, 0, 0, 0, 0, 0, 0, 0, 0, 0, 0, 0, 0, 0, 0, 0, 0, 0, 4, 16, 12, 37, 37, 16, 12, 37, 37, 12, 16, 12, 37, 37, )
time 145 = 207 us
loop counter = (1, 1, 1, 2, 4, 4, 16, 13, 3, 15, 8, 7, 2, 4, 3, 1, 2, 4, 2, 4, 2, 4, 0, 0, 0, 0, 0, 0, 0, 0, 0, 0, 0, 0, 0, 0, 0, 0, 0, 0, 0, 0, 0, 0, 0, 0, 0, 0, 0, 0, 0, 0, 0, 0, 0, 0, 0, 0, 0, 0, 0, 0, 0, 0, 0, 0, 0, 0, 0, 0, 0, 0, 0, 0, 0, 0, 0, 0, 0, 0, 4, 16, 12, 38, 38, 16, 12, 38, 38, 12, 16, 12, 38, 38, )
time 146 = 146 us
loop counter = (0, 0, 0, 0, 0, 0, 0, 0, 0, 0, 0, 0, 0, 0, 0, 0, 0, 0, 0, 0, 0, 0, 0, 0, 0, 0, 0, 0, 0, 0, 0, 0, 0, 0, 0, 0, 0, 0, 0, 0, 0, 0, 0, 0, 0, 0, 0, 0, 0, 0, 0, 0, 0, 0, 0, 0, 0, 0, 1, 1, 1, 2, 4, 2, 4, 4, 16, 13, 2, 16, 9, 9, 2, 5, 5, 0, 2, 4, 2, 4, 4, 16, 13, 39, 39, 16, 13, 39, 39, 13, 16, 13, 39, 39, )
time 147 = 142 us
loop counter = (0, 0, 0, 0, 0, 0, 0, 0, 0, 0, 0, 0, 0, 0, 0, 0, 0, 0, 0, 0, 0, 0, 0, 0, 0, 0, 0, 0, 0, 0, 0, 0, 0, 0, 0, 0, 0, 0, 0, 0, 0, 0, 0, 0, 1, 1, 1, 4, 16, 14, 3, 14, 10, 10, 1, 2, 2, 0, 0, 0, 0, 0, 0, 0, 0, 0, 0, 0, 0, 0, 0, 0, 0, 0, 0, 0, 0, 0, 0, 0, 4, 16, 14, 40, 40, 16, 14, 40, 40, 14, 16, 14, 40, 40, )
time 148 = 202 us
loop counter = (0, 0, 0, 0, 0, 0, 0, 0, 0, 0, 0, 0, 0, 0, 0, 0, 0, 0, 0, 0, 0, 0, 1, 1, 1, 2, 4, 2, 4, 2, 4, 4, 16, 15, 3, 16, 9, 6, 3, 9, 6, 3, 2, 4, 0, 0, 0, 0, 0, 0, 0, 0, 0, 0, 0, 0, 0, 0, 0, 0, 0, 0, 0, 0, 0, 0, 0, 0, 0, 0, 0, 0, 0, 0, 0, 0, 0, 0, 0, 0, 4, 16, 12, 40, 40, 16, 12, 40, 40, 12, 16, 12, 40, 40, )
time 149 = 146 us
loop counter = (1, 1, 1, 2, 4, 4, 16, 13, 2, 16, 9, 9, 2, 5, 5, 0, 2, 4, 2, 4, 2, 4, 0, 0, 0, 0, 0, 0, 0, 0, 0, 0, 0, 0, 0, 0, 0, 0, 0, 0, 0, 0, 0, 0, 0, 0, 0, 0, 0, 0, 0, 0, 0, 0, 0, 0, 0, 0, 0, 0, 0, 0, 0, 0, 0, 0, 0, 0, 0, 0, 0, 0, 0, 0, 0, 0, 0, 0, 0, 0, 4, 16, 13, 41, 41, 16, 13, 41, 41, 13, 16, 13, 41, 41, )
time 150 = 207 us
loop counter = (0, 0, 0, 0, 0, 0, 0, 0, 0, 0, 0, 0, 0, 0, 0, 0, 0, 0, 0, 0, 0, 0, 0, 0, 0, 0, 0, 0, 0, 0, 0, 0, 0, 0, 0, 0, 0, 0, 0, 0, 0, 0, 0, 0, 0, 0, 0, 0, 0, 0, 0, 0, 0, 0, 0, 0, 0, 0, 1, 1, 1, 2, 4, 2, 4, 4, 16, 14, 3, 15, 9, 7, 2, 5, 3, 2, 2, 4, 2, 4, 4, 16, 12, 39, 39, 16, 12, 39, 39, 12, 16, 12, 39, 39, )
time 151 = 96 us
loop counter = (0, 0, 0, 0, 0, 0, 0, 0, 0, 0, 0, 0, 0, 0, 0, 0, 0, 0, 0, 0, 0, 0, 0, 0, 0, 0, 0, 0, 0, 0, 0, 0, 0, 0, 0, 0, 0, 0, 0, 0, 0, 0, 0, 0, 1, 1, 1, 4, 16, 13, 2, 15, 9, 8, 2, 5, 4, 1, 0, 0, 0, 0, 0, 0, 0, 0, 0, 0, 0, 0, 0, 0, 0, 0, 0, 0, 0, 0, 0, 0, 4, 16, 12, 37, 37, 16, 12, 37, 37, 12, 16, 12, 37, 37, )
time 152 = 143 us
loop counter = (0, 0, 0, 0, 0, 0, 0, 0, 0, 0, 0, 0, 0, 0, 0, 0, 0, 0, 0, 0, 0, 0, 1, 1, 1, 2, 4, 2, 4, 2, 4, 4, 16, 13, 3, 11, 8, 7, 2, 4, 3, 1, 2, 4, 0, 0, 0, 0, 0, 0, 0, 0, 0, 0, 0, 0, 0, 0, 0, 0, 0, 0, 0, 0, 0, 0, 0, 0, 0, 0, 0, 0, 0, 0, 0, 0, 0, 0, 0, 0, 4, 16, 12, 38, 38, 16, 12, 38, 38, 12, 16, 12, 38, 38, )
time 153 = 139 us
loop counter = (1, 1, 1, 2, 4, 4, 16, 13, 2, 16, 9, 8, 2, 5, 4, 1, 2, 4, 2, 4, 2, 4, 0, 0, 0, 0, 0, 0, 0, 0, 0, 0, 0, 0, 0, 0, 0, 0, 0, 0, 0, 0, 0, 0, 0, 0, 0, 0, 0, 0, 0, 0, 0, 0, 0, 0, 0, 0, 0, 0, 0, 0, 0, 0, 0, 0, 0, 0, 0, 0, 0, 0, 0, 0, 0, 0, 0, 0, 0, 0, 4, 16, 12, 38, 38, 16, 12, 38, 38, 12, 16, 12, 38, 38, )
time 154 = 206 us
loop counter = (0, 0, 0, 0, 0, 0, 0, 0, 0, 0, 0, 0, 0, 0, 0, 0, 0, 0, 0, 0, 0, 0, 0, 0, 0, 0, 0, 0, 0, 0, 0, 0, 0, 0, 0, 0, 0, 0, 0, 0, 0, 0, 0, 0, 0, 0, 0, 0, 0, 0, 0, 0, 0, 0, 0, 0, 0, 0, 1, 1, 1, 2, 4, 2, 4, 4, 16, 13, 3, 15, 8, 7, 2, 6, 5, 1, 2, 4, 2, 4, 4, 16, 12, 35, 35, 16, 12, 35, 35, 12, 16, 12, 35, 35, )
time 155 = 136 us
loop counter = (0, 0, 0, 0, 0, 0, 0, 0, 0, 0, 0, 0, 0, 0, 0, 0, 0, 0, 0, 0, 0, 0, 1, 1, 1, 2, 4, 2, 4, 2, 4, 4, 16, 13, 3, 11, 9, 8, 1, 2, 1, 1, 2, 4, 0, 0, 0, 0, 0, 0, 0, 0, 0, 0, 0, 0, 0, 0, 0, 0, 0, 0, 0, 0, 0, 0, 0, 0, 0, 0, 0, 0, 0, 0, 0, 0, 0, 0, 0, 0, 4, 16, 12, 36, 36, 16, 12, 36, 36, 12, 16, 12, 36, 36, )
time 156 = 206 us
loop counter = (0, 0, 0, 0, 0, 0, 0, 0, 0, 0, 0, 0, 0, 0, 0, 0, 0, 0, 0, 0, 0, 0, 0, 0, 0, 0, 0, 0, 0, 0, 0, 0, 0, 0, 0, 0, 0, 0, 0, 0, 0, 0, 0, 0, 1, 1, 1, 4, 16, 13, 2, 17, 8, 7, 3, 10, 9, 1, 0, 0, 0, 0, 0, 0, 0, 0, 0, 0, 0, 0, 0, 0, 0, 0, 0, 0, 0, 0, 0, 0, 4, 16, 12, 38, 38, 16, 12, 38, 38, 12, 16, 12, 38, 38, )
time 157 = 207 us
loop counter = (1, 1, 1, 2, 4, 4, 16, 13, 3, 11, 8, 7, 2, 4, 3, 1, 2, 4, 2, 4, 2, 4, 0, 0, 0, 0, 0, 0, 0, 0, 0, 0, 0, 0, 0, 0, 0, 0, 0, 0, 0, 0, 0, 0, 0, 0, 0, 0, 0, 0, 0, 0, 0, 0, 0, 0, 0, 0, 0, 0, 0, 0, 0, 0, 0, 0, 0, 0, 0, 0, 0, 0, 0, 0, 0, 0, 0, 0, 0, 0, 4, 16, 12, 38, 38, 16, 12, 38, 38, 12, 16, 12, 38, 38, )
time 158 = 139 us
loop counter = (0, 0, 0, 0, 0, 0, 0, 0, 0, 0, 0, 0, 0, 0, 0, 0, 0, 0, 0, 0, 0, 0, 0, 0, 0, 0, 0, 0, 0, 0, 0, 0, 0, 0, 0, 0, 0, 0, 0, 0, 0, 0, 0, 0, 1, 1, 1, 4, 16, 13, 3, 11, 9, 7, 1, 4, 2, 2, 0, 0, 0, 0, 0, 0, 0, 0, 0, 0, 0, 0, 0, 0, 0, 0, 0, 0, 0, 0, 0, 0, 4, 16, 11, 39, 39, 16, 11, 39, 39, 11, 16, 11, 39, 39, )
time 159 = 204 us
loop counter = (0, 0, 0, 0, 0, 0, 0, 0, 0, 0, 0, 0, 0, 0, 0, 0, 0, 0, 0, 0, 0, 0, 1, 1, 1, 2, 4, 2, 4, 2, 4, 4, 16, 12, 3, 12, 7, 6, 2, 6, 5, 1, 2, 4, 0, 0, 0, 0, 0, 0, 0, 0, 0, 0, 0, 0, 0, 0, 0, 0, 0, 0, 0, 0, 0, 0, 0, 0, 0, 0, 0, 0, 0, 0, 0, 0, 0, 0, 0, 0, 4, 16, 11, 39, 39, 16, 11, 39, 39, 11, 16, 11, 39, 39, )
time 160 = 144 us
loop counter = (0, 0, 0, 0, 0, 0, 0, 0, 0, 0, 0, 0, 0, 0, 0, 0, 0, 0, 0, 0, 0, 0, 0, 0, 0, 0, 0, 0, 0, 0, 0, 0, 0, 0, 0, 0, 0, 0, 0, 0, 0, 0, 0, 0, 0, 0, 0, 0, 0, 0, 0, 0, 0, 0, 0, 0, 0, 0, 1, 1, 1, 2, 4, 2, 4, 4, 16, 12, 1, 18, 8, 7, 3, 9, 8, 1, 2, 4, 2, 4, 4, 16, 11, 38, 38, 16, 11, 38, 38, 11, 16, 11, 38, 38, )
time 161 = 205 us
loop counter = (1, 1, 1, 2, 4, 4, 16, 12, 3, 9, 9, 9, 0, 0, 0, 0, 2, 4, 2, 4, 2, 4, 0, 0, 0, 0, 0, 0, 0, 0, 0, 0, 0, 0, 0, 0, 0, 0, 0, 0, 0, 0, 0, 0, 0, 0, 0, 0, 0, 0, 0, 0, 0, 0, 0, 0, 0, 0, 0, 0, 0, 0, 0, 0, 0, 0, 0, 0, 0, 0, 0, 0, 0, 0, 0, 0, 0, 0, 0, 0, 4, 16, 12, 39, 39, 16, 12, 39, 39, 12, 16, 12, 39, 39, )
time 162 = 205 us
loop counter = (0, 0, 0, 0, 0, 0, 0, 0, 0, 0, 0, 0, 0, 0, 0, 0, 0, 0, 0, 0, 0, 0, 1, 1, 1, 2, 4, 2, 4, 2, 4, 4, 16, 12, 3, 9, 9, 9, 0, 0, 0, 0, 2, 4, 0, 0, 0, 0, 0, 0, 0, 0, 0, 0, 0, 0, 0, 0, 0, 0, 0, 0, 0, 0, 0, 0, 0, 0, 0, 0, 0, 0, 0, 0, 0, 0, 0, 0, 0, 0, 4, 16, 12, 39, 39, 16, 12, 39, 39, 12, 16, 12, 39, 39, )
time 163 = 134 us
loop counter = (0, 0, 0, 0, 0, 0, 0, 0, 0, 0, 0, 0, 0, 0, 0, 0, 0, 0, 0, 0, 0, 0, 0, 0, 0, 0, 0, 0, 0, 0, 0, 0, 0, 0, 0, 0, 0, 0, 0, 0, 0, 0, 0, 0, 1, 1, 1, 4, 16, 12, 0, 20, 7, 6, 5, 12, 11, 1, 0, 0, 0, 0, 0, 0, 0, 0, 0, 0, 0, 0, 0, 0, 0, 0, 0, 0, 0, 0, 0, 0, 4, 16, 11, 39, 39, 16, 11, 39, 39, 11, 16, 11, 39, 39, )
time 164 = 205 us
loop counter = (0, 0, 0, 0, 0, 0, 0, 0, 0, 0, 0, 0, 0, 0, 0, 0, 0, 0, 0, 0, 0, 0, 0, 0, 0, 0, 0, 0, 0, 0, 0, 0, 0, 0, 0, 0, 0, 0, 0, 0, 0, 0, 0, 0, 0, 0, 0, 0, 0, 0, 0, 0, 0, 0, 0, 0, 0, 0, 1, 1, 1, 2, 4, 2, 4, 4, 16, 12, 1, 18, 8, 8, 3, 8, 8, 0, 2, 4, 2, 4, 4, 16, 12, 40, 40, 16, 12, 40, 40, 12, 16, 12, 40, 40, )
time 165 = 205 us
loop counter = (0, 0, 0, 0, 0, 0, 0, 0, 0, 0, 0, 0, 0, 0, 0, 0, 0, 0, 0, 0, 0, 0, 1, 1, 1, 2, 4, 2, 4, 2, 4, 4, 16, 13, 3, 12, 7, 5, 3, 7, 5, 2, 2, 4, 0, 0, 0, 0, 0, 0, 0, 0, 0, 0, 0, 0, 0, 0, 0, 0, 0, 0, 0, 0, 0, 0, 0, 0, 0, 0, 0, 0, 0, 0, 0, 0, 0, 0, 0, 0, 4, 16, 11, 38, 38, 16, 11, 38, 38, 11, 16, 11, 38, 38, )
time 166 = 145 us
loop counter = (0, 0, 0, 0, 0, 0, 0, 0, 0, 0, 0, 0, 0, 0, 0, 0, 0, 0, 0, 0, 0, 0, 0, 0, 0, 0, 0, 0, 0, 0, 0, 0, 0, 0, 0, 0, 0, 0, 0, 0, 0, 0, 0, 0, 1, 1, 1, 4, 16, 12, 3, 13, 6, 3, 3, 8, 5, 3, 0, 0, 0, 0, 0, 0, 0, 0, 0, 0, 0, 0, 0, 0, 0, 0, 0, 0, 0, 0, 0, 0, 4, 16, 9, 32, 32, 16, 9, 32, 32, 9, 16, 9, 32, 32, )
time 167 = 95 us
loop counter = (1, 1, 1, 2, 4, 4, 16, 10, 2, 11, 5, 4, 3, 7, 6, 1, 2, 4, 2, 4, 2, 4, 0, 0, 0, 0, 0, 0, 0, 0, 0, 0, 0, 0, 0, 0, 0, 0, 0, 0, 0, 0, 0, 0, 0, 0, 0, 0, 0, 0, 0, 0, 0, 0, 0, 0, 0, 0, 0, 0, 0, 0, 0, 0, 0, 0, 0, 0, 0, 0, 0, 0, 0, 0, 0, 0, 0, 0, 0, 0, 4, 16, 9, 33, 33, 16, 9, 33, 33, 9, 16, 9, 33, 33, )
time 168 = 203 us
loop counter = (0, 0, 0, 0, 0, 0, 0, 0, 0, 0, 0, 0, 0, 0, 0, 0, 0, 0, 0, 0, 0, 0, 0, 0, 0, 0, 0, 0, 0, 0, 0, 0, 0, 0, 0, 0, 0, 0, 0, 0, 0, 0, 0, 0, 0, 0, 0, 0, 0, 0, 0, 0, 0, 0, 0, 0, 0, 0, 1, 1, 1, 2, 4, 2, 4, 4, 16, 10, 2, 13, 6, 6, 2, 5, 5, 0, 2, 4, 2, 4, 4, 16, 10, 34, 34, 16, 10, 34, 34, 10, 16, 10, 34, 34, )
time 169 = 200 us
loop counter = (0, 0, 0, 0, 0, 0, 0, 0, 0, 0, 0, 0, 0, 0, 0, 0, 0, 0, 0, 0, 0, 0, 1, 1, 1, 2, 4, 2, 4, 2, 4, 4, 16, 11, 2, 14, 7, 7, 2, 3, 3, 0, 2, 4, 0, 0, 0, 0, 0, 0, 0, 0, 0, 0, 0, 0, 0, 0, 0, 0, 0, 0, 0, 0, 0, 0, 0, 0, 0, 0, 0, 0, 0, 0, 0, 0, 0, 0, 0, 0, 4, 16, 11, 35, 35, 16, 11, 35, 35, 11, 16, 11, 35, 35, )
time 170 = 144 us
loop counter = (0, 0, 0, 0, 0, 0, 0, 0, 0, 0, 0, 0, 0, 0, 0, 0, 0, 0, 0, 0, 0, 0, 0, 0, 0, 0, 0, 0, 0, 0, 0, 0, 0, 0, 0, 0, 0, 0, 0, 0, 0, 0, 0, 0, 1, 1, 1, 4, 16, 12, 2, 17, 7, 5, 3, 7, 5, 2, 0, 0, 0, 0, 0, 0, 0, 0, 0, 0, 0, 0, 0, 0, 0, 0, 0, 0, 0, 0, 0, 0, 4, 16, 10, 35, 35, 16, 10, 35, 35, 10, 16, 10, 35, 35, )
time 171 = 216 us
loop counter = (1, 1, 1, 2, 4, 4, 16, 11, 2, 13, 7, 7, 2, 3, 3, 0, 2, 4, 2, 4, 2, 4, 0, 0, 0, 0, 0, 0, 0, 0, 0, 0, 0, 0, 0, 0, 0, 0, 0, 0, 0, 0, 0, 0, 0, 0, 0, 0, 0, 0, 0, 0, 0, 0, 0, 0, 0, 0, 0, 0, 0, 0, 0, 0, 0, 0, 0, 0, 0, 0, 0, 0, 0, 0, 0, 0, 0, 0, 0, 0, 4, 16, 11, 36, 36, 16, 11, 36, 36, 11, 16, 11, 36, 36, )
time 172 = 201 us
loop counter = (0, 0, 0, 0, 0, 0, 0, 0, 0, 0, 0, 0, 0, 0, 0, 0, 0, 0, 0, 0, 0, 0, 0, 0, 0, 0, 0, 0, 0, 0, 0, 0, 0, 0, 0, 0, 0, 0, 0, 0, 0, 0, 0, 0, 0, 0, 0, 0, 0, 0, 0, 0, 0, 0, 0, 0, 0, 0, 1, 1, 1, 2, 4, 2, 4, 4, 16, 12, 2, 17, 7, 6, 3, 7, 6, 1, 2, 4, 2, 4, 4, 16, 11, 37, 37, 16, 11, 37, 37, 11, 16, 11, 37, 37, )
time 173 = 145 us
loop counter = (0, 0, 0, 0, 0, 0, 0, 0, 0, 0, 0, 0, 0, 0, 0, 0, 0, 0, 0, 0, 0, 0, 0, 0, 0, 0, 0, 0, 0, 0, 0, 0, 0, 0, 0, 0, 0, 0, 0, 0, 0, 0, 0, 0, 1, 1, 1, 4, 16, 12, 2, 17, 8, 7, 2, 7, 6, 1, 0, 0, 0, 0, 0, 0, 0, 0, 0, 0, 0, 0, 0, 0, 0, 0, 0, 0, 0, 0, 0, 0, 4, 16, 11, 37, 37, 16, 11, 37, 37, 11, 16, 11, 37, 37, )
time 174 = 134 us
loop counter = (1, 1, 1, 2, 4, 4, 16, 12, 4, 10, 8, 7, 0, 3, 2, 1, 2, 4, 2, 4, 2, 4, 0, 0, 0, 0, 0, 0, 0, 0, 0, 0, 0, 0, 0, 0, 0, 0, 0, 0, 0, 0, 0, 0, 0, 0, 0, 0, 0, 0, 0, 0, 0, 0, 0, 0, 0, 0, 0, 0, 0, 0, 0, 0, 0, 0, 0, 0, 0, 0, 0, 0, 0, 0, 0, 0, 0, 0, 0, 0, 4, 16, 11, 38, 38, 16, 11, 38, 38, 11, 16, 11, 38, 38, )
time 175 = 146 us
loop counter = (0, 0, 0, 0, 0, 0, 0, 0, 0, 0, 0, 0, 0, 0, 0, 0, 0, 0, 0, 0, 0, 0, 0, 0, 0, 0, 0, 0, 0, 0, 0, 0, 0, 0, 0, 0, 0, 0, 0, 0, 0, 0, 0, 0, 1, 1, 1, 4, 16, 12, 3, 11, 8, 8, 1, 2, 2, 0, 0, 0, 0, 0, 0, 0, 0, 0, 0, 0, 0, 0, 0, 0, 0, 0, 0, 0, 0, 0, 0, 0, 4, 16, 12, 39, 39, 16, 12, 39, 39, 12, 16, 12, 39, 39, )
time 176 = 142 us
loop counter = (0, 0, 0, 0, 0, 0, 0, 0, 0, 0, 0, 0, 0, 0, 0, 0, 0, 0, 0, 0, 0, 0, 1, 1, 1, 2, 4, 2, 4, 2, 4, 4, 16, 13, 3, 14, 9, 9, 1, 4, 4, 0, 2, 4, 0, 0, 0, 0, 0, 0, 0, 0, 0, 0, 0, 0, 0, 0, 0, 0, 0, 0, 0, 0, 0, 0, 0, 0, 0, 0, 0, 0, 0, 0, 0, 0, 0, 0, 0, 0, 4, 16, 13, 40, 40, 16, 13, 40, 40, 13, 16, 13, 40, 40, )
time 177 = 209 us
loop counter = (0, 0, 0, 0, 0, 0, 0, 0, 0, 0, 0, 0, 0, 0, 0, 0, 0, 0, 0, 0, 0, 0, 0, 0, 0, 0, 0, 0, 0, 0, 0, 0, 0, 0, 0, 0, 0, 0, 0, 0, 0, 0, 0, 0, 0, 0, 0, 0, 0, 0, 0, 0, 0, 0, 0, 0, 0, 0, 1, 1, 1, 2, 4, 2, 4, 4, 16, 14, 3, 15, 9, 8, 2, 5, 4, 1, 2, 4, 2, 4, 4, 16, 13, 41, 41, 16, 13, 41, 41, 13, 16, 13, 41, 41, )
time 178 = 205 us
loop counter = (1, 1, 1, 2, 4, 4, 16, 14, 3, 15, 10, 10, 1, 5, 5, 0, 2, 4, 2, 4, 2, 4, 0, 0, 0, 0, 0, 0, 0, 0, 0, 0, 0, 0, 0, 0, 0, 0, 0, 0, 0, 0, 0, 0, 0, 0, 0, 0, 0, 0, 0, 0, 0, 0, 0, 0, 0, 0, 0, 0, 0, 0, 0, 0, 0, 0, 0, 0, 0, 0, 0, 0, 0, 0, 0, 0, 0, 0, 0, 0, 4, 16, 14, 42, 42, 16, 14, 42, 42, 14, 16, 14, 42, 42, )
time 179 = 123 us
loop counter = (0, 0, 0, 0, 0, 0, 0, 0, 0, 0, 0, 0, 0, 0, 0, 0, 0, 0, 0, 0, 0, 0, 0, 0, 0, 0, 0, 0, 0, 0, 0, 0, 0, 0, 0, 0, 0, 0, 0, 0, 0, 0, 0, 0, 1, 1, 1, 4, 16, 15, 4, 13, 10, 9, 1, 4, 3, 1, 0, 0, 0, 0, 0, 0, 0, 0, 0, 0, 0, 0, 0, 0, 0, 0, 0, 0, 0, 0, 0, 0, 4, 16, 14, 43, 43, 16, 14, 43, 43, 14, 16, 14, 43, 43, )
time 180 = 145 us
loop counter = (0, 0, 0, 0, 0, 0, 0, 0, 0, 0, 0, 0, 0, 0, 0, 0, 0, 0, 0, 0, 0, 0, 0, 0, 0, 0, 0, 0, 0, 0, 0, 0, 0, 0, 0, 0, 0, 0, 0, 0, 0, 0, 0, 0, 0, 0, 0, 0, 0, 0, 0, 0, 0, 0, 0, 0, 0, 0, 1, 1, 1, 2, 4, 2, 4, 4, 16, 15, 3, 14, 11, 11, 1, 3, 3, 0, 2, 4, 2, 4, 4, 16, 15, 44, 44, 16, 15, 44, 44, 15, 16, 15, 44, 44, )
time 181 = 194 us
loop counter = (1, 1, 1, 2, 4, 4, 16, 16, 4, 12, 11, 9, 1, 3, 1, 2, 2, 4, 2, 4, 2, 4, 0, 0, 0, 0, 0, 0, 0, 0, 0, 0, 0, 0, 0, 0, 0, 0, 0, 0, 0, 0, 0, 0, 0, 0, 0, 0, 0, 0, 0, 0, 0, 0, 0, 0, 0, 0, 0, 0, 0, 0, 0, 0, 0, 0, 0, 0, 0, 0, 0, 0, 0, 0, 0, 0, 0, 0, 0, 0, 4, 16, 14, 43, 43, 16, 14, 43, 43, 14, 16, 14, 43, 43, )
time 182 = 204 us
loop counter = (0, 0, 0, 0, 0, 0, 0, 0, 0, 0, 0, 0, 0, 0, 0, 0, 0, 0, 0, 0, 0, 0, 0, 0, 0, 0, 0, 0, 0, 0, 0, 0, 0, 0, 0, 0, 0, 0, 0, 0, 0, 0, 0, 0, 1, 1, 1, 4, 16, 15, 4, 11, 9, 7, 2, 4, 2, 2, 0, 0, 0, 0, 0, 0, 0, 0, 0, 0, 0, 0, 0, 0, 0, 0, 0, 0, 0, 0, 0, 0, 4, 16, 13, 43, 43, 16, 13, 43, 43, 13, 16, 13, 43, 43, )
time 183 = 146 us
loop counter = (0, 0, 0, 0, 0, 0, 0, 0, 0, 0, 0, 0, 0, 0, 0, 0, 0, 0, 0, 0, 0, 0, 1, 1, 1, 2, 4, 2, 4, 2, 4, 4, 16, 14, 2, 16, 10, 10, 2, 6, 6, 0, 2, 4, 0, 0, 0, 0, 0, 0, 0, 0, 0, 0, 0, 0, 0, 0, 0, 0, 0, 0, 0, 0, 0, 0, 0, 0, 0, 0, 0, 0, 0, 0, 0, 0, 0, 0, 0, 0, 4, 16, 14, 44, 44, 16, 14, 44, 44, 14, 16, 14, 44, 44, )
time 184 = 222 us
loop counter = (0, 0, 0, 0, 0, 0, 0, 0, 0, 0, 0, 0, 0, 0, 0, 0, 0, 0, 0, 0, 0, 0, 0, 0, 0, 0, 0, 0, 0, 0, 0, 0, 0, 0, 0, 0, 0, 0, 0, 0, 0, 0, 0, 0, 0, 0, 0, 0, 0, 0, 0, 0, 0, 0, 0, 0, 0, 0, 1, 1, 1, 2, 4, 2, 4, 4, 16, 15, 3, 14, 11, 10, 1, 4, 3, 1, 2, 4, 2, 4, 4, 16, 14, 43, 43, 16, 14, 43, 43, 14, 16, 14, 43, 43, )
time 185 = 208 us
loop counter = (1, 1, 1, 2, 4, 4, 16, 15, 3, 14, 11, 11, 1, 3, 3, 0, 2, 4, 2, 4, 2, 4, 0, 0, 0, 0, 0, 0, 0, 0, 0, 0, 0, 0, 0, 0, 0, 0, 0, 0, 0, 0, 0, 0, 0, 0, 0, 0, 0, 0, 0, 0, 0, 0, 0, 0, 0, 0, 0, 0, 0, 0, 0, 0, 0, 0, 0, 0, 0, 0, 0, 0, 0, 0, 0, 0, 0, 0, 0, 0, 4, 16, 15, 44, 44, 16, 15, 44, 44, 15, 16, 15, 44, 44, )
time 186 = 209 us
loop counter = (0, 0, 0, 0, 0, 0, 0, 0, 0, 0, 0, 0, 0, 0, 0, 0, 0, 0, 0, 0, 0, 0, 0, 0, 0, 0, 0, 0, 0, 0, 0, 0, 0, 0, 0, 0, 0, 0, 0, 0, 0, 0, 0, 0, 1, 1, 1, 4, 16, 16, 4, 13, 10, 8, 2, 5, 3, 2, 0, 0, 0, 0, 0, 0, 0, 0, 0, 0, 0, 0, 0, 0, 0, 0, 0, 0, 0, 0, 0, 0, 4, 16, 14, 42, 42, 16, 14, 42, 42, 14, 16, 14, 42, 42, )
time 187 = 131 us
loop counter = (0, 0, 0, 0, 0, 0, 0, 0, 0, 0, 0, 0, 0, 0, 0, 0, 0, 0, 0, 0, 0, 0, 1, 1, 1, 2, 4, 2, 4, 2, 4, 4, 16, 15, 3, 15, 9, 7, 3, 8, 6, 2, 2, 4, 0, 0, 0, 0, 0, 0, 0, 0, 0, 0, 0, 0, 0, 0, 0, 0, 0, 0, 0, 0, 0, 0, 0, 0, 0, 0, 0, 0, 0, 0, 0, 0, 0, 0, 0, 0, 4, 16, 13, 37, 37, 16, 13, 37, 37, 13, 16, 13, 37, 37, )
time 188 = 146 us
loop counter = (0, 0, 0, 0, 0, 0, 0, 0, 0, 0, 0, 0, 0, 0, 0, 0, 0, 0, 0, 0, 0, 0, 0, 0, 0, 0, 0, 0, 0, 0, 0, 0, 0, 0, 0, 0, 0, 0, 0, 0, 0, 0, 0, 0, 0, 0, 0, 0, 0, 0, 0, 0, 0, 0, 0, 0, 0, 0, 1, 1, 1, 2, 4, 2, 4, 4, 16, 14, 3, 15, 9, 7, 2, 5, 3, 2, 2, 4, 2, 4, 4, 16, 12, 38, 38, 16, 12, 38, 38, 12, 16, 12, 38, 38, )
time 189 = 206 us
loop counter = (0, 0, 0, 0, 0, 0, 0, 0, 0, 0, 0, 0, 0, 0, 0, 0, 0, 0, 0, 0, 0, 0, 1, 1, 1, 2, 4, 2, 4, 2, 4, 4, 16, 13, 3, 12, 8, 7, 2, 5, 4, 1, 2, 4, 0, 0, 0, 0, 0, 0, 0, 0, 0, 0, 0, 0, 0, 0, 0, 0, 0, 0, 0, 0, 0, 0, 0, 0, 0, 0, 0, 0, 0, 0, 0, 0, 0, 0, 0, 0, 4, 16, 12, 38, 38, 16, 12, 38, 38, 12, 16, 12, 38, 38, )
time 190 = 135 us
loop counter = (0, 0, 0, 0, 0, 0, 0, 0, 0, 0, 0, 0, 0, 0, 0, 0, 0, 0, 0, 0, 0, 0, 0, 0, 0, 0, 0, 0, 0, 0, 0, 0, 0, 0, 0, 0, 0, 0, 0, 0, 0, 0, 0, 0, 0, 0, 0, 0, 0, 0, 0, 0, 0, 0, 0, 0, 0, 0, 1, 1, 1, 2, 4, 2, 4, 4, 16, 13, 3, 13, 9, 8, 1, 2, 1, 1, 2, 4, 2, 4, 4, 16, 12, 39, 39, 16, 12, 39, 39, 12, 16, 12, 39, 39, )
time 191 = 218 us
loop counter = (0, 0, 0, 0, 0, 0, 0, 0, 0, 0, 0, 0, 0, 0, 0, 0, 0, 0, 0, 0, 0, 0, 1, 1, 1, 2, 4, 2, 4, 2, 4, 4, 16, 13, 4, 9, 9, 8, 0, 1, 0, 1, 2, 4, 0, 0, 0, 0, 0, 0, 0, 0, 0, 0, 0, 0, 0, 0, 0, 0, 0, 0, 0, 0, 0, 0, 0, 0, 0, 0, 0, 0, 0, 0, 0, 0, 0, 0, 0, 0, 4, 16, 12, 39, 39, 16, 12, 39, 39, 12, 16, 12, 39, 39, )
time 192 = 144 us
loop counter = (0, 0, 0, 0, 0, 0, 0, 0, 0, 0, 0, 0, 0, 0, 0, 0, 0, 0, 0, 0, 0, 0, 0, 0, 0, 0, 0, 0, 0, 0, 0, 0, 0, 0, 0, 0, 0, 0, 0, 0, 0, 0, 0, 0, 0, 0, 0, 0, 0, 0, 0, 0, 0, 0, 0, 0, 0, 0, 1, 1, 1, 2, 4, 2, 4, 4, 16, 13, 3, 12, 9, 8, 1, 2, 1, 1, 2, 4, 2, 4, 4, 16, 12, 40, 40, 16, 12, 40, 40, 12, 16, 12, 40, 40, )
time 193 = 205 us
loop counter = (0, 0, 0, 0, 0, 0, 0, 0, 0, 0, 0, 0, 0, 0, 0, 0, 0, 0, 0, 0, 0, 0, 1, 1, 1, 2, 4, 2, 4, 2, 4, 4, 16, 13, 4, 10, 9, 9, 0, 1, 1, 0, 2, 4, 0, 0, 0, 0, 0, 0, 0, 0, 0, 0, 0, 0, 0, 0, 0, 0, 0, 0, 0, 0, 0, 0, 0, 0, 0, 0, 0, 0, 0, 0, 0, 0, 0, 0, 0, 0, 4, 16, 13, 41, 41, 16, 13, 41, 41, 13, 16, 13, 41, 41, )
time 194 = 222 us
loop counter = (0, 0, 0, 0, 0, 0, 0, 0, 0, 0, 0, 0, 0, 0, 0, 0, 0, 0, 0, 0, 0, 0, 0, 0, 0, 0, 0, 0, 0, 0, 0, 0, 0, 0, 0, 0, 0, 0, 0, 0, 0, 0, 0, 0, 0, 0, 0, 0, 0, 0, 0, 0, 0, 0, 0, 0, 0, 0, 1, 1, 1, 2, 4, 2, 4, 4, 16, 14, 4, 10, 10, 10, 0, 0, 0, 0, 2, 4, 2, 4, 4, 16, 14, 42, 42, 16, 14, 42, 42, 14, 16, 14, 42, 42, )
time 195 = 155 us
loop counter = (0, 0, 0, 0, 0, 0, 0, 0, 0, 0, 0, 0, 0, 0, 0, 0, 0, 0, 0, 0, 0, 0, 0, 0, 0, 0, 0, 0, 0, 0, 0, 0, 0, 0, 0, 0, 0, 0, 0, 0, 0, 0, 0, 0, 1, 1, 1, 4, 16, 14, 3, 14, 10, 10, 1, 2, 2, 0, 0, 0, 0, 0, 0, 0, 0, 0, 0, 0, 0, 0, 0, 0, 0, 0, 0, 0, 0, 0, 0, 0, 4, 16, 14, 42, 42, 16, 14, 42, 42, 14, 16, 14, 42, 42, )
time 196 = 142 us
loop counter = (0, 0, 0, 0, 0, 0, 0, 0, 0, 0, 0, 0, 0, 0, 0, 0, 0, 0, 0, 0, 0, 0, 0, 0, 0, 0, 0, 0, 0, 0, 0, 0, 0, 0, 0, 0, 0, 0, 0, 0, 0, 0, 0, 0, 1, 1, 1, 4, 16, 15, 4, 11, 11, 11, 0, 0, 0, 0, 0, 0, 0, 0, 0, 0, 0, 0, 0, 0, 0, 0, 0, 0, 0, 0, 0, 0, 0, 0, 0, 0, 4, 16, 15, 43, 43, 16, 15, 43, 43, 15, 16, 15, 43, 43, )
time 197 = 203 us
loop counter = (0, 0, 0, 0, 0, 0, 0, 0, 0, 0, 0, 0, 0, 0, 0, 0, 0, 0, 0, 0, 0, 0, 0, 0, 0, 0, 0, 0, 0, 0, 0, 0, 0, 0, 0, 0, 0, 0, 0, 0, 0, 0, 0, 0, 0, 0, 0, 0, 0, 0, 0, 0, 0, 0, 0, 0, 0, 0, 1, 1, 1, 2, 4, 2, 4, 4, 16, 15, 3, 14, 11, 11, 1, 3, 3, 0, 2, 4, 2, 4, 4, 16, 15, 43, 43, 16, 15, 43, 43, 15, 16, 15, 43, 43, )
time 198 = 143 us
loop counter = (0, 0, 0, 0, 0, 0, 0, 0, 0, 0, 0, 0, 0, 0, 0, 0, 0, 0, 0, 0, 0, 0, 1, 1, 1, 2, 4, 2, 4, 2, 4, 4, 16, 16, 4, 12, 12, 11, 0, 1, 0, 1, 2, 4, 0, 0, 0, 0, 0, 0, 0, 0, 0, 0, 0, 0, 0, 0, 0, 0, 0, 0, 0, 0, 0, 0, 0, 0, 0, 0, 0, 0, 0, 0, 0, 0, 0, 0, 0, 0, 4, 16, 15, 44, 44, 16, 15, 44, 44, 15, 16, 15, 44, 44, )
time 199 = 144 us
loop counter = (1, 1, 1, 2, 4, 4, 16, 16, 4, 12, 11, 10, 1, 2, 1, 1, 2, 4, 2, 4, 2, 4, 0, 0, 0, 0, 0, 0, 0, 0, 0, 0, 0, 0, 0, 0, 0, 0, 0, 0, 0, 0, 0, 0, 0, 0, 0, 0, 0, 0, 0, 0, 0, 0, 0, 0, 0, 0, 0, 0, 0, 0, 0, 0, 0, 0, 0, 0, 0, 0, 0, 0, 0, 0, 0, 0, 0, 0, 0, 0, 4, 16, 15, 44, 44, 16, 15, 44, 44, 15, 16, 15, 44, 44, )
time 200 = 147 us
loop counter = (0, 0, 0, 0, 0, 0, 0, 0, 0, 0, 0, 0, 0, 0, 0, 0, 0, 0, 0, 0, 0, 0, 0, 0, 0, 0, 0, 0, 0, 0, 0, 0, 0, 0, 0, 0, 0, 0, 0, 0, 0, 0, 0, 0, 1, 1, 1, 4, 16, 16, 4, 13, 11, 10, 1, 3, 2, 1, 0, 0, 0, 0, 0, 0, 0, 0, 0, 0, 0, 0, 0, 0, 0, 0, 0, 0, 0, 0, 0, 0, 4, 16, 15, 46, 46, 16, 15, 46, 46, 15, 16, 15, 46, 46, )
time 201 = 143 us
loop counter = (0, 0, 0, 0, 0, 0, 0, 0, 0, 0, 0, 0, 0, 0, 0, 0, 0, 0, 0, 0, 0, 0, 1, 1, 1, 2, 4, 2, 4, 2, 4, 4, 16, 16, 4, 12, 12, 12, 0, 0, 0, 0, 2, 4, 0, 0, 0, 0, 0, 0, 0, 0, 0, 0, 0, 0, 0, 0, 0, 0, 0, 0, 0, 0, 0, 0, 0, 0, 0, 0, 0, 0, 0, 0, 0, 0, 0, 0, 0, 0, 4, 16, 16, 47, 47, 16, 16, 47, 47, 16, 16, 16, 47, 47, )
time 202 = 144 us
loop counter = (0, 0, 0, 0, 0, 0, 0, 0, 0, 0, 0, 0, 0, 0, 0, 0, 0, 0, 0, 0, 0, 0, 0, 0, 0, 0, 0, 0, 0, 0, 0, 0, 0, 0, 0, 0, 0, 0, 0, 0, 0, 0, 0, 0, 0, 0, 0, 0, 0, 0, 0, 0, 0, 0, 0, 0, 0, 0, 1, 1, 1, 2, 4, 2, 4, 4, 16, 16, 4, 13, 11, 9, 1, 3, 1, 2, 2, 4, 2, 4, 4, 16, 14, 46, 46, 16, 14, 46, 46, 14, 16, 14, 46, 46, )
time 203 = 207 us
loop counter = (1, 1, 1, 2, 4, 4, 16, 15, 3, 14, 11, 11, 1, 3, 3, 0, 2, 4, 2, 4, 2, 4, 0, 0, 0, 0, 0, 0, 0, 0, 0, 0, 0, 0, 0, 0, 0, 0, 0, 0, 0, 0, 0, 0, 0, 0, 0, 0, 0, 0, 0, 0, 0, 0, 0, 0, 0, 0, 0, 0, 0, 0, 0, 0, 0, 0, 0, 0, 0, 0, 0, 0, 0, 0, 0, 0, 0, 0, 0, 0, 4, 16, 15, 47, 47, 16, 15, 47, 47, 15, 16, 15, 47, 47, )
time 204 = 146 us
