loop counter = (0, 0, 0, 0, 1, 1, 4, 4, 1, 0, 4, 3, 1, 3, 0, 2, 0, 0, 0, 0, 0, 2, 0, 3, 1, 2, 0, 0, 0, 0, 0, 0, 3, 1, 1, )

time 0 = 7558 us

loop counter = (0, 0, 0, 0, 1, 1, 4, 4, 1, 0, 4, 3, 1, 3, 0, 2, 0, 0, 0, 0, 0, 2, 0, 3, 1, 2, 0, 0, 0, 0, 0, 0, 3, 1, 1, )

time 0 = 6062 us

loop counter = (0, 0, 0, 0, 1, 1, 4, 4, 1, 0, 4, 3, 1, 3, 0, 2, 0, 0, 0, 0, 0, 2, 0, 3, 1, 2, 0, 0, 0, 0, 0, 0, 3, 1, 1, )

time 0 = 1632 us

loop counter = (0, 0, 0, 0, 1, 1, 4, 4, 1, 0, 4, 3, 1, 3, 0, 2, 0, 0, 0, 0, 0, 2, 0, 3, 1, 2, 0, 0, 0, 0, 0, 0, 3, 1, 1, )

time 0 = 14164 us

loop counter = (0, 0, 0, 0, 1, 1, 4, 4, 1, 0, 4, 3, 1, 3, 0, 2, 0, 0, 0, 0, 0, 2, 0, 3, 1, 2, 0, 0, 0, 0, 0, 0, 3, 1, 1, )

time 0 = 9551 us

loop counter = (0, 0, 0, 0, 1, 1, 4, 4, 1, 0, 4, 3, 1, 3, 0, 2, 0, 0, 0, 0, 0, 2, 0, 3, 1, 2, 0, 0, 0, 0, 0, 0, 3, 1, 1, )

time 0 = 3607 us

loop counter = (0, 0, 0, 0, 1, 1, 4, 4, 1, 0, 4, 3, 1, 3, 0, 2, 0, 0, 0, 0, 0, 2, 0, 3, 1, 2, 0, 0, 0, 0, 0, 0, 3, 1, 1, )

time 0 = 4813 us

loop counter = (0, 0, 0, 0, 1, 1, 4, 4, 1, 0, 4, 3, 1, 3, 0, 2, 0, 0, 0, 0, 0, 2, 0, 3, 1, 2, 0, 0, 0, 0, 0, 0, 3, 1, 1, )

time 0 = 12704 us

loop counter = (0, 0, 0, 0, 1, 1, 4, 4, 1, 0, 4, 3, 1, 3, 0, 2, 0, 0, 0, 0, 0, 2, 0, 3, 1, 2, 0, 0, 0, 0, 0, 0, 3, 1, 1, )

time 0 = 1136 us

loop counter = (0, 0, 0, 0, 1, 1, 4, 4, 1, 0, 4, 3, 1, 3, 0, 2, 0, 0, 0, 0, 0, 2, 0, 3, 1, 2, 0, 0, 0, 0, 0, 0, 3, 1, 1, )

time 0 = 1739 us

loop counter = (0, 0, 0, 0, 1, 1, 4, 4, 1, 0, 4, 3, 1, 3, 0, 2, 0, 0, 0, 0, 0, 2, 0, 3, 1, 2, 0, 0, 0, 0, 0, 0, 3, 1, 1, )

time 0 = 5750 us

loop counter = (0, 0, 0, 0, 1, 1, 4, 4, 1, 0, 4, 3, 1, 3, 0, 2, 0, 0, 0, 0, 0, 2, 0, 3, 1, 2, 0, 0, 0, 0, 0, 0, 3, 1, 1, )

time 0 = 5308 us

loop counter = (0, 0, 0, 0, 1, 1, 4, 4, 1, 0, 4, 3, 1, 3, 0, 2, 0, 0, 0, 0, 0, 2, 0, 3, 1, 2, 0, 0, 0, 0, 0, 0, 3, 1, 1, )

time 0 = 2766 us

loop counter = (0, 0, 0, 0, 1, 1, 4, 4, 1, 0, 4, 3, 1, 3, 0, 2, 0, 0, 0, 0, 0, 2, 0, 3, 1, 2, 0, 0, 0, 0, 0, 0, 3, 1, 1, )

time 0 = 2513 us

loop counter = (0, 0, 0, 0, 1, 1, 4, 4, 1, 0, 4, 3, 1, 3, 0, 2, 0, 0, 0, 0, 0, 2, 0, 3, 1, 2, 0, 0, 0, 0, 0, 0, 3, 1, 1, )

time 0 = 3558 us

loop counter = (0, 0, 0, 0, 1, 1, 4, 4, 1, 0, 4, 3, 1, 3, 0, 2, 0, 0, 0, 0, 0, 2, 0, 3, 1, 2, 0, 0, 0, 0, 0, 0, 3, 1, 1, )

time 0 = 2973 us

loop counter = (0, 0, 0, 0, 1, 1, 4, 4, 1, 0, 4, 3, 1, 3, 0, 2, 0, 0, 0, 0, 0, 2, 0, 3, 1, 2, 0, 0, 0, 0, 0, 0, 3, 1, 1, )

time 0 = 10876 us

loop counter = (0, 0, 0, 0, 1, 1, 4, 4, 1, 0, 4, 3, 1, 3, 0, 2, 0, 0, 0, 0, 0, 2, 0, 3, 1, 2, 0, 0, 0, 0, 0, 0, 3, 1, 1, )

time 0 = 9649 us

loop counter = (0, 0, 0, 0, 1, 1, 4, 4, 1, 0, 4, 3, 1, 3, 0, 2, 0, 0, 0, 0, 0, 2, 0, 3, 1, 2, 0, 0, 0, 0, 0, 0, 3, 1, 1, )

time 0 = 2033 us

loop counter = (0, 0, 0, 0, 1, 1, 4, 4, 1, 0, 4, 3, 1, 3, 0, 2, 0, 0, 0, 0, 0, 2, 0, 3, 1, 2, 0, 0, 0, 0, 0, 0, 3, 1, 1, )

time 0 = 5684 us

loop counter = (0, 0, 0, 0, 1, 1, 4, 4, 1, 0, 4, 3, 1, 3, 0, 2, 0, 0, 0, 0, 0, 2, 0, 3, 1, 2, 0, 0, 0, 0, 0, 0, 3, 1, 1, )

time 0 = 12925 us

loop counter = (0, 0, 0, 0, 1, 1, 4, 4, 1, 0, 4, 3, 1, 3, 0, 2, 0, 0, 0, 0, 0, 2, 0, 3, 1, 2, 0, 0, 0, 0, 0, 0, 3, 1, 1, )

time 0 = 8961 us

loop counter = (0, 0, 0, 0, 1, 1, 4, 4, 1, 0, 4, 3, 1, 3, 0, 2, 0, 0, 0, 0, 0, 2, 0, 3, 1, 2, 0, 0, 0, 0, 0, 0, 3, 1, 1, )

time 0 = 5006 us

loop counter = (0, 0, 0, 0, 1, 1, 4, 4, 1, 0, 4, 3, 1, 3, 0, 2, 0, 0, 0, 0, 0, 2, 0, 3, 1, 2, 0, 0, 0, 0, 0, 0, 3, 1, 1, )

time 0 = 827 us

loop counter = (0, 0, 0, 0, 1, 1, 4, 4, 1, 0, 4, 3, 1, 3, 0, 2, 0, 0, 0, 0, 0, 2, 0, 3, 1, 2, 0, 0, 0, 0, 0, 0, 3, 1, 1, )

time 0 = 1638 us

loop counter = (0, 0, 0, 0, 1, 1, 4, 4, 1, 0, 4, 3, 1, 3, 0, 2, 0, 0, 0, 0, 0, 2, 0, 3, 1, 2, 0, 0, 0, 0, 0, 0, 3, 1, 1, )

time 0 = 12313 us

loop counter = (0, 0, 0, 0, 1, 1, 4, 4, 1, 0, 4, 3, 1, 3, 0, 2, 0, 0, 0, 0, 0, 2, 0, 3, 1, 2, 0, 0, 0, 0, 0, 0, 3, 1, 1, )

time 0 = 8036 us

loop counter = (0, 0, 0, 0, 1, 1, 4, 4, 1, 0, 4, 3, 1, 3, 0, 2, 0, 0, 0, 0, 0, 2, 0, 3, 1, 2, 0, 0, 0, 0, 0, 0, 3, 1, 1, )

time 0 = 1575 us

loop counter = (0, 0, 0, 0, 1, 1, 4, 4, 1, 0, 4, 3, 1, 3, 0, 2, 0, 0, 0, 0, 0, 2, 0, 3, 1, 2, 0, 0, 0, 0, 0, 0, 3, 1, 1, )

time 0 = 10765 us

loop counter = (0, 0, 0, 0, 1, 1, 4, 4, 1, 0, 4, 3, 1, 3, 0, 2, 0, 0, 0, 0, 0, 2, 0, 3, 1, 2, 0, 0, 0, 0, 0, 0, 3, 1, 1, )

time 0 = 5913 us

loop counter = (0, 0, 0, 0, 1, 1, 4, 4, 1, 0, 4, 3, 1, 3, 0, 2, 0, 0, 0, 0, 0, 2, 0, 3, 1, 2, 0, 0, 0, 0, 0, 0, 3, 1, 1, )

time 0 = 6622 us

loop counter = (0, 0, 0, 0, 1, 1, 4, 4, 1, 0, 4, 3, 1, 3, 0, 2, 0, 0, 0, 0, 0, 2, 0, 3, 1, 2, 0, 0, 0, 0, 0, 0, 3, 1, 1, )

time 0 = 2522 us

loop counter = (0, 0, 0, 0, 1, 1, 4, 4, 1, 0, 4, 3, 1, 3, 0, 2, 0, 0, 0, 0, 0, 2, 0, 3, 1, 2, 0, 0, 0, 0, 0, 0, 3, 1, 1, )

time 0 = 5121 us

loop counter = (0, 0, 0, 0, 1, 1, 4, 4, 1, 0, 4, 3, 1, 3, 0, 2, 0, 0, 0, 0, 0, 2, 0, 3, 1, 2, 0, 0, 0, 0, 0, 0, 3, 1, 1, )

time 0 = 8423 us

loop counter = (0, 0, 0, 0, 1, 1, 4, 4, 1, 0, 4, 3, 1, 3, 0, 2, 0, 0, 0, 0, 0, 2, 0, 3, 1, 2, 0, 0, 0, 0, 0, 0, 3, 1, 1, )

time 0 = 1058 us

loop counter = (0, 0, 0, 0, 1, 1, 4, 4, 1, 0, 4, 3, 1, 3, 0, 2, 0, 0, 0, 0, 0, 2, 0, 3, 1, 2, 0, 0, 0, 0, 0, 0, 3, 1, 1, )

time 0 = 12721 us

loop counter = (0, 0, 0, 0, 1, 1, 4, 4, 1, 0, 4, 3, 1, 3, 0, 2, 0, 0, 0, 0, 0, 2, 0, 3, 1, 2, 0, 0, 0, 0, 0, 0, 3, 1, 1, )

time 0 = 5242 us

loop counter = (0, 0, 0, 0, 1, 1, 4, 4, 1, 0, 4, 3, 1, 3, 0, 2, 0, 0, 0, 0, 0, 2, 0, 3, 1, 2, 0, 0, 0, 0, 0, 0, 3, 1, 1, )

time 0 = 13441 us

loop counter = (0, 0, 0, 0, 1, 1, 4, 4, 1, 0, 4, 3, 1, 3, 0, 2, 0, 0, 0, 0, 0, 2, 0, 3, 1, 2, 0, 0, 0, 0, 0, 0, 3, 1, 1, )

time 0 = 8106 us

loop counter = (0, 0, 0, 0, 1, 1, 4, 4, 1, 0, 4, 3, 1, 3, 0, 2, 0, 0, 0, 0, 0, 2, 0, 3, 1, 2, 0, 0, 0, 0, 0, 0, 3, 1, 1, )

time 0 = 10029 us

loop counter = (0, 0, 0, 0, 1, 1, 4, 4, 1, 0, 4, 3, 1, 3, 0, 2, 0, 0, 0, 0, 0, 2, 0, 3, 1, 2, 0, 0, 0, 0, 0, 0, 3, 1, 1, )

time 0 = 13786 us

loop counter = (0, 0, 0, 0, 1, 1, 4, 4, 1, 0, 4, 3, 1, 3, 0, 2, 0, 0, 0, 0, 0, 2, 0, 3, 1, 2, 0, 0, 0, 0, 0, 0, 3, 1, 1, )

time 0 = 3890 us

loop counter = (0, 0, 0, 0, 1, 1, 4, 4, 1, 0, 4, 3, 1, 3, 0, 2, 0, 0, 0, 0, 0, 2, 0, 3, 1, 2, 0, 0, 0, 0, 0, 0, 3, 1, 1, )

time 0 = 10475 us

loop counter = (0, 0, 0, 0, 1, 1, 4, 4, 1, 0, 4, 3, 1, 3, 0, 2, 0, 0, 0, 0, 0, 2, 0, 3, 1, 2, 0, 0, 0, 0, 0, 0, 3, 1, 1, )

time 0 = 10695 us

loop counter = (0, 0, 0, 0, 1, 1, 4, 4, 1, 0, 4, 3, 1, 3, 0, 2, 0, 0, 0, 0, 0, 2, 0, 3, 1, 2, 0, 0, 0, 0, 0, 0, 3, 1, 1, )

time 0 = 6097 us

loop counter = (0, 0, 0, 0, 1, 1, 4, 4, 1, 0, 4, 3, 1, 3, 0, 2, 0, 0, 0, 0, 0, 2, 0, 3, 1, 2, 0, 0, 0, 0, 0, 0, 3, 1, 1, )

time 0 = 5033 us

loop counter = (0, 0, 0, 0, 1, 1, 4, 4, 1, 0, 4, 3, 1, 3, 0, 2, 0, 0, 0, 0, 0, 2, 0, 3, 1, 2, 0, 0, 0, 0, 0, 0, 3, 1, 1, )

time 0 = 1108 us

loop counter = (0, 0, 0, 0, 1, 1, 4, 4, 1, 0, 4, 3, 1, 3, 0, 2, 0, 0, 0, 0, 0, 2, 0, 3, 1, 2, 0, 0, 0, 0, 0, 0, 3, 1, 1, )

time 0 = 5099 us

loop counter = (0, 0, 0, 0, 1, 1, 4, 4, 1, 0, 4, 3, 1, 3, 0, 2, 0, 0, 0, 0, 0, 2, 0, 3, 1, 2, 0, 0, 0, 0, 0, 0, 3, 1, 1, )

time 0 = 2297 us

loop counter = (0, 0, 0, 0, 1, 1, 4, 4, 1, 0, 4, 3, 1, 3, 0, 2, 0, 0, 0, 0, 0, 2, 0, 3, 1, 2, 0, 0, 0, 0, 0, 0, 3, 1, 1, )

time 0 = 12181 us

loop counter = (0, 0, 0, 0, 1, 1, 4, 4, 1, 0, 4, 3, 1, 3, 0, 2, 0, 0, 0, 0, 0, 2, 0, 3, 1, 2, 0, 0, 0, 0, 0, 0, 3, 1, 1, )

time 0 = 3738 us

loop counter = (0, 0, 0, 0, 1, 1, 4, 4, 1, 0, 4, 3, 1, 3, 0, 2, 0, 0, 0, 0, 0, 2, 0, 3, 1, 2, 0, 0, 0, 0, 0, 0, 3, 1, 1, )

time 0 = 7643 us

loop counter = (0, 0, 0, 0, 1, 1, 4, 4, 1, 0, 4, 3, 1, 3, 0, 2, 0, 0, 0, 0, 0, 2, 0, 3, 1, 2, 0, 0, 0, 0, 0, 0, 3, 1, 1, )

time 0 = 1118 us

loop counter = (0, 0, 0, 0, 1, 1, 4, 4, 1, 0, 4, 3, 1, 3, 0, 2, 0, 0, 0, 0, 0, 2, 0, 3, 1, 2, 0, 0, 0, 0, 0, 0, 3, 1, 1, )

time 0 = 7108 us

loop counter = (0, 0, 0, 0, 1, 1, 4, 4, 1, 0, 4, 3, 1, 3, 0, 2, 0, 0, 0, 0, 0, 2, 0, 3, 1, 2, 0, 0, 0, 0, 0, 0, 3, 1, 1, )

time 0 = 11273 us

loop counter = (0, 0, 0, 0, 1, 1, 4, 4, 1, 0, 4, 3, 1, 3, 0, 2, 0, 0, 0, 0, 0, 2, 0, 3, 1, 2, 0, 0, 0, 0, 0, 0, 3, 1, 1, )

time 0 = 1974 us

loop counter = (0, 0, 0, 0, 1, 1, 4, 4, 1, 0, 4, 3, 1, 3, 0, 2, 0, 0, 0, 0, 0, 2, 0, 3, 1, 2, 0, 0, 0, 0, 0, 0, 3, 1, 1, )

time 0 = 1071 us

loop counter = (0, 0, 0, 0, 1, 1, 4, 4, 1, 0, 4, 3, 1, 3, 0, 2, 0, 0, 0, 0, 0, 2, 0, 3, 1, 2, 0, 0, 0, 0, 0, 0, 3, 1, 1, )

time 0 = 1829 us

loop counter = (0, 0, 0, 0, 1, 1, 4, 4, 1, 0, 4, 3, 1, 3, 0, 2, 0, 0, 0, 0, 0, 2, 0, 3, 1, 2, 0, 0, 0, 0, 0, 0, 3, 1, 1, )

time 0 = 20728 us

loop counter = (0, 0, 0, 0, 1, 1, 4, 4, 1, 0, 4, 3, 1, 3, 0, 2, 0, 0, 0, 0, 0, 2, 0, 3, 1, 2, 0, 0, 0, 0, 0, 0, 3, 1, 1, )

time 0 = 1022 us

loop counter = (0, 0, 0, 0, 1, 1, 4, 4, 1, 0, 4, 3, 1, 3, 0, 2, 0, 0, 0, 0, 0, 2, 0, 3, 1, 2, 0, 0, 0, 0, 0, 0, 3, 1, 1, )

time 0 = 12756 us

loop counter = (0, 0, 0, 0, 1, 1, 4, 4, 1, 0, 4, 3, 1, 3, 0, 2, 0, 0, 0, 0, 0, 2, 0, 3, 1, 2, 0, 0, 0, 0, 0, 0, 3, 1, 1, )

time 0 = 4611 us

loop counter = (0, 0, 0, 0, 1, 1, 4, 4, 1, 0, 4, 3, 1, 3, 0, 2, 0, 0, 0, 0, 0, 2, 0, 3, 1, 2, 0, 0, 0, 0, 0, 0, 3, 1, 1, )

time 0 = 13938 us

loop counter = (0, 0, 0, 0, 1, 1, 4, 4, 1, 0, 4, 3, 1, 3, 0, 2, 0, 0, 0, 0, 0, 2, 0, 3, 1, 2, 0, 0, 0, 0, 0, 0, 3, 1, 1, )

time 0 = 9528 us

loop counter = (0, 0, 0, 0, 1, 1, 4, 4, 1, 0, 4, 3, 1, 3, 0, 2, 0, 0, 0, 0, 0, 2, 0, 3, 1, 2, 0, 0, 0, 0, 0, 0, 3, 1, 1, )

time 0 = 2683 us

loop counter = (0, 0, 0, 0, 1, 1, 4, 4, 1, 0, 4, 3, 1, 3, 0, 2, 0, 0, 0, 0, 0, 2, 0, 3, 1, 2, 0, 0, 0, 0, 0, 0, 3, 1, 1, )

time 0 = 5408 us

loop counter = (0, 0, 0, 0, 1, 1, 4, 4, 1, 0, 4, 3, 1, 3, 0, 2, 0, 0, 0, 0, 0, 2, 0, 3, 1, 2, 0, 0, 0, 0, 0, 0, 3, 1, 1, )

time 0 = 1684 us

loop counter = (0, 0, 0, 0, 1, 1, 4, 4, 1, 0, 4, 3, 1, 3, 0, 2, 0, 0, 0, 0, 0, 2, 0, 3, 1, 2, 0, 0, 0, 0, 0, 0, 3, 1, 1, )

time 0 = 3251 us

loop counter = (0, 0, 0, 0, 1, 1, 4, 4, 1, 0, 4, 3, 1, 3, 0, 2, 0, 0, 0, 0, 0, 2, 0, 3, 1, 2, 0, 0, 0, 0, 0, 0, 3, 1, 1, )

time 0 = 8344 us

loop counter = (0, 0, 0, 0, 1, 1, 4, 4, 1, 0, 4, 3, 1, 3, 0, 2, 0, 0, 0, 0, 0, 2, 0, 3, 1, 2, 0, 0, 0, 0, 0, 0, 3, 1, 1, )

time 0 = 1709 us

loop counter = (0, 0, 0, 0, 1, 1, 4, 4, 1, 0, 4, 3, 1, 3, 0, 2, 0, 0, 0, 0, 0, 2, 0, 3, 1, 2, 0, 0, 0, 0, 0, 0, 3, 1, 1, )

time 0 = 13875 us

loop counter = (0, 0, 0, 0, 1, 1, 4, 4, 1, 0, 4, 3, 1, 3, 0, 2, 0, 0, 0, 0, 0, 2, 0, 3, 1, 2, 0, 0, 0, 0, 0, 0, 3, 1, 1, )

time 0 = 4289 us

loop counter = (0, 0, 0, 0, 1, 1, 4, 4, 1, 0, 4, 3, 1, 3, 0, 2, 0, 0, 0, 0, 0, 2, 0, 3, 1, 2, 0, 0, 0, 0, 0, 0, 3, 1, 1, )

time 0 = 12459 us

loop counter = (0, 0, 0, 0, 1, 1, 4, 4, 1, 0, 4, 3, 1, 3, 0, 2, 0, 0, 0, 0, 0, 2, 0, 3, 1, 2, 0, 0, 0, 0, 0, 0, 3, 1, 1, )

time 0 = 10208 us

loop counter = (0, 0, 0, 0, 1, 1, 4, 4, 1, 0, 4, 3, 1, 3, 0, 2, 0, 0, 0, 0, 0, 2, 0, 3, 1, 2, 0, 0, 0, 0, 0, 0, 3, 1, 1, )

time 0 = 2269 us

loop counter = (0, 0, 0, 0, 1, 1, 4, 4, 1, 0, 4, 3, 1, 3, 0, 2, 0, 0, 0, 0, 0, 2, 0, 3, 1, 2, 0, 0, 0, 0, 0, 0, 3, 1, 1, )

time 0 = 11430 us

loop counter = (0, 0, 0, 0, 1, 1, 4, 4, 1, 0, 4, 3, 1, 3, 0, 2, 0, 0, 0, 0, 0, 2, 0, 3, 1, 2, 0, 0, 0, 0, 0, 0, 3, 1, 1, )

time 0 = 12085 us

loop counter = (0, 0, 0, 0, 1, 1, 4, 4, 1, 0, 4, 3, 1, 3, 0, 2, 0, 0, 0, 0, 0, 2, 0, 3, 1, 2, 0, 0, 0, 0, 0, 0, 3, 1, 1, )

time 0 = 10229 us

loop counter = (0, 0, 0, 0, 1, 1, 4, 4, 1, 0, 4, 3, 1, 3, 0, 2, 0, 0, 0, 0, 0, 2, 0, 3, 1, 2, 0, 0, 0, 0, 0, 0, 3, 1, 1, )

time 0 = 1664 us

loop counter = (0, 0, 0, 0, 1, 1, 4, 4, 1, 0, 4, 3, 1, 3, 0, 2, 0, 0, 0, 0, 0, 2, 0, 3, 1, 2, 0, 0, 0, 0, 0, 0, 3, 1, 1, )

time 0 = 3704 us

loop counter = (0, 0, 0, 0, 1, 1, 4, 4, 1, 0, 4, 3, 1, 3, 0, 2, 0, 0, 0, 0, 0, 2, 0, 3, 1, 2, 0, 0, 0, 0, 0, 0, 3, 1, 1, )

time 0 = 5170 us

loop counter = (0, 0, 0, 0, 1, 1, 4, 4, 1, 0, 4, 3, 1, 3, 0, 2, 0, 0, 0, 0, 0, 2, 0, 3, 1, 2, 0, 0, 0, 0, 0, 0, 3, 1, 1, )

time 0 = 2791 us

loop counter = (0, 0, 0, 0, 1, 1, 4, 4, 1, 0, 4, 3, 1, 3, 0, 2, 0, 0, 0, 0, 0, 2, 0, 3, 1, 2, 0, 0, 0, 0, 0, 0, 3, 1, 1, )

time 0 = 6867 us

loop counter = (0, 0, 0, 0, 1, 1, 4, 4, 1, 0, 4, 3, 1, 3, 0, 2, 0, 0, 0, 0, 0, 2, 0, 3, 1, 2, 0, 0, 0, 0, 0, 0, 3, 1, 1, )

time 0 = 12038 us

loop counter = (0, 0, 0, 0, 1, 1, 4, 4, 1, 0, 4, 3, 1, 3, 0, 2, 0, 0, 0, 0, 0, 2, 0, 3, 1, 2, 0, 0, 0, 0, 0, 0, 3, 1, 1, )

time 0 = 6395 us

loop counter = (0, 0, 0, 0, 1, 1, 4, 4, 1, 0, 4, 3, 1, 3, 0, 2, 0, 0, 0, 0, 0, 2, 0, 3, 1, 2, 0, 0, 0, 0, 0, 0, 3, 1, 1, )

time 0 = 7953 us

loop counter = (0, 0, 0, 0, 1, 1, 4, 4, 1, 0, 4, 3, 1, 3, 0, 2, 0, 0, 0, 0, 0, 2, 0, 3, 1, 2, 0, 0, 0, 0, 0, 0, 3, 1, 1, )

time 0 = 1120 us

loop counter = (0, 0, 0, 0, 1, 1, 4, 4, 1, 0, 4, 3, 1, 3, 0, 2, 0, 0, 0, 0, 0, 2, 0, 3, 1, 2, 0, 0, 0, 0, 0, 0, 3, 1, 1, )

time 0 = 7954 us

loop counter = (0, 0, 0, 0, 1, 1, 4, 4, 1, 0, 4, 3, 1, 3, 0, 2, 0, 0, 0, 0, 0, 2, 0, 3, 1, 2, 0, 0, 0, 0, 0, 0, 3, 1, 1, )

time 0 = 12654 us

loop counter = (0, 0, 0, 0, 1, 1, 4, 4, 1, 0, 4, 3, 1, 3, 0, 2, 0, 0, 0, 0, 0, 2, 0, 3, 1, 2, 0, 0, 0, 0, 0, 0, 3, 1, 1, )

time 0 = 3886 us

loop counter = (0, 0, 0, 0, 1, 1, 4, 4, 1, 0, 4, 3, 1, 3, 0, 2, 0, 0, 0, 0, 0, 2, 0, 3, 1, 2, 0, 0, 0, 0, 0, 0, 3, 1, 1, )

time 0 = 2090 us

loop counter = (0, 0, 0, 0, 1, 1, 4, 4, 1, 0, 4, 3, 1, 3, 0, 2, 0, 0, 0, 0, 0, 2, 0, 3, 1, 2, 0, 0, 0, 0, 0, 0, 3, 1, 1, )

time 0 = 4927 us

loop counter = (0, 0, 0, 0, 1, 1, 4, 4, 1, 0, 4, 3, 1, 3, 0, 2, 0, 0, 0, 0, 0, 2, 0, 3, 1, 2, 0, 0, 0, 0, 0, 0, 3, 1, 1, )

time 0 = 1898 us

loop counter = (0, 0, 0, 0, 1, 1, 4, 4, 1, 0, 4, 3, 1, 3, 0, 2, 0, 0, 0, 0, 0, 2, 0, 3, 1, 2, 0, 0, 0, 0, 0, 0, 3, 1, 1, )

time 0 = 1722 us

loop counter = (0, 0, 0, 0, 1, 1, 4, 4, 1, 0, 4, 3, 1, 3, 0, 2, 0, 0, 0, 0, 0, 2, 0, 3, 1, 2, 0, 0, 0, 0, 0, 0, 3, 1, 1, )

time 0 = 3520 us

loop counter = (0, 0, 0, 0, 1, 1, 4, 4, 1, 0, 4, 3, 1, 3, 0, 2, 0, 0, 0, 0, 0, 2, 0, 3, 1, 2, 0, 0, 0, 0, 0, 0, 3, 1, 1, )

time 0 = 6569 us

loop counter = (0, 0, 0, 0, 1, 1, 4, 4, 1, 0, 4, 3, 1, 3, 0, 2, 0, 0, 0, 0, 0, 2, 0, 3, 1, 2, 0, 0, 0, 0, 0, 0, 3, 1, 1, )

time 0 = 2491 us

loop counter = (0, 0, 0, 0, 1, 1, 4, 4, 1, 0, 4, 3, 1, 3, 0, 2, 0, 0, 0, 0, 0, 2, 0, 3, 1, 2, 0, 0, 0, 0, 0, 0, 3, 1, 1, )

time 0 = 2651 us

loop counter = (0, 0, 0, 0, 1, 1, 4, 4, 1, 0, 4, 3, 1, 3, 0, 2, 0, 0, 0, 0, 0, 2, 0, 3, 1, 2, 0, 0, 0, 0, 0, 0, 3, 1, 1, )

time 0 = 1836 us

loop counter = (0, 0, 0, 0, 1, 1, 4, 4, 1, 0, 4, 3, 1, 3, 0, 2, 0, 0, 0, 0, 0, 2, 0, 3, 1, 2, 0, 0, 0, 0, 0, 0, 3, 1, 1, )

time 0 = 9728 us

loop counter = (0, 0, 0, 0, 1, 1, 4, 4, 1, 0, 4, 3, 1, 3, 0, 2, 0, 0, 0, 0, 0, 2, 0, 3, 1, 2, 0, 0, 0, 0, 0, 0, 3, 1, 1, )

time 0 = 12450 us

loop counter = (0, 0, 0, 0, 1, 1, 4, 4, 1, 0, 4, 3, 1, 3, 0, 2, 0, 0, 0, 0, 0, 2, 0, 3, 1, 2, 0, 0, 0, 0, 0, 0, 3, 1, 1, )

time 0 = 12941 us

loop counter = (0, 0, 0, 0, 1, 1, 4, 4, 1, 0, 4, 3, 1, 3, 0, 2, 0, 0, 0, 0, 0, 2, 0, 3, 1, 2, 0, 0, 0, 0, 0, 0, 3, 1, 1, )

time 0 = 2483 us

loop counter = (0, 0, 0, 0, 1, 1, 4, 4, 1, 0, 4, 3, 1, 3, 0, 2, 0, 0, 0, 0, 0, 2, 0, 3, 1, 2, 0, 0, 0, 0, 0, 0, 3, 1, 1, )

time 0 = 1330 us

loop counter = (0, 0, 0, 0, 1, 1, 4, 4, 1, 0, 4, 3, 1, 3, 0, 2, 0, 0, 0, 0, 0, 2, 0, 3, 1, 2, 0, 0, 0, 0, 0, 0, 3, 1, 1, )

time 0 = 7280 us

loop counter = (0, 0, 0, 0, 1, 1, 4, 4, 1, 0, 4, 3, 1, 3, 0, 2, 0, 0, 0, 0, 0, 2, 0, 3, 1, 2, 0, 0, 0, 0, 0, 0, 3, 1, 1, )

time 0 = 4716 us

loop counter = (0, 0, 0, 0, 1, 1, 4, 4, 1, 0, 4, 3, 1, 3, 0, 2, 0, 0, 0, 0, 0, 2, 0, 3, 1, 2, 0, 0, 0, 0, 0, 0, 3, 1, 1, )

time 0 = 9125 us

loop counter = (0, 0, 0, 0, 1, 1, 4, 4, 1, 0, 4, 3, 1, 3, 0, 2, 0, 0, 0, 0, 0, 2, 0, 3, 1, 2, 0, 0, 0, 0, 0, 0, 3, 1, 1, )

time 0 = 13089 us

loop counter = (0, 0, 0, 0, 1, 1, 4, 4, 1, 0, 4, 3, 1, 3, 0, 2, 0, 0, 0, 0, 0, 2, 0, 3, 1, 2, 0, 0, 0, 0, 0, 0, 3, 1, 1, )

time 0 = 2647 us

loop counter = (0, 0, 0, 0, 1, 1, 4, 4, 1, 0, 4, 3, 1, 3, 0, 2, 0, 0, 0, 0, 0, 2, 0, 3, 1, 2, 0, 0, 0, 0, 0, 0, 3, 1, 1, )

time 0 = 8206 us

loop counter = (0, 0, 0, 0, 1, 1, 4, 4, 1, 0, 4, 3, 1, 3, 0, 2, 0, 0, 0, 0, 0, 2, 0, 3, 1, 2, 0, 0, 0, 0, 0, 0, 3, 1, 1, )

time 0 = 4141 us

loop counter = (0, 0, 0, 0, 1, 1, 4, 4, 1, 0, 4, 3, 1, 3, 0, 2, 0, 0, 0, 0, 0, 2, 0, 3, 1, 2, 0, 0, 0, 0, 0, 0, 3, 1, 1, )

time 0 = 11269 us

loop counter = (0, 0, 0, 0, 1, 1, 4, 4, 1, 0, 4, 3, 1, 3, 0, 2, 0, 0, 0, 0, 0, 2, 0, 3, 1, 2, 0, 0, 0, 0, 0, 0, 3, 1, 1, )

time 0 = 1055 us

loop counter = (0, 0, 0, 0, 1, 1, 4, 4, 1, 0, 4, 3, 1, 3, 0, 2, 0, 0, 0, 0, 0, 2, 0, 3, 1, 2, 0, 0, 0, 0, 0, 0, 3, 1, 1, )

time 0 = 13616 us

loop counter = (0, 0, 0, 0, 1, 1, 4, 4, 1, 0, 4, 3, 1, 3, 0, 2, 0, 0, 0, 0, 0, 2, 0, 3, 1, 2, 0, 0, 0, 0, 0, 0, 3, 1, 1, )

time 0 = 2862 us

loop counter = (0, 0, 0, 0, 1, 1, 4, 4, 1, 0, 4, 3, 1, 3, 0, 2, 0, 0, 0, 0, 0, 2, 0, 3, 1, 2, 0, 0, 0, 0, 0, 0, 3, 1, 1, )

time 0 = 8697 us

loop counter = (0, 0, 0, 0, 1, 1, 4, 4, 1, 0, 4, 3, 1, 3, 0, 2, 0, 0, 0, 0, 0, 2, 0, 3, 1, 2, 0, 0, 0, 0, 0, 0, 3, 1, 1, )

time 0 = 8376 us

loop counter = (0, 0, 0, 0, 1, 1, 4, 4, 1, 0, 4, 3, 1, 3, 0, 2, 0, 0, 0, 0, 0, 2, 0, 3, 1, 2, 0, 0, 0, 0, 0, 0, 3, 1, 1, )

time 0 = 7034 us

loop counter = (0, 0, 0, 0, 1, 1, 4, 4, 1, 0, 4, 3, 1, 3, 0, 2, 0, 0, 0, 0, 0, 2, 0, 3, 1, 2, 0, 0, 0, 0, 0, 0, 3, 1, 1, )

time 0 = 998 us

loop counter = (0, 0, 0, 0, 1, 1, 4, 4, 1, 0, 4, 3, 1, 3, 0, 2, 0, 0, 0, 0, 0, 2, 0, 3, 1, 2, 0, 0, 0, 0, 0, 0, 3, 1, 1, )

time 0 = 3764 us

loop counter = (0, 0, 0, 0, 1, 1, 4, 4, 1, 0, 4, 3, 1, 3, 0, 2, 0, 0, 0, 0, 0, 2, 0, 3, 1, 2, 0, 0, 0, 0, 0, 0, 3, 1, 1, )

time 0 = 1186 us

loop counter = (0, 0, 0, 0, 1, 1, 4, 4, 1, 0, 4, 3, 1, 3, 0, 2, 0, 0, 0, 0, 0, 2, 0, 3, 1, 2, 0, 0, 0, 0, 0, 0, 3, 1, 1, )

time 0 = 10802 us

loop counter = (0, 0, 0, 0, 1, 1, 4, 4, 1, 0, 4, 3, 1, 3, 0, 2, 0, 0, 0, 0, 0, 2, 0, 3, 1, 2, 0, 0, 0, 0, 0, 0, 3, 1, 1, )

time 0 = 4791 us

loop counter = (0, 0, 0, 0, 1, 1, 4, 4, 1, 0, 4, 3, 1, 3, 0, 2, 0, 0, 0, 0, 0, 2, 0, 3, 1, 2, 0, 0, 0, 0, 0, 0, 3, 1, 1, )

time 0 = 12418 us

loop counter = (0, 0, 0, 0, 1, 1, 4, 4, 1, 0, 4, 3, 1, 3, 0, 2, 0, 0, 0, 0, 0, 2, 0, 3, 1, 2, 0, 0, 0, 0, 0, 0, 3, 1, 1, )

time 0 = 4300 us

loop counter = (0, 0, 0, 0, 1, 1, 4, 4, 1, 0, 4, 3, 1, 3, 0, 2, 0, 0, 0, 0, 0, 2, 0, 3, 1, 2, 0, 0, 0, 0, 0, 0, 3, 1, 1, )

time 0 = 3833 us

loop counter = (0, 0, 0, 0, 1, 1, 4, 4, 1, 0, 4, 3, 1, 3, 0, 2, 0, 0, 0, 0, 0, 2, 0, 3, 1, 2, 0, 0, 0, 0, 0, 0, 3, 1, 1, )

time 0 = 3968 us

loop counter = (0, 0, 0, 0, 1, 1, 4, 4, 1, 0, 4, 3, 1, 3, 0, 2, 0, 0, 0, 0, 0, 2, 0, 3, 1, 2, 0, 0, 0, 0, 0, 0, 3, 1, 1, )

time 0 = 911 us

loop counter = (0, 0, 0, 0, 1, 1, 4, 4, 1, 0, 4, 3, 1, 3, 0, 2, 0, 0, 0, 0, 0, 2, 0, 3, 1, 2, 0, 0, 0, 0, 0, 0, 3, 1, 1, )

time 0 = 8374 us

loop counter = (0, 0, 0, 0, 1, 1, 4, 4, 1, 0, 4, 3, 1, 3, 0, 2, 0, 0, 0, 0, 0, 2, 0, 3, 1, 2, 0, 0, 0, 0, 0, 0, 3, 1, 1, )

time 0 = 1056 us

loop counter = (0, 0, 0, 0, 1, 1, 4, 4, 1, 0, 4, 3, 1, 3, 0, 2, 0, 0, 0, 0, 0, 2, 0, 3, 1, 2, 0, 0, 0, 0, 0, 0, 3, 1, 1, )

time 0 = 12900 us

loop counter = (0, 0, 0, 0, 1, 1, 4, 4, 1, 0, 4, 3, 1, 3, 0, 2, 0, 0, 0, 0, 0, 2, 0, 3, 1, 2, 0, 0, 0, 0, 0, 0, 3, 1, 1, )

time 0 = 5853 us

loop counter = (0, 0, 0, 0, 1, 1, 4, 4, 1, 0, 4, 3, 1, 3, 0, 2, 0, 0, 0, 0, 0, 2, 0, 3, 1, 2, 0, 0, 0, 0, 0, 0, 3, 1, 1, )

time 0 = 1857 us

loop counter = (0, 0, 0, 0, 1, 1, 4, 4, 1, 0, 4, 3, 1, 3, 0, 2, 0, 0, 0, 0, 0, 2, 0, 3, 1, 2, 0, 0, 0, 0, 0, 0, 3, 1, 1, )

time 0 = 1131 us

loop counter = (0, 0, 0, 0, 1, 1, 4, 4, 1, 0, 4, 3, 1, 3, 0, 2, 0, 0, 0, 0, 0, 2, 0, 3, 1, 2, 0, 0, 0, 0, 0, 0, 3, 1, 1, )

time 0 = 2097 us

loop counter = (0, 0, 0, 0, 1, 1, 4, 4, 1, 0, 4, 3, 1, 3, 0, 2, 0, 0, 0, 0, 0, 2, 0, 3, 1, 2, 0, 0, 0, 0, 0, 0, 3, 1, 1, )

time 0 = 14285 us

loop counter = (0, 0, 0, 0, 1, 1, 4, 4, 1, 0, 4, 3, 1, 3, 0, 2, 0, 0, 0, 0, 0, 2, 0, 3, 1, 2, 0, 0, 0, 0, 0, 0, 3, 1, 1, )

time 0 = 1417 us

loop counter = (0, 0, 0, 0, 1, 1, 4, 4, 1, 0, 4, 3, 1, 3, 0, 2, 0, 0, 0, 0, 0, 2, 0, 3, 1, 2, 0, 0, 0, 0, 0, 0, 3, 1, 1, )

time 0 = 8802 us

loop counter = (0, 0, 0, 0, 1, 1, 4, 4, 1, 0, 4, 3, 1, 3, 0, 2, 0, 0, 0, 0, 0, 2, 0, 3, 1, 2, 0, 0, 0, 0, 0, 0, 3, 1, 1, )

time 0 = 1882 us

loop counter = (0, 0, 0, 0, 1, 1, 4, 4, 1, 0, 4, 3, 1, 3, 0, 2, 0, 0, 0, 0, 0, 2, 0, 3, 1, 2, 0, 0, 0, 0, 0, 0, 3, 1, 1, )

time 0 = 5466 us

loop counter = (0, 0, 0, 0, 1, 1, 4, 4, 1, 0, 4, 3, 1, 3, 0, 2, 0, 0, 0, 0, 0, 2, 0, 3, 1, 2, 0, 0, 0, 0, 0, 0, 3, 1, 1, )

time 0 = 1925 us

loop counter = (0, 0, 0, 0, 1, 1, 4, 4, 1, 0, 4, 3, 1, 3, 0, 2, 0, 0, 0, 0, 0, 2, 0, 3, 1, 2, 0, 0, 0, 0, 0, 0, 3, 1, 1, )

time 0 = 2695 us

loop counter = (0, 0, 0, 0, 1, 1, 4, 4, 1, 0, 4, 3, 1, 3, 0, 2, 0, 0, 0, 0, 0, 2, 0, 3, 1, 2, 0, 0, 0, 0, 0, 0, 3, 1, 1, )

time 0 = 12609 us

loop counter = (0, 0, 0, 0, 1, 1, 4, 4, 1, 0, 4, 3, 1, 3, 0, 2, 0, 0, 0, 0, 0, 2, 0, 3, 1, 2, 0, 0, 0, 0, 0, 0, 3, 1, 1, )

time 0 = 9615 us

loop counter = (0, 0, 0, 0, 1, 1, 4, 4, 1, 0, 4, 3, 1, 3, 0, 2, 0, 0, 0, 0, 0, 2, 0, 3, 1, 2, 0, 0, 0, 0, 0, 0, 3, 1, 1, )

time 0 = 1047 us

loop counter = (0, 0, 0, 0, 1, 1, 4, 4, 1, 0, 4, 3, 1, 3, 0, 2, 0, 0, 0, 0, 0, 2, 0, 3, 1, 2, 0, 0, 0, 0, 0, 0, 3, 1, 1, )

time 0 = 6390 us

loop counter = (0, 0, 0, 0, 1, 1, 4, 4, 1, 0, 4, 3, 1, 3, 0, 2, 0, 0, 0, 0, 0, 2, 0, 3, 1, 2, 0, 0, 0, 0, 0, 0, 3, 1, 1, )

time 0 = 4195 us

loop counter = (0, 0, 0, 0, 1, 1, 4, 4, 1, 0, 4, 3, 1, 3, 0, 2, 0, 0, 0, 0, 0, 2, 0, 3, 1, 2, 0, 0, 0, 0, 0, 0, 3, 1, 1, )

time 0 = 1818 us

loop counter = (0, 0, 0, 0, 1, 1, 4, 4, 1, 0, 4, 3, 1, 3, 0, 2, 0, 0, 0, 0, 0, 2, 0, 3, 1, 2, 0, 0, 0, 0, 0, 0, 3, 1, 1, )

time 0 = 2637 us

loop counter = (0, 0, 0, 0, 1, 1, 4, 4, 1, 0, 4, 3, 1, 3, 0, 2, 0, 0, 0, 0, 0, 2, 0, 3, 1, 2, 0, 0, 0, 0, 0, 0, 3, 1, 1, )

time 0 = 5560 us

loop counter = (0, 0, 0, 0, 1, 1, 4, 4, 1, 0, 4, 3, 1, 3, 0, 2, 0, 0, 0, 0, 0, 2, 0, 3, 1, 2, 0, 0, 0, 0, 0, 0, 3, 1, 1, )

time 0 = 1048 us

loop counter = (0, 0, 0, 0, 1, 1, 4, 4, 1, 0, 4, 3, 1, 3, 0, 2, 0, 0, 0, 0, 0, 2, 0, 3, 1, 2, 0, 0, 0, 0, 0, 0, 3, 1, 1, )

time 0 = 4070 us

loop counter = (0, 0, 0, 0, 1, 1, 4, 4, 1, 0, 4, 3, 1, 3, 0, 2, 0, 0, 0, 0, 0, 2, 0, 3, 1, 2, 0, 0, 0, 0, 0, 0, 3, 1, 1, )

time 0 = 6061 us

loop counter = (0, 0, 0, 0, 1, 1, 4, 4, 1, 0, 4, 3, 1, 3, 0, 2, 0, 0, 0, 0, 0, 2, 0, 3, 1, 2, 0, 0, 0, 0, 0, 0, 3, 1, 1, )

time 0 = 5036 us

loop counter = (0, 0, 0, 0, 1, 1, 4, 4, 1, 0, 4, 3, 1, 3, 0, 2, 0, 0, 0, 0, 0, 2, 0, 3, 1, 2, 0, 0, 0, 0, 0, 0, 3, 1, 1, )

time 0 = 1281 us

loop counter = (0, 0, 0, 0, 1, 1, 4, 4, 1, 0, 4, 3, 1, 3, 0, 2, 0, 0, 0, 0, 0, 2, 0, 3, 1, 2, 0, 0, 0, 0, 0, 0, 3, 1, 1, )

time 0 = 2771 us

loop counter = (0, 0, 0, 0, 1, 1, 4, 4, 1, 0, 4, 3, 1, 3, 0, 2, 0, 0, 0, 0, 0, 2, 0, 3, 1, 2, 0, 0, 0, 0, 0, 0, 3, 1, 1, )

time 0 = 7837 us

loop counter = (0, 0, 0, 0, 1, 1, 4, 4, 1, 0, 4, 3, 1, 3, 0, 2, 0, 0, 0, 0, 0, 2, 0, 3, 1, 2, 0, 0, 0, 0, 0, 0, 3, 1, 1, )

time 0 = 3038 us

loop counter = (0, 0, 0, 0, 1, 1, 4, 4, 1, 0, 4, 3, 1, 3, 0, 2, 0, 0, 0, 0, 0, 2, 0, 3, 1, 2, 0, 0, 0, 0, 0, 0, 3, 1, 1, )

time 0 = 7501 us

loop counter = (0, 0, 0, 0, 1, 1, 4, 4, 1, 0, 4, 3, 1, 3, 0, 2, 0, 0, 0, 0, 0, 2, 0, 3, 1, 2, 0, 0, 0, 0, 0, 0, 3, 1, 1, )

time 0 = 912 us

loop counter = (0, 0, 0, 0, 1, 1, 4, 4, 1, 0, 4, 3, 1, 3, 0, 2, 0, 0, 0, 0, 0, 2, 0, 3, 1, 2, 0, 0, 0, 0, 0, 0, 3, 1, 1, )

time 0 = 2145 us

loop counter = (0, 0, 0, 0, 1, 1, 4, 4, 1, 0, 4, 3, 1, 3, 0, 2, 0, 0, 0, 0, 0, 2, 0, 3, 1, 2, 0, 0, 0, 0, 0, 0, 3, 1, 1, )

time 0 = 7688 us

loop counter = (0, 0, 0, 0, 1, 1, 4, 4, 1, 0, 4, 3, 1, 3, 0, 2, 0, 0, 0, 0, 0, 2, 0, 3, 1, 2, 0, 0, 0, 0, 0, 0, 3, 1, 1, )

time 0 = 10947 us

loop counter = (0, 0, 0, 0, 1, 1, 4, 4, 1, 0, 4, 3, 1, 3, 0, 2, 0, 0, 0, 0, 0, 2, 0, 3, 1, 2, 0, 0, 0, 0, 0, 0, 3, 1, 1, )

time 0 = 842 us

loop counter = (0, 0, 0, 0, 1, 1, 4, 4, 1, 0, 4, 3, 1, 3, 0, 2, 0, 0, 0, 0, 0, 2, 0, 3, 1, 2, 0, 0, 0, 0, 0, 0, 3, 1, 1, )

time 0 = 11460 us

loop counter = (0, 0, 0, 0, 1, 1, 4, 4, 1, 0, 4, 3, 1, 3, 0, 2, 0, 0, 0, 0, 0, 2, 0, 3, 1, 2, 0, 0, 0, 0, 0, 0, 3, 1, 1, )

time 0 = 1758 us

loop counter = (0, 0, 0, 0, 1, 1, 4, 4, 1, 0, 4, 3, 1, 3, 0, 2, 0, 0, 0, 0, 0, 2, 0, 3, 1, 2, 0, 0, 0, 0, 0, 0, 3, 1, 1, )

time 0 = 11443 us

loop counter = (0, 0, 0, 0, 1, 1, 4, 4, 1, 0, 4, 3, 1, 3, 0, 2, 0, 0, 0, 0, 0, 2, 0, 3, 1, 2, 0, 0, 0, 0, 0, 0, 3, 1, 1, )

time 0 = 11953 us

loop counter = (0, 0, 0, 0, 1, 1, 4, 4, 1, 0, 4, 3, 1, 3, 0, 2, 0, 0, 0, 0, 0, 2, 0, 3, 1, 2, 0, 0, 0, 0, 0, 0, 3, 1, 1, )

time 0 = 8966 us

loop counter = (0, 0, 0, 0, 1, 1, 4, 4, 1, 0, 4, 3, 1, 3, 0, 2, 0, 0, 0, 0, 0, 2, 0, 3, 1, 2, 0, 0, 0, 0, 0, 0, 3, 1, 1, )

time 0 = 3237 us

loop counter = (0, 0, 0, 0, 1, 1, 4, 4, 1, 0, 4, 3, 1, 3, 0, 2, 0, 0, 0, 0, 0, 2, 0, 3, 1, 2, 0, 0, 0, 0, 0, 0, 3, 1, 1, )

time 0 = 7184 us

loop counter = (0, 0, 0, 0, 1, 1, 4, 4, 1, 0, 4, 3, 1, 3, 0, 2, 0, 0, 0, 0, 0, 2, 0, 3, 1, 2, 0, 0, 0, 0, 0, 0, 3, 1, 1, )

time 0 = 1199 us

loop counter = (0, 0, 0, 0, 1, 1, 4, 4, 1, 0, 4, 3, 1, 3, 0, 2, 0, 0, 0, 0, 0, 2, 0, 3, 1, 2, 0, 0, 0, 0, 0, 0, 3, 1, 1, )

time 0 = 1193 us

loop counter = (0, 0, 0, 0, 1, 1, 4, 4, 1, 0, 4, 3, 1, 3, 0, 2, 0, 0, 0, 0, 0, 2, 0, 3, 1, 2, 0, 0, 0, 0, 0, 0, 3, 1, 1, )

time 0 = 4961 us

loop counter = (0, 0, 0, 0, 1, 1, 4, 4, 1, 0, 4, 3, 1, 3, 0, 2, 0, 0, 0, 0, 0, 2, 0, 3, 1, 2, 0, 0, 0, 0, 0, 0, 3, 1, 1, )

time 0 = 12973 us

loop counter = (0, 0, 0, 0, 1, 1, 4, 4, 1, 0, 4, 3, 1, 3, 0, 2, 0, 0, 0, 0, 0, 2, 0, 3, 1, 2, 0, 0, 0, 0, 0, 0, 3, 1, 1, )

time 0 = 13581 us

loop counter = (0, 0, 0, 0, 1, 1, 4, 4, 1, 0, 4, 3, 1, 3, 0, 2, 0, 0, 0, 0, 0, 2, 0, 3, 1, 2, 0, 0, 0, 0, 0, 0, 3, 1, 1, )

time 0 = 8962 us

loop counter = (0, 0, 0, 0, 1, 1, 4, 4, 1, 0, 4, 3, 1, 3, 0, 2, 0, 0, 0, 0, 0, 2, 0, 3, 1, 2, 0, 0, 0, 0, 0, 0, 3, 1, 1, )

time 0 = 6201 us

loop counter = (0, 0, 0, 0, 1, 1, 4, 4, 1, 0, 4, 3, 1, 3, 0, 2, 0, 0, 0, 0, 0, 2, 0, 3, 1, 2, 0, 0, 0, 0, 0, 0, 3, 1, 1, )

time 0 = 1624 us

loop counter = (0, 0, 0, 0, 1, 1, 4, 4, 1, 0, 4, 3, 1, 3, 0, 2, 0, 0, 0, 0, 0, 2, 0, 3, 1, 2, 0, 0, 0, 0, 0, 0, 3, 1, 1, )

time 0 = 3028 us

loop counter = (0, 0, 0, 0, 1, 1, 4, 4, 1, 0, 4, 3, 1, 3, 0, 2, 0, 0, 0, 0, 0, 2, 0, 3, 1, 2, 0, 0, 0, 0, 0, 0, 3, 1, 1, )

time 0 = 7668 us

loop counter = (0, 0, 0, 0, 1, 1, 4, 4, 1, 0, 4, 3, 1, 3, 0, 2, 0, 0, 0, 0, 0, 2, 0, 3, 1, 2, 0, 0, 0, 0, 0, 0, 3, 1, 1, )

time 0 = 9277 us

loop counter = (0, 0, 0, 0, 1, 1, 4, 4, 1, 0, 4, 3, 1, 3, 0, 2, 0, 0, 0, 0, 0, 2, 0, 3, 1, 2, 0, 0, 0, 0, 0, 0, 3, 1, 1, )

time 0 = 10447 us

loop counter = (0, 0, 0, 0, 1, 1, 4, 4, 1, 0, 4, 3, 1, 3, 0, 2, 0, 0, 0, 0, 0, 2, 0, 3, 1, 2, 0, 0, 0, 0, 0, 0, 3, 1, 1, )

time 0 = 3491 us

loop counter = (0, 0, 0, 0, 1, 1, 4, 4, 1, 0, 4, 3, 1, 3, 0, 2, 0, 0, 0, 0, 0, 2, 0, 3, 1, 2, 0, 0, 0, 0, 0, 0, 3, 1, 1, )

time 0 = 3714 us

loop counter = (0, 0, 0, 0, 1, 1, 4, 4, 1, 0, 4, 3, 1, 3, 0, 2, 0, 0, 0, 0, 0, 2, 0, 3, 1, 2, 0, 0, 0, 0, 0, 0, 3, 1, 1, )

time 0 = 12992 us

loop counter = (0, 0, 0, 0, 1, 1, 4, 4, 1, 0, 4, 3, 1, 3, 0, 2, 0, 0, 0, 0, 0, 2, 0, 3, 1, 2, 0, 0, 0, 0, 0, 0, 3, 1, 1, )

time 0 = 8832 us

loop counter = (0, 0, 0, 0, 1, 1, 4, 4, 1, 0, 4, 3, 1, 3, 0, 2, 0, 0, 0, 0, 0, 2, 0, 3, 1, 2, 0, 0, 0, 0, 0, 0, 3, 1, 1, )

time 0 = 8664 us

loop counter = (0, 0, 0, 0, 1, 1, 4, 4, 1, 0, 4, 3, 1, 3, 0, 2, 0, 0, 0, 0, 0, 2, 0, 3, 1, 2, 0, 0, 0, 0, 0, 0, 3, 1, 1, )

time 0 = 10767 us

loop counter = (0, 0, 0, 0, 1, 1, 4, 4, 1, 0, 4, 3, 1, 3, 0, 2, 0, 0, 0, 0, 0, 2, 0, 3, 1, 2, 0, 0, 0, 0, 0, 0, 3, 1, 1, )

time 0 = 9949 us

loop counter = (0, 0, 0, 0, 1, 1, 4, 4, 1, 0, 4, 3, 1, 3, 0, 2, 0, 0, 0, 0, 0, 2, 0, 3, 1, 2, 0, 0, 0, 0, 0, 0, 3, 1, 1, )

time 0 = 4591 us

loop counter = (0, 0, 0, 0, 1, 1, 4, 4, 1, 0, 4, 3, 1, 3, 0, 2, 0, 0, 0, 0, 0, 2, 0, 3, 1, 2, 0, 0, 0, 0, 0, 0, 3, 1, 1, )

time 0 = 5107 us

loop counter = (0, 0, 0, 0, 1, 1, 4, 4, 1, 0, 4, 3, 1, 3, 0, 2, 0, 0, 0, 0, 0, 2, 0, 3, 1, 2, 0, 0, 0, 0, 0, 0, 3, 1, 1, )

time 0 = 2023 us

loop counter = (0, 0, 0, 0, 1, 1, 4, 4, 1, 0, 4, 3, 1, 3, 0, 2, 0, 0, 0, 0, 0, 2, 0, 3, 1, 2, 0, 0, 0, 0, 0, 0, 3, 1, 1, )

time 0 = 918 us

loop counter = (0, 0, 0, 0, 1, 1, 4, 4, 1, 0, 4, 3, 1, 3, 0, 2, 0, 0, 0, 0, 0, 2, 0, 3, 1, 2, 0, 0, 0, 0, 0, 0, 3, 1, 1, )

time 0 = 9950 us

loop counter = (0, 0, 0, 0, 1, 1, 4, 4, 1, 0, 4, 3, 1, 3, 0, 2, 0, 0, 0, 0, 0, 2, 0, 3, 1, 2, 0, 0, 0, 0, 0, 0, 3, 1, 1, )

time 0 = 6898 us

loop counter = (0, 0, 0, 0, 1, 1, 4, 4, 1, 0, 4, 3, 1, 3, 0, 2, 0, 0, 0, 0, 0, 2, 0, 3, 1, 2, 0, 0, 0, 0, 0, 0, 3, 1, 1, )

time 0 = 7914 us

loop counter = (0, 0, 0, 0, 1, 1, 4, 4, 1, 0, 4, 3, 1, 3, 0, 2, 0, 0, 0, 0, 0, 2, 0, 3, 1, 2, 0, 0, 0, 0, 0, 0, 3, 1, 1, )

time 0 = 1215 us

loop counter = (0, 0, 0, 0, 1, 1, 4, 4, 1, 0, 4, 3, 1, 3, 0, 2, 0, 0, 0, 0, 0, 2, 0, 3, 1, 2, 0, 0, 0, 0, 0, 0, 3, 1, 1, )

time 0 = 8614 us

loop counter = (0, 0, 0, 0, 1, 1, 4, 4, 1, 0, 4, 3, 1, 3, 0, 2, 0, 0, 0, 0, 0, 2, 0, 3, 1, 2, 0, 0, 0, 0, 0, 0, 3, 1, 1, )

time 0 = 5237 us

loop counter = (0, 0, 0, 0, 1, 1, 4, 4, 1, 0, 4, 3, 1, 3, 0, 2, 0, 0, 0, 0, 0, 2, 0, 3, 1, 2, 0, 0, 0, 0, 0, 0, 3, 1, 1, )

time 0 = 3275 us

loop counter = (0, 0, 0, 0, 1, 1, 4, 4, 1, 0, 4, 3, 1, 3, 0, 2, 0, 0, 0, 0, 0, 2, 0, 3, 1, 2, 0, 0, 0, 0, 0, 0, 3, 1, 1, )

time 0 = 12121 us

loop counter = (0, 0, 0, 0, 1, 1, 4, 4, 1, 0, 4, 3, 1, 3, 0, 2, 0, 0, 0, 0, 0, 2, 0, 3, 1, 2, 0, 0, 0, 0, 0, 0, 3, 1, 1, )

time 0 = 26804 us

loop counter = (0, 0, 0, 0, 1, 1, 4, 4, 1, 0, 4, 3, 1, 3, 0, 2, 0, 0, 0, 0, 0, 2, 0, 3, 1, 2, 0, 0, 0, 0, 0, 0, 3, 1, 1, )

time 0 = 1572 us

loop counter = (0, 0, 0, 0, 1, 1, 4, 4, 1, 0, 4, 3, 1, 3, 0, 2, 0, 0, 0, 0, 0, 2, 0, 3, 1, 2, 0, 0, 0, 0, 0, 0, 3, 1, 1, )

time 0 = 13702 us

loop counter = (0, 0, 0, 0, 1, 1, 4, 4, 1, 0, 4, 3, 1, 3, 0, 2, 0, 0, 0, 0, 0, 2, 0, 3, 1, 2, 0, 0, 0, 0, 0, 0, 3, 1, 1, )

time 0 = 804 us

loop counter = (0, 0, 0, 0, 1, 1, 4, 4, 1, 0, 4, 3, 1, 3, 0, 2, 0, 0, 0, 0, 0, 2, 0, 3, 1, 2, 0, 0, 0, 0, 0, 0, 3, 1, 1, )

time 0 = 7116 us

loop counter = (0, 0, 0, 0, 1, 1, 4, 4, 1, 0, 4, 3, 1, 3, 0, 2, 0, 0, 0, 0, 0, 2, 0, 3, 1, 2, 0, 0, 0, 0, 0, 0, 3, 1, 1, )

time 0 = 10865 us

loop counter = (0, 0, 0, 0, 1, 1, 4, 4, 1, 0, 4, 3, 1, 3, 0, 2, 0, 0, 0, 0, 0, 2, 0, 3, 1, 2, 0, 0, 0, 0, 0, 0, 3, 1, 1, )

time 0 = 1212 us

loop counter = (0, 0, 0, 0, 1, 1, 4, 4, 1, 0, 4, 3, 1, 3, 0, 2, 0, 0, 0, 0, 0, 2, 0, 3, 1, 2, 0, 0, 0, 0, 0, 0, 3, 1, 1, )

time 0 = 10286 us

loop counter = (0, 0, 0, 0, 1, 1, 4, 4, 1, 0, 4, 3, 1, 3, 0, 2, 0, 0, 0, 0, 0, 2, 0, 3, 1, 2, 0, 0, 0, 0, 0, 0, 3, 1, 1, )

time 0 = 13107 us

loop counter = (0, 0, 0, 0, 1, 1, 4, 4, 1, 0, 4, 3, 1, 3, 0, 2, 0, 0, 0, 0, 0, 2, 0, 3, 1, 2, 0, 0, 0, 0, 0, 0, 3, 1, 1, )

time 0 = 12631 us

loop counter = (0, 0, 0, 0, 1, 1, 4, 4, 1, 0, 4, 3, 1, 3, 0, 2, 0, 0, 0, 0, 0, 2, 0, 3, 1, 2, 0, 0, 0, 0, 0, 0, 3, 1, 1, )

time 0 = 3305 us

loop counter = (0, 0, 0, 0, 1, 1, 4, 4, 1, 0, 4, 3, 1, 3, 0, 2, 0, 0, 0, 0, 0, 2, 0, 3, 1, 2, 0, 0, 0, 0, 0, 0, 3, 1, 1, )

time 0 = 2489 us

loop counter = (0, 0, 0, 0, 1, 1, 4, 4, 1, 0, 4, 3, 1, 3, 0, 2, 0, 0, 0, 0, 0, 2, 0, 3, 1, 2, 0, 0, 0, 0, 0, 0, 3, 1, 1, )

time 0 = 1336 us

loop counter = (0, 0, 0, 0, 1, 1, 4, 4, 1, 0, 4, 3, 1, 3, 0, 2, 0, 0, 0, 0, 0, 2, 0, 3, 1, 2, 0, 0, 0, 0, 0, 0, 3, 1, 1, )

time 0 = 9712 us

loop counter = (0, 0, 0, 0, 1, 1, 4, 4, 1, 0, 4, 3, 1, 3, 0, 2, 0, 0, 0, 0, 0, 2, 0, 3, 1, 2, 0, 0, 0, 0, 0, 0, 3, 1, 1, )

time 0 = 18118 us

loop counter = (0, 0, 0, 0, 1, 1, 4, 4, 1, 0, 4, 3, 1, 3, 0, 2, 0, 0, 0, 0, 0, 2, 0, 3, 1, 2, 0, 0, 0, 0, 0, 0, 3, 1, 1, )

time 0 = 2764 us

loop counter = (0, 0, 0, 0, 1, 1, 4, 4, 1, 0, 4, 3, 1, 3, 0, 2, 0, 0, 0, 0, 0, 2, 0, 3, 1, 2, 0, 0, 0, 0, 0, 0, 3, 1, 1, )

time 0 = 7121 us

loop counter = (0, 0, 0, 0, 1, 1, 4, 4, 1, 0, 4, 3, 1, 3, 0, 2, 0, 0, 0, 0, 0, 2, 0, 3, 1, 2, 0, 0, 0, 0, 0, 0, 3, 1, 1, )

time 0 = 2040 us

loop counter = (0, 0, 0, 0, 1, 1, 4, 4, 1, 0, 4, 3, 1, 3, 0, 2, 0, 0, 0, 0, 0, 2, 0, 3, 1, 2, 0, 0, 0, 0, 0, 0, 3, 1, 1, )

time 0 = 9217 us

loop counter = (0, 0, 0, 0, 1, 1, 4, 4, 1, 0, 4, 3, 1, 3, 0, 2, 0, 0, 0, 0, 0, 2, 0, 3, 1, 2, 0, 0, 0, 0, 0, 0, 3, 1, 1, )

time 0 = 3698 us

loop counter = (0, 0, 0, 0, 1, 1, 4, 4, 1, 0, 4, 3, 1, 3, 0, 2, 0, 0, 0, 0, 0, 2, 0, 3, 1, 2, 0, 0, 0, 0, 0, 0, 3, 1, 1, )

time 0 = 6412 us

loop counter = (0, 0, 0, 0, 1, 1, 4, 4, 1, 0, 4, 3, 1, 3, 0, 2, 0, 0, 0, 0, 0, 2, 0, 3, 1, 2, 0, 0, 0, 0, 0, 0, 3, 1, 1, )

time 0 = 6264 us

loop counter = (0, 0, 0, 0, 1, 1, 4, 4, 1, 0, 4, 3, 1, 3, 0, 2, 0, 0, 0, 0, 0, 2, 0, 3, 1, 2, 0, 0, 0, 0, 0, 0, 3, 1, 1, )

time 0 = 1716 us

loop counter = (0, 0, 0, 0, 1, 1, 4, 4, 1, 0, 4, 3, 1, 3, 0, 2, 0, 0, 0, 0, 0, 2, 0, 3, 1, 2, 0, 0, 0, 0, 0, 0, 3, 1, 1, )

time 0 = 8958 us

loop counter = (0, 0, 0, 0, 1, 1, 4, 4, 1, 0, 4, 3, 1, 3, 0, 2, 0, 0, 0, 0, 0, 2, 0, 3, 1, 2, 0, 0, 0, 0, 0, 0, 3, 1, 1, )

time 0 = 1878 us

loop counter = (0, 0, 0, 0, 1, 1, 4, 4, 1, 0, 4, 3, 1, 3, 0, 2, 0, 0, 0, 0, 0, 2, 0, 3, 1, 2, 0, 0, 0, 0, 0, 0, 3, 1, 1, )

time 0 = 9655 us

loop counter = (0, 0, 0, 0, 1, 1, 4, 4, 1, 0, 4, 3, 1, 3, 0, 2, 0, 0, 0, 0, 0, 2, 0, 3, 1, 2, 0, 0, 0, 0, 0, 0, 3, 1, 1, )

time 0 = 9032 us

loop counter = (0, 0, 0, 0, 1, 1, 4, 4, 1, 0, 4, 3, 1, 3, 0, 2, 0, 0, 0, 0, 0, 2, 0, 3, 1, 2, 0, 0, 0, 0, 0, 0, 3, 1, 1, )

time 0 = 3993 us

loop counter = (0, 0, 0, 0, 1, 1, 4, 4, 1, 0, 4, 3, 1, 3, 0, 2, 0, 0, 0, 0, 0, 2, 0, 3, 1, 2, 0, 0, 0, 0, 0, 0, 3, 1, 1, )

time 0 = 12563 us

loop counter = (0, 0, 0, 0, 1, 1, 4, 4, 1, 0, 4, 3, 1, 3, 0, 2, 0, 0, 0, 0, 0, 2, 0, 3, 1, 2, 0, 0, 0, 0, 0, 0, 3, 1, 1, )

time 0 = 5683 us

loop counter = (0, 0, 0, 0, 1, 1, 4, 4, 1, 0, 4, 3, 1, 3, 0, 2, 0, 0, 0, 0, 0, 2, 0, 3, 1, 2, 0, 0, 0, 0, 0, 0, 3, 1, 1, )

time 0 = 9096 us

loop counter = (0, 0, 0, 0, 1, 1, 4, 4, 1, 0, 4, 3, 1, 3, 0, 2, 0, 0, 0, 0, 0, 2, 0, 3, 1, 2, 0, 0, 0, 0, 0, 0, 3, 1, 1, )

time 0 = 1533 us

loop counter = (0, 0, 0, 0, 1, 1, 4, 4, 1, 0, 4, 3, 1, 3, 0, 2, 0, 0, 0, 0, 0, 2, 0, 3, 1, 2, 0, 0, 0, 0, 0, 0, 3, 1, 1, )

time 0 = 7602 us

loop counter = (0, 0, 0, 0, 1, 1, 4, 4, 1, 0, 4, 3, 1, 3, 0, 2, 0, 0, 0, 0, 0, 2, 0, 3, 1, 2, 0, 0, 0, 0, 0, 0, 3, 1, 1, )

time 0 = 5133 us

loop counter = (0, 0, 0, 0, 1, 1, 4, 4, 1, 0, 4, 3, 1, 3, 0, 2, 0, 0, 0, 0, 0, 2, 0, 3, 1, 2, 0, 0, 0, 0, 0, 0, 3, 1, 1, )

time 0 = 5514 us

loop counter = (0, 0, 0, 0, 1, 1, 4, 4, 1, 0, 4, 3, 1, 3, 0, 2, 0, 0, 0, 0, 0, 2, 0, 3, 1, 2, 0, 0, 0, 0, 0, 0, 3, 1, 1, )

time 0 = 3292 us

loop counter = (0, 0, 0, 0, 1, 1, 4, 4, 1, 0, 4, 3, 1, 3, 0, 2, 0, 0, 0, 0, 0, 2, 0, 3, 1, 2, 0, 0, 0, 0, 0, 0, 3, 1, 1, )

time 0 = 2659 us

loop counter = (0, 0, 0, 0, 1, 1, 4, 4, 1, 0, 4, 3, 1, 3, 0, 2, 0, 0, 0, 0, 0, 2, 0, 3, 1, 2, 0, 0, 0, 0, 0, 0, 3, 1, 1, )

time 0 = 12002 us

loop counter = (0, 0, 0, 0, 1, 1, 4, 4, 1, 0, 4, 3, 1, 3, 0, 2, 0, 0, 0, 0, 0, 2, 0, 3, 1, 2, 0, 0, 0, 0, 0, 0, 3, 1, 1, )

time 0 = 2657 us

loop counter = (0, 0, 0, 0, 1, 1, 4, 4, 1, 0, 4, 3, 1, 3, 0, 2, 0, 0, 0, 0, 0, 2, 0, 3, 1, 2, 0, 0, 0, 0, 0, 0, 3, 1, 1, )

time 0 = 4781 us

loop counter = (0, 0, 0, 0, 1, 1, 4, 4, 1, 0, 4, 3, 1, 3, 0, 2, 0, 0, 0, 0, 0, 2, 0, 3, 1, 2, 0, 0, 0, 0, 0, 0, 3, 1, 1, )

time 0 = 11760 us

loop counter = (0, 0, 0, 0, 1, 1, 4, 4, 1, 0, 4, 3, 1, 3, 0, 2, 0, 0, 0, 0, 0, 2, 0, 3, 1, 2, 0, 0, 0, 0, 0, 0, 3, 1, 1, )

time 0 = 3682 us

loop counter = (0, 0, 0, 0, 1, 1, 4, 4, 1, 0, 4, 3, 1, 3, 0, 2, 0, 0, 0, 0, 0, 2, 0, 3, 1, 2, 0, 0, 0, 0, 0, 0, 3, 1, 1, )

time 0 = 1617 us

loop counter = (0, 0, 0, 0, 1, 1, 4, 4, 1, 0, 4, 3, 1, 3, 0, 2, 0, 0, 0, 0, 0, 2, 0, 3, 1, 2, 0, 0, 0, 0, 0, 0, 3, 1, 1, )

time 0 = 8290 us

loop counter = (0, 0, 0, 0, 1, 1, 4, 4, 1, 0, 4, 3, 1, 3, 0, 2, 0, 0, 0, 0, 0, 2, 0, 3, 1, 2, 0, 0, 0, 0, 0, 0, 3, 1, 1, )

time 0 = 2518 us

loop counter = (0, 0, 0, 0, 1, 1, 4, 4, 1, 0, 4, 3, 1, 3, 0, 2, 0, 0, 0, 0, 0, 2, 0, 3, 1, 2, 0, 0, 0, 0, 0, 0, 3, 1, 1, )

time 0 = 8067 us

loop counter = (0, 0, 0, 0, 1, 1, 4, 4, 1, 0, 4, 3, 1, 3, 0, 2, 0, 0, 0, 0, 0, 2, 0, 3, 1, 2, 0, 0, 0, 0, 0, 0, 3, 1, 1, )

time 0 = 1332 us

loop counter = (0, 0, 0, 0, 1, 1, 4, 4, 1, 0, 4, 3, 1, 3, 0, 2, 0, 0, 0, 0, 0, 2, 0, 3, 1, 2, 0, 0, 0, 0, 0, 0, 3, 1, 1, )

time 0 = 11743 us

loop counter = (0, 0, 0, 0, 1, 1, 4, 4, 1, 0, 4, 3, 1, 3, 0, 2, 0, 0, 0, 0, 0, 2, 0, 3, 1, 2, 0, 0, 0, 0, 0, 0, 3, 1, 1, )

time 0 = 2488 us

loop counter = (0, 0, 0, 0, 1, 1, 4, 4, 1, 0, 4, 3, 1, 3, 0, 2, 0, 0, 0, 0, 0, 2, 0, 3, 1, 2, 0, 0, 0, 0, 0, 0, 3, 1, 1, )

time 0 = 3654 us

loop counter = (0, 0, 0, 0, 1, 1, 4, 4, 1, 0, 4, 3, 1, 3, 0, 2, 0, 0, 0, 0, 0, 2, 0, 3, 1, 2, 0, 0, 0, 0, 0, 0, 3, 1, 1, )

time 0 = 2734 us

loop counter = (0, 0, 0, 0, 1, 1, 4, 4, 1, 0, 4, 3, 1, 3, 0, 2, 0, 0, 0, 0, 0, 2, 0, 3, 1, 2, 0, 0, 0, 0, 0, 0, 3, 1, 1, )

time 0 = 2906 us

loop counter = (0, 0, 0, 0, 1, 1, 4, 4, 1, 0, 4, 3, 1, 3, 0, 2, 0, 0, 0, 0, 0, 2, 0, 3, 1, 2, 0, 0, 0, 0, 0, 0, 3, 1, 1, )

time 0 = 1726 us

loop counter = (0, 0, 0, 0, 1, 1, 4, 4, 1, 0, 4, 3, 1, 3, 0, 2, 0, 0, 0, 0, 0, 2, 0, 3, 1, 2, 0, 0, 0, 0, 0, 0, 3, 1, 1, )

time 0 = 7501 us

loop counter = (0, 0, 0, 0, 1, 1, 4, 4, 1, 0, 4, 3, 1, 3, 0, 2, 0, 0, 0, 0, 0, 2, 0, 3, 1, 2, 0, 0, 0, 0, 0, 0, 3, 1, 1, )

time 0 = 2793 us

loop counter = (0, 0, 0, 0, 1, 1, 4, 4, 1, 0, 4, 3, 1, 3, 0, 2, 0, 0, 0, 0, 0, 2, 0, 3, 1, 2, 0, 0, 0, 0, 0, 0, 3, 1, 1, )

time 0 = 5020 us

loop counter = (0, 0, 0, 0, 1, 1, 4, 4, 1, 0, 4, 3, 1, 3, 0, 2, 0, 0, 0, 0, 0, 2, 0, 3, 1, 2, 0, 0, 0, 0, 0, 0, 3, 1, 1, )

time 0 = 9333 us

loop counter = (0, 0, 0, 0, 1, 1, 4, 4, 1, 0, 4, 3, 1, 3, 0, 2, 0, 0, 0, 0, 0, 2, 0, 3, 1, 2, 0, 0, 0, 0, 0, 0, 3, 1, 1, )

time 0 = 9222 us

loop counter = (0, 0, 0, 0, 1, 1, 4, 4, 1, 0, 4, 3, 1, 3, 0, 2, 0, 0, 0, 0, 0, 2, 0, 3, 1, 2, 0, 0, 0, 0, 0, 0, 3, 1, 1, )

time 0 = 9948 us

loop counter = (0, 0, 0, 0, 1, 1, 4, 4, 1, 0, 4, 3, 1, 3, 0, 2, 0, 0, 0, 0, 0, 2, 0, 3, 1, 2, 0, 0, 0, 0, 0, 0, 3, 1, 1, )

time 0 = 1335 us

loop counter = (0, 0, 0, 0, 1, 1, 4, 4, 1, 0, 4, 3, 1, 3, 0, 2, 0, 0, 0, 0, 0, 2, 0, 3, 1, 2, 0, 0, 0, 0, 0, 0, 3, 1, 1, )

time 0 = 16730 us

loop counter = (0, 0, 0, 0, 1, 1, 4, 4, 1, 0, 4, 3, 1, 3, 0, 2, 0, 0, 0, 0, 0, 2, 0, 3, 1, 2, 0, 0, 0, 0, 0, 0, 3, 1, 1, )

time 0 = 7346 us

loop counter = (0, 0, 0, 0, 1, 1, 4, 4, 1, 0, 4, 3, 1, 3, 0, 2, 0, 0, 0, 0, 0, 2, 0, 3, 1, 2, 0, 0, 0, 0, 0, 0, 3, 1, 1, )

time 0 = 10534 us

loop counter = (0, 0, 0, 0, 1, 1, 4, 4, 1, 0, 4, 3, 1, 3, 0, 2, 0, 0, 0, 0, 0, 2, 0, 3, 1, 2, 0, 0, 0, 0, 0, 0, 3, 1, 1, )

time 0 = 4281 us

loop counter = (0, 0, 0, 0, 1, 1, 4, 4, 1, 0, 4, 3, 1, 3, 0, 2, 0, 0, 0, 0, 0, 2, 0, 3, 1, 2, 0, 0, 0, 0, 0, 0, 3, 1, 1, )

time 0 = 5639 us

loop counter = (0, 0, 0, 0, 1, 1, 4, 4, 1, 0, 4, 3, 1, 3, 0, 2, 0, 0, 0, 0, 0, 2, 0, 3, 1, 2, 0, 0, 0, 0, 0, 0, 3, 1, 1, )

time 0 = 4455 us

loop counter = (0, 0, 0, 0, 1, 1, 4, 4, 1, 0, 4, 3, 1, 3, 0, 2, 0, 0, 0, 0, 0, 2, 0, 3, 1, 2, 0, 0, 0, 0, 0, 0, 3, 1, 1, )

time 0 = 1794 us

loop counter = (0, 0, 0, 0, 1, 1, 4, 4, 1, 0, 4, 3, 1, 3, 0, 2, 0, 0, 0, 0, 0, 2, 0, 3, 1, 2, 0, 0, 0, 0, 0, 0, 3, 1, 1, )

time 0 = 14028 us

loop counter = (0, 0, 0, 0, 1, 1, 4, 4, 1, 0, 4, 3, 1, 3, 0, 2, 0, 0, 0, 0, 0, 2, 0, 3, 1, 2, 0, 0, 0, 0, 0, 0, 3, 1, 1, )

time 0 = 5038 us

loop counter = (0, 0, 0, 0, 1, 1, 4, 4, 1, 0, 4, 3, 1, 3, 0, 2, 0, 0, 0, 0, 0, 2, 0, 3, 1, 2, 0, 0, 0, 0, 0, 0, 3, 1, 1, )

time 0 = 11456 us

loop counter = (0, 0, 0, 0, 1, 1, 4, 4, 1, 0, 4, 3, 1, 3, 0, 2, 0, 0, 0, 0, 0, 2, 0, 3, 1, 2, 0, 0, 0, 0, 0, 0, 3, 1, 1, )

time 0 = 7450 us

loop counter = (0, 0, 0, 0, 1, 1, 4, 4, 1, 0, 4, 3, 1, 3, 0, 2, 0, 0, 0, 0, 0, 2, 0, 3, 1, 2, 0, 0, 0, 0, 0, 0, 3, 1, 1, )

time 0 = 11512 us

loop counter = (0, 0, 0, 0, 1, 1, 4, 4, 1, 0, 4, 3, 1, 3, 0, 2, 0, 0, 0, 0, 0, 2, 0, 3, 1, 2, 0, 0, 0, 0, 0, 0, 3, 1, 1, )

time 0 = 4477 us

loop counter = (0, 0, 0, 0, 1, 1, 4, 4, 1, 0, 4, 3, 1, 3, 0, 2, 0, 0, 0, 0, 0, 2, 0, 3, 1, 2, 0, 0, 0, 0, 0, 0, 3, 1, 1, )

time 0 = 10755 us

loop counter = (0, 0, 0, 0, 1, 1, 4, 4, 1, 0, 4, 3, 1, 3, 0, 2, 0, 0, 0, 0, 0, 2, 0, 3, 1, 2, 0, 0, 0, 0, 0, 0, 3, 1, 1, )

time 0 = 10449 us

loop counter = (0, 0, 0, 0, 1, 1, 4, 4, 1, 0, 4, 3, 1, 3, 0, 2, 0, 0, 0, 0, 0, 2, 0, 3, 1, 2, 0, 0, 0, 0, 0, 0, 3, 1, 1, )

time 0 = 1053 us

loop counter = (0, 0, 0, 0, 1, 1, 4, 4, 1, 0, 4, 3, 1, 3, 0, 2, 0, 0, 0, 0, 0, 2, 0, 3, 1, 2, 0, 0, 0, 0, 0, 0, 3, 1, 1, )

time 0 = 10122 us

loop counter = (0, 0, 0, 0, 1, 1, 4, 4, 1, 0, 4, 3, 1, 3, 0, 2, 0, 0, 0, 0, 0, 2, 0, 3, 1, 2, 0, 0, 0, 0, 0, 0, 3, 1, 1, )

time 0 = 11858 us

loop counter = (0, 0, 0, 0, 1, 1, 4, 4, 1, 0, 4, 3, 1, 3, 0, 2, 0, 0, 0, 0, 0, 2, 0, 3, 1, 2, 0, 0, 0, 0, 0, 0, 3, 1, 1, )

time 0 = 9577 us

loop counter = (0, 0, 0, 0, 1, 1, 4, 4, 1, 0, 4, 3, 1, 3, 0, 2, 0, 0, 0, 0, 0, 2, 0, 3, 1, 2, 0, 0, 0, 0, 0, 0, 3, 1, 1, )

time 0 = 9199 us

loop counter = (0, 0, 0, 0, 1, 1, 4, 4, 1, 0, 4, 3, 1, 3, 0, 2, 0, 0, 0, 0, 0, 2, 0, 3, 1, 2, 0, 0, 0, 0, 0, 0, 3, 1, 1, )

time 0 = 4809 us

loop counter = (0, 0, 0, 0, 1, 1, 4, 4, 1, 0, 4, 3, 1, 3, 0, 2, 0, 0, 0, 0, 0, 2, 0, 3, 1, 2, 0, 0, 0, 0, 0, 0, 3, 1, 1, )

time 0 = 9502 us

loop counter = (0, 0, 0, 0, 1, 1, 4, 4, 1, 0, 4, 3, 1, 3, 0, 2, 0, 0, 0, 0, 0, 2, 0, 3, 1, 2, 0, 0, 0, 0, 0, 0, 3, 1, 1, )

time 0 = 2561 us

loop counter = (0, 0, 0, 0, 1, 1, 4, 4, 1, 0, 4, 3, 1, 3, 0, 2, 0, 0, 0, 0, 0, 2, 0, 3, 1, 2, 0, 0, 0, 0, 0, 0, 3, 1, 1, )

time 0 = 5972 us

loop counter = (0, 0, 0, 0, 1, 1, 4, 4, 1, 0, 4, 3, 1, 3, 0, 2, 0, 0, 0, 0, 0, 2, 0, 3, 1, 2, 0, 0, 0, 0, 0, 0, 3, 1, 1, )

time 0 = 2480 us

loop counter = (0, 0, 0, 0, 1, 1, 4, 4, 1, 0, 4, 3, 1, 3, 0, 2, 0, 0, 0, 0, 0, 2, 0, 3, 1, 2, 0, 0, 0, 0, 0, 0, 3, 1, 1, )

time 0 = 8764 us

loop counter = (0, 0, 0, 0, 1, 1, 4, 4, 1, 0, 4, 3, 1, 3, 0, 2, 0, 0, 0, 0, 0, 2, 0, 3, 1, 2, 0, 0, 0, 0, 0, 0, 3, 1, 1, )

time 0 = 8125 us

loop counter = (0, 0, 0, 0, 1, 1, 4, 4, 1, 0, 4, 3, 1, 3, 0, 2, 0, 0, 0, 0, 0, 2, 0, 3, 1, 2, 0, 0, 0, 0, 0, 0, 3, 1, 1, )

time 0 = 9003 us

loop counter = (0, 0, 0, 0, 1, 1, 4, 4, 1, 0, 4, 3, 1, 3, 0, 2, 0, 0, 0, 0, 0, 2, 0, 3, 1, 2, 0, 0, 0, 0, 0, 0, 3, 1, 1, )

time 0 = 2143 us

loop counter = (0, 0, 0, 0, 1, 1, 4, 4, 1, 0, 4, 3, 1, 3, 0, 2, 0, 0, 0, 0, 0, 2, 0, 3, 1, 2, 0, 0, 0, 0, 0, 0, 3, 1, 1, )

time 0 = 8915 us

loop counter = (0, 0, 0, 0, 1, 1, 4, 4, 1, 0, 4, 3, 1, 3, 0, 2, 0, 0, 0, 0, 0, 2, 0, 3, 1, 2, 0, 0, 0, 0, 0, 0, 3, 1, 1, )

time 0 = 5348 us

loop counter = (0, 0, 0, 0, 1, 1, 4, 4, 1, 0, 4, 3, 1, 3, 0, 2, 0, 0, 0, 0, 0, 2, 0, 3, 1, 2, 0, 0, 0, 0, 0, 0, 3, 1, 1, )

time 0 = 815 us

loop counter = (0, 0, 0, 0, 1, 1, 4, 4, 1, 0, 4, 3, 1, 3, 0, 2, 0, 0, 0, 0, 0, 2, 0, 3, 1, 2, 0, 0, 0, 0, 0, 0, 3, 1, 1, )

time 0 = 11288 us

loop counter = (0, 0, 0, 0, 1, 1, 4, 4, 1, 0, 4, 3, 1, 3, 0, 2, 0, 0, 0, 0, 0, 2, 0, 3, 1, 2, 0, 0, 0, 0, 0, 0, 3, 1, 1, )

time 0 = 1746 us

loop counter = (0, 0, 0, 0, 1, 1, 4, 4, 1, 0, 4, 3, 1, 3, 0, 2, 0, 0, 0, 0, 0, 2, 0, 3, 1, 2, 0, 0, 0, 0, 0, 0, 3, 1, 1, )

time 0 = 6178 us

loop counter = (0, 0, 0, 0, 1, 1, 4, 4, 1, 0, 4, 3, 1, 3, 0, 2, 0, 0, 0, 0, 0, 2, 0, 3, 1, 2, 0, 0, 0, 0, 0, 0, 3, 1, 1, )

time 0 = 10370 us

loop counter = (0, 0, 0, 0, 1, 1, 4, 4, 1, 0, 4, 3, 1, 3, 0, 2, 0, 0, 0, 0, 0, 2, 0, 3, 1, 2, 0, 0, 0, 0, 0, 0, 3, 1, 1, )

time 0 = 2769 us

loop counter = (0, 0, 0, 0, 1, 1, 4, 4, 1, 0, 4, 3, 1, 3, 0, 2, 0, 0, 0, 0, 0, 2, 0, 3, 1, 2, 0, 0, 0, 0, 0, 0, 3, 1, 1, )

time 0 = 13857 us

loop counter = (0, 0, 0, 0, 1, 1, 4, 4, 1, 0, 4, 3, 1, 3, 0, 2, 0, 0, 0, 0, 0, 2, 0, 3, 1, 2, 0, 0, 0, 0, 0, 0, 3, 1, 1, )

time 0 = 2621 us

loop counter = (0, 0, 0, 0, 1, 1, 4, 4, 1, 0, 4, 3, 1, 3, 0, 2, 0, 0, 0, 0, 0, 2, 0, 3, 1, 2, 0, 0, 0, 0, 0, 0, 3, 1, 1, )

time 0 = 12223 us

loop counter = (0, 0, 0, 0, 1, 1, 4, 4, 1, 0, 4, 3, 1, 3, 0, 2, 0, 0, 0, 0, 0, 2, 0, 3, 1, 2, 0, 0, 0, 0, 0, 0, 3, 1, 1, )

time 0 = 4651 us

loop counter = (0, 0, 0, 0, 1, 1, 4, 4, 1, 0, 4, 3, 1, 3, 0, 2, 0, 0, 0, 0, 0, 2, 0, 3, 1, 2, 0, 0, 0, 0, 0, 0, 3, 1, 1, )

time 0 = 1058 us

loop counter = (0, 0, 0, 0, 1, 1, 4, 4, 1, 0, 4, 3, 1, 3, 0, 2, 0, 0, 0, 0, 0, 2, 0, 3, 1, 2, 0, 0, 0, 0, 0, 0, 3, 1, 1, )

time 0 = 13750 us

loop counter = (0, 0, 0, 0, 1, 1, 4, 4, 1, 0, 4, 3, 1, 3, 0, 2, 0, 0, 0, 0, 0, 2, 0, 3, 1, 2, 0, 0, 0, 0, 0, 0, 3, 1, 1, )

time 0 = 3417 us

loop counter = (0, 0, 0, 0, 1, 1, 4, 4, 1, 0, 4, 3, 1, 3, 0, 2, 0, 0, 0, 0, 0, 2, 0, 3, 1, 2, 0, 0, 0, 0, 0, 0, 3, 1, 1, )

time 0 = 10432 us

loop counter = (0, 0, 0, 0, 1, 1, 4, 4, 1, 0, 4, 3, 1, 3, 0, 2, 0, 0, 0, 0, 0, 2, 0, 3, 1, 2, 0, 0, 0, 0, 0, 0, 3, 1, 1, )

time 0 = 1067 us

loop counter = (0, 0, 0, 0, 1, 1, 4, 4, 1, 0, 4, 3, 1, 3, 0, 2, 0, 0, 0, 0, 0, 2, 0, 3, 1, 2, 0, 0, 0, 0, 0, 0, 3, 1, 1, )

time 0 = 9136 us

loop counter = (0, 0, 0, 0, 1, 1, 4, 4, 1, 0, 4, 3, 1, 3, 0, 2, 0, 0, 0, 0, 0, 2, 0, 3, 1, 2, 0, 0, 0, 0, 0, 0, 3, 1, 1, )

time 0 = 9407 us

loop counter = (0, 0, 0, 0, 1, 1, 4, 4, 1, 0, 4, 3, 1, 3, 0, 2, 0, 0, 0, 0, 0, 2, 0, 3, 1, 2, 0, 0, 0, 0, 0, 0, 3, 1, 1, )

time 0 = 10203 us

loop counter = (0, 0, 0, 0, 1, 1, 4, 4, 1, 0, 4, 3, 1, 3, 0, 2, 0, 0, 0, 0, 0, 2, 0, 3, 1, 2, 0, 0, 0, 0, 0, 0, 3, 1, 1, )

time 0 = 1202 us

loop counter = (0, 0, 0, 0, 1, 1, 4, 4, 1, 0, 4, 3, 1, 3, 0, 2, 0, 0, 0, 0, 0, 2, 0, 3, 1, 2, 0, 0, 0, 0, 0, 0, 3, 1, 1, )

time 0 = 11991 us

loop counter = (0, 0, 0, 0, 1, 1, 4, 4, 1, 0, 4, 3, 1, 3, 0, 2, 0, 0, 0, 0, 0, 2, 0, 3, 1, 2, 0, 0, 0, 0, 0, 0, 3, 1, 1, )

time 0 = 6387 us

loop counter = (0, 0, 0, 0, 1, 1, 4, 4, 1, 0, 4, 3, 1, 3, 0, 2, 0, 0, 0, 0, 0, 2, 0, 3, 1, 2, 0, 0, 0, 0, 0, 0, 3, 1, 1, )

time 0 = 6248 us

loop counter = (0, 0, 0, 0, 1, 1, 4, 4, 1, 0, 4, 3, 1, 3, 0, 2, 0, 0, 0, 0, 0, 2, 0, 3, 1, 2, 0, 0, 0, 0, 0, 0, 3, 1, 1, )

time 0 = 1043 us

loop counter = (0, 0, 0, 0, 1, 1, 4, 4, 1, 0, 4, 3, 1, 3, 0, 2, 0, 0, 0, 0, 0, 2, 0, 3, 1, 2, 0, 0, 0, 0, 0, 0, 3, 1, 1, )

time 0 = 7258 us

loop counter = (0, 0, 0, 0, 1, 1, 4, 4, 1, 0, 4, 3, 1, 3, 0, 2, 0, 0, 0, 0, 0, 2, 0, 3, 1, 2, 0, 0, 0, 0, 0, 0, 3, 1, 1, )

time 0 = 15087 us

loop counter = (0, 0, 0, 0, 1, 1, 4, 4, 1, 0, 4, 3, 1, 3, 0, 2, 0, 0, 0, 0, 0, 2, 0, 3, 1, 2, 0, 0, 0, 0, 0, 0, 3, 1, 1, )

time 0 = 1716 us

loop counter = (0, 0, 0, 0, 1, 1, 4, 4, 1, 0, 4, 3, 1, 3, 0, 2, 0, 0, 0, 0, 0, 2, 0, 3, 1, 2, 0, 0, 0, 0, 0, 0, 3, 1, 1, )

time 0 = 1846 us

loop counter = (0, 0, 0, 0, 1, 1, 4, 4, 1, 0, 4, 3, 1, 3, 0, 2, 0, 0, 0, 0, 0, 2, 0, 3, 1, 2, 0, 0, 0, 0, 0, 0, 3, 1, 1, )

time 0 = 10504 us

loop counter = (0, 0, 0, 0, 1, 1, 4, 4, 1, 0, 4, 3, 1, 3, 0, 2, 0, 0, 0, 0, 0, 2, 0, 3, 1, 2, 0, 0, 0, 0, 0, 0, 3, 1, 1, )

time 0 = 3726 us

loop counter = (0, 0, 0, 0, 1, 1, 4, 4, 1, 0, 4, 3, 1, 3, 0, 2, 0, 0, 0, 0, 0, 2, 0, 3, 1, 2, 0, 0, 0, 0, 0, 0, 3, 1, 1, )

time 0 = 12420 us

loop counter = (0, 0, 0, 0, 1, 1, 4, 4, 1, 0, 4, 3, 1, 3, 0, 2, 0, 0, 0, 0, 0, 2, 0, 3, 1, 2, 0, 0, 0, 0, 0, 0, 3, 1, 1, )

time 0 = 9396 us

loop counter = (0, 0, 0, 0, 1, 1, 4, 4, 1, 0, 4, 3, 1, 3, 0, 2, 0, 0, 0, 0, 0, 2, 0, 3, 1, 2, 0, 0, 0, 0, 0, 0, 3, 1, 1, )

time 0 = 11022 us

loop counter = (0, 0, 0, 0, 1, 1, 4, 4, 1, 0, 4, 3, 1, 3, 0, 2, 0, 0, 0, 0, 0, 2, 0, 3, 1, 2, 0, 0, 0, 0, 0, 0, 3, 1, 1, )

time 0 = 901 us

loop counter = (0, 0, 0, 0, 1, 1, 4, 4, 1, 0, 4, 3, 1, 3, 0, 2, 0, 0, 0, 0, 0, 2, 0, 3, 1, 2, 0, 0, 0, 0, 0, 0, 3, 1, 1, )

time 0 = 1067 us

loop counter = (0, 0, 0, 0, 1, 1, 4, 4, 1, 0, 4, 3, 1, 3, 0, 2, 0, 0, 0, 0, 0, 2, 0, 3, 1, 2, 0, 0, 0, 0, 0, 0, 3, 1, 1, )

time 0 = 3338 us

loop counter = (0, 0, 0, 0, 1, 1, 4, 4, 1, 0, 4, 3, 1, 3, 0, 2, 0, 0, 0, 0, 0, 2, 0, 3, 1, 2, 0, 0, 0, 0, 0, 0, 3, 1, 1, )

time 0 = 6488 us

loop counter = (0, 0, 0, 0, 1, 1, 4, 4, 1, 0, 4, 3, 1, 3, 0, 2, 0, 0, 0, 0, 0, 2, 0, 3, 1, 2, 0, 0, 0, 0, 0, 0, 3, 1, 1, )

time 0 = 2318 us

loop counter = (0, 0, 0, 0, 1, 1, 4, 4, 1, 0, 4, 3, 1, 3, 0, 2, 0, 0, 0, 0, 0, 2, 0, 3, 1, 2, 0, 0, 0, 0, 0, 0, 3, 1, 1, )

time 0 = 5555 us

loop counter = (0, 0, 0, 0, 1, 1, 4, 4, 1, 0, 4, 3, 1, 3, 0, 2, 0, 0, 0, 0, 0, 2, 0, 3, 1, 2, 0, 0, 0, 0, 0, 0, 3, 1, 1, )

time 0 = 832 us

loop counter = (0, 0, 0, 0, 1, 1, 4, 4, 1, 0, 4, 3, 1, 3, 0, 2, 0, 0, 0, 0, 0, 2, 0, 3, 1, 2, 0, 0, 0, 0, 0, 0, 3, 1, 1, )

time 0 = 1598 us

loop counter = (0, 0, 0, 0, 1, 1, 4, 4, 1, 0, 4, 3, 1, 3, 0, 2, 0, 0, 0, 0, 0, 2, 0, 3, 1, 2, 0, 0, 0, 0, 0, 0, 3, 1, 1, )

time 0 = 7666 us

loop counter = (0, 0, 0, 0, 1, 1, 4, 4, 1, 0, 4, 3, 1, 3, 0, 2, 0, 0, 0, 0, 0, 2, 0, 3, 1, 2, 0, 0, 0, 0, 0, 0, 3, 1, 1, )

time 0 = 11444 us

loop counter = (0, 0, 0, 0, 1, 1, 4, 4, 1, 0, 4, 3, 1, 3, 0, 2, 0, 0, 0, 0, 0, 2, 0, 3, 1, 2, 0, 0, 0, 0, 0, 0, 3, 1, 1, )

time 0 = 11187 us

loop counter = (0, 0, 0, 0, 1, 1, 4, 4, 1, 0, 4, 3, 1, 3, 0, 2, 0, 0, 0, 0, 0, 2, 0, 3, 1, 2, 0, 0, 0, 0, 0, 0, 3, 1, 1, )

time 0 = 1041 us

loop counter = (0, 0, 0, 0, 1, 1, 4, 4, 1, 0, 4, 3, 1, 3, 0, 2, 0, 0, 0, 0, 0, 2, 0, 3, 1, 2, 0, 0, 0, 0, 0, 0, 3, 1, 1, )

time 0 = 2679 us

loop counter = (0, 0, 0, 0, 1, 1, 4, 4, 1, 0, 4, 3, 1, 3, 0, 2, 0, 0, 0, 0, 0, 2, 0, 3, 1, 2, 0, 0, 0, 0, 0, 0, 3, 1, 1, )

time 0 = 9760 us

loop counter = (0, 0, 0, 0, 1, 1, 4, 4, 1, 0, 4, 3, 1, 3, 0, 2, 0, 0, 0, 0, 0, 2, 0, 3, 1, 2, 0, 0, 0, 0, 0, 0, 3, 1, 1, )

time 0 = 1008 us

loop counter = (0, 0, 0, 0, 1, 1, 4, 4, 1, 0, 4, 3, 1, 3, 0, 2, 0, 0, 0, 0, 0, 2, 0, 3, 1, 2, 0, 0, 0, 0, 0, 0, 3, 1, 1, )

time 0 = 10226 us

loop counter = (0, 0, 0, 0, 1, 1, 4, 4, 1, 0, 4, 3, 1, 3, 0, 2, 0, 0, 0, 0, 0, 2, 0, 3, 1, 2, 0, 0, 0, 0, 0, 0, 3, 1, 1, )

time 0 = 10734 us

loop counter = (0, 0, 0, 0, 1, 1, 4, 4, 1, 0, 4, 3, 1, 3, 0, 2, 0, 0, 0, 0, 0, 2, 0, 3, 1, 2, 0, 0, 0, 0, 0, 0, 3, 1, 1, )

time 0 = 7850 us

loop counter = (0, 0, 0, 0, 1, 1, 4, 4, 1, 0, 4, 3, 1, 3, 0, 2, 0, 0, 0, 0, 0, 2, 0, 3, 1, 2, 0, 0, 0, 0, 0, 0, 3, 1, 1, )

time 0 = 1498 us

loop counter = (0, 0, 0, 0, 1, 1, 4, 4, 1, 0, 4, 3, 1, 3, 0, 2, 0, 0, 0, 0, 0, 2, 0, 3, 1, 2, 0, 0, 0, 0, 0, 0, 3, 1, 1, )

time 0 = 1169 us

loop counter = (0, 0, 0, 0, 1, 1, 4, 4, 1, 0, 4, 3, 1, 3, 0, 2, 0, 0, 0, 0, 0, 2, 0, 3, 1, 2, 0, 0, 0, 0, 0, 0, 3, 1, 1, )

time 0 = 4972 us

loop counter = (0, 0, 0, 0, 1, 1, 4, 4, 1, 0, 4, 3, 1, 3, 0, 2, 0, 0, 0, 0, 0, 2, 0, 3, 1, 2, 0, 0, 0, 0, 0, 0, 3, 1, 1, )

time 0 = 1631 us

loop counter = (0, 0, 0, 0, 1, 1, 4, 4, 1, 0, 4, 3, 1, 3, 0, 2, 0, 0, 0, 0, 0, 2, 0, 3, 1, 2, 0, 0, 0, 0, 0, 0, 3, 1, 1, )

time 0 = 1272 us

loop counter = (0, 0, 0, 0, 1, 1, 4, 4, 1, 0, 4, 3, 1, 3, 0, 2, 0, 0, 0, 0, 0, 2, 0, 3, 1, 2, 0, 0, 0, 0, 0, 0, 3, 1, 1, )

time 0 = 1518 us

loop counter = (0, 0, 0, 0, 1, 1, 4, 4, 1, 0, 4, 3, 1, 3, 0, 2, 0, 0, 0, 0, 0, 2, 0, 3, 1, 2, 0, 0, 0, 0, 0, 0, 3, 1, 1, )

time 0 = 7951 us

loop counter = (0, 0, 0, 0, 1, 1, 4, 4, 1, 0, 4, 3, 1, 3, 0, 2, 0, 0, 0, 0, 0, 2, 0, 3, 1, 2, 0, 0, 0, 0, 0, 0, 3, 1, 1, )

time 0 = 2722 us

loop counter = (0, 0, 0, 0, 1, 1, 4, 4, 1, 0, 4, 3, 1, 3, 0, 2, 0, 0, 0, 0, 0, 2, 0, 3, 1, 2, 0, 0, 0, 0, 0, 0, 3, 1, 1, )

time 0 = 3236 us

loop counter = (0, 0, 0, 0, 1, 1, 4, 4, 1, 0, 4, 3, 1, 3, 0, 2, 0, 0, 0, 0, 0, 2, 0, 3, 1, 2, 0, 0, 0, 0, 0, 0, 3, 1, 1, )

time 0 = 3217 us

loop counter = (0, 0, 0, 0, 1, 1, 4, 4, 1, 0, 4, 3, 1, 3, 0, 2, 0, 0, 0, 0, 0, 2, 0, 3, 1, 2, 0, 0, 0, 0, 0, 0, 3, 1, 1, )

time 0 = 6685 us

loop counter = (0, 0, 0, 0, 1, 1, 4, 4, 1, 0, 4, 3, 1, 3, 0, 2, 0, 0, 0, 0, 0, 2, 0, 3, 1, 2, 0, 0, 0, 0, 0, 0, 3, 1, 1, )

time 0 = 17785 us

loop counter = (0, 0, 0, 0, 1, 1, 4, 4, 1, 0, 4, 3, 1, 3, 0, 2, 0, 0, 0, 0, 0, 2, 0, 3, 1, 2, 0, 0, 0, 0, 0, 0, 3, 1, 1, )

time 0 = 12429 us

loop counter = (0, 0, 0, 0, 1, 1, 4, 4, 1, 0, 4, 3, 1, 3, 0, 2, 0, 0, 0, 0, 0, 2, 0, 3, 1, 2, 0, 0, 0, 0, 0, 0, 3, 1, 1, )

time 0 = 3708 us

loop counter = (0, 0, 0, 0, 1, 1, 4, 4, 1, 0, 4, 3, 1, 3, 0, 2, 0, 0, 0, 0, 0, 2, 0, 3, 1, 2, 0, 0, 0, 0, 0, 0, 3, 1, 1, )

time 0 = 7118 us

loop counter = (0, 0, 0, 0, 1, 1, 4, 4, 1, 0, 4, 3, 1, 3, 0, 2, 0, 0, 0, 0, 0, 2, 0, 3, 1, 2, 0, 0, 0, 0, 0, 0, 3, 1, 1, )

time 0 = 4938 us

loop counter = (0, 0, 0, 0, 1, 1, 4, 4, 1, 0, 4, 3, 1, 3, 0, 2, 0, 0, 0, 0, 0, 2, 0, 3, 1, 2, 0, 0, 0, 0, 0, 0, 3, 1, 1, )

time 0 = 3326 us

loop counter = (0, 0, 0, 0, 1, 1, 4, 4, 1, 0, 4, 3, 1, 3, 0, 2, 0, 0, 0, 0, 0, 2, 0, 3, 1, 2, 0, 0, 0, 0, 0, 0, 3, 1, 1, )

time 0 = 937 us

loop counter = (0, 0, 0, 0, 1, 1, 4, 4, 1, 0, 4, 3, 1, 3, 0, 2, 0, 0, 0, 0, 0, 2, 0, 3, 1, 2, 0, 0, 0, 0, 0, 0, 3, 1, 1, )

time 0 = 13297 us

loop counter = (0, 0, 0, 0, 1, 1, 4, 4, 1, 0, 4, 3, 1, 3, 0, 2, 0, 0, 0, 0, 0, 2, 0, 3, 1, 2, 0, 0, 0, 0, 0, 0, 3, 1, 1, )

time 0 = 5982 us

loop counter = (0, 0, 0, 0, 1, 1, 4, 4, 1, 0, 4, 3, 1, 3, 0, 2, 0, 0, 0, 0, 0, 2, 0, 3, 1, 2, 0, 0, 0, 0, 0, 0, 3, 1, 1, )

time 0 = 13968 us

loop counter = (0, 0, 0, 0, 1, 1, 4, 4, 1, 0, 4, 3, 1, 3, 0, 2, 0, 0, 0, 0, 0, 2, 0, 3, 1, 2, 0, 0, 0, 0, 0, 0, 3, 1, 1, )

time 0 = 1785 us

loop counter = (0, 0, 0, 0, 1, 1, 4, 4, 1, 0, 4, 3, 1, 3, 0, 2, 0, 0, 0, 0, 0, 2, 0, 3, 1, 2, 0, 0, 0, 0, 0, 0, 3, 1, 1, )

time 0 = 11512 us

loop counter = (0, 0, 0, 0, 1, 1, 4, 4, 1, 0, 4, 3, 1, 3, 0, 2, 0, 0, 0, 0, 0, 2, 0, 3, 1, 2, 0, 0, 0, 0, 0, 0, 3, 1, 1, )

time 0 = 7474 us

loop counter = (0, 0, 0, 0, 1, 1, 4, 4, 1, 0, 4, 3, 1, 3, 0, 2, 0, 0, 0, 0, 0, 2, 0, 3, 1, 2, 0, 0, 0, 0, 0, 0, 3, 1, 1, )

time 0 = 1170 us

loop counter = (0, 0, 0, 0, 1, 1, 4, 4, 1, 0, 4, 3, 1, 3, 0, 2, 0, 0, 0, 0, 0, 2, 0, 3, 1, 2, 0, 0, 0, 0, 0, 0, 3, 1, 1, )

time 0 = 7558 us

loop counter = (0, 0, 0, 0, 1, 1, 4, 4, 1, 0, 4, 3, 1, 3, 0, 2, 0, 0, 0, 0, 0, 2, 0, 3, 1, 2, 0, 0, 0, 0, 0, 0, 3, 1, 1, )

time 0 = 4770 us

loop counter = (0, 0, 0, 0, 1, 1, 4, 4, 1, 0, 4, 3, 1, 3, 0, 2, 0, 0, 0, 0, 0, 2, 0, 3, 1, 2, 0, 0, 0, 0, 0, 0, 3, 1, 1, )

time 0 = 10221 us

loop counter = (0, 0, 0, 0, 1, 1, 4, 4, 1, 0, 4, 3, 1, 3, 0, 2, 0, 0, 0, 0, 0, 2, 0, 3, 1, 2, 0, 0, 0, 0, 0, 0, 3, 1, 1, )

time 0 = 11922 us

loop counter = (0, 0, 0, 0, 1, 1, 4, 4, 1, 0, 4, 3, 1, 3, 0, 2, 0, 0, 0, 0, 0, 2, 0, 3, 1, 2, 0, 0, 0, 0, 0, 0, 3, 1, 1, )

time 0 = 6657 us

loop counter = (0, 0, 0, 0, 1, 1, 4, 4, 1, 0, 4, 3, 1, 3, 0, 2, 0, 0, 0, 0, 0, 2, 0, 3, 1, 2, 0, 0, 0, 0, 0, 0, 3, 1, 1, )

time 0 = 7236 us

loop counter = (0, 0, 0, 0, 1, 1, 4, 4, 1, 0, 4, 3, 1, 3, 0, 2, 0, 0, 0, 0, 0, 2, 0, 3, 1, 2, 0, 0, 0, 0, 0, 0, 3, 1, 1, )

time 0 = 5463 us

loop counter = (0, 0, 0, 0, 1, 1, 4, 4, 1, 0, 4, 3, 1, 3, 0, 2, 0, 0, 0, 0, 0, 2, 0, 3, 1, 2, 0, 0, 0, 0, 0, 0, 3, 1, 1, )

time 0 = 4933 us

loop counter = (0, 0, 0, 0, 1, 1, 4, 4, 1, 0, 4, 3, 1, 3, 0, 2, 0, 0, 0, 0, 0, 2, 0, 3, 1, 2, 0, 0, 0, 0, 0, 0, 3, 1, 1, )

time 0 = 9583 us

loop counter = (0, 0, 0, 0, 1, 1, 4, 4, 1, 0, 4, 3, 1, 3, 0, 2, 0, 0, 0, 0, 0, 2, 0, 3, 1, 2, 0, 0, 0, 0, 0, 0, 3, 1, 1, )

time 0 = 7738 us

loop counter = (0, 0, 0, 0, 1, 1, 4, 4, 1, 0, 4, 3, 1, 3, 0, 2, 0, 0, 0, 0, 0, 2, 0, 3, 1, 2, 0, 0, 0, 0, 0, 0, 3, 1, 1, )

time 0 = 5253 us

loop counter = (0, 0, 0, 0, 1, 1, 4, 4, 1, 0, 4, 3, 1, 3, 0, 2, 0, 0, 0, 0, 0, 2, 0, 3, 1, 2, 0, 0, 0, 0, 0, 0, 3, 1, 1, )

time 0 = 3937 us

loop counter = (0, 0, 0, 0, 1, 1, 4, 4, 1, 0, 4, 3, 1, 3, 0, 2, 0, 0, 0, 0, 0, 2, 0, 3, 1, 2, 0, 0, 0, 0, 0, 0, 3, 1, 1, )

time 0 = 6336 us

loop counter = (0, 0, 0, 0, 1, 1, 4, 4, 1, 0, 4, 3, 1, 3, 0, 2, 0, 0, 0, 0, 0, 2, 0, 3, 1, 2, 0, 0, 0, 0, 0, 0, 3, 1, 1, )

time 0 = 10524 us

loop counter = (0, 0, 0, 0, 1, 1, 4, 4, 1, 0, 4, 3, 1, 3, 0, 2, 0, 0, 0, 0, 0, 2, 0, 3, 1, 2, 0, 0, 0, 0, 0, 0, 3, 1, 1, )

time 0 = 1129 us

loop counter = (0, 0, 0, 0, 1, 1, 4, 4, 1, 0, 4, 3, 1, 3, 0, 2, 0, 0, 0, 0, 0, 2, 0, 3, 1, 2, 0, 0, 0, 0, 0, 0, 3, 1, 1, )

time 0 = 3904 us

loop counter = (0, 0, 0, 0, 1, 1, 4, 4, 1, 0, 4, 3, 1, 3, 0, 2, 0, 0, 0, 0, 0, 2, 0, 3, 1, 2, 0, 0, 0, 0, 0, 0, 3, 1, 1, )

time 0 = 2699 us

loop counter = (0, 0, 0, 0, 1, 1, 4, 4, 1, 0, 4, 3, 1, 3, 0, 2, 0, 0, 0, 0, 0, 2, 0, 3, 1, 2, 0, 0, 0, 0, 0, 0, 3, 1, 1, )

time 0 = 3277 us

loop counter = (0, 0, 0, 0, 1, 1, 4, 4, 1, 0, 4, 3, 1, 3, 0, 2, 0, 0, 0, 0, 0, 2, 0, 3, 1, 2, 0, 0, 0, 0, 0, 0, 3, 1, 1, )

time 0 = 13299 us

loop counter = (0, 0, 0, 0, 1, 1, 4, 4, 1, 0, 4, 3, 1, 3, 0, 2, 0, 0, 0, 0, 0, 2, 0, 3, 1, 2, 0, 0, 0, 0, 0, 0, 3, 1, 1, )

time 0 = 5069 us

loop counter = (0, 0, 0, 0, 1, 1, 4, 4, 1, 0, 4, 3, 1, 3, 0, 2, 0, 0, 0, 0, 0, 2, 0, 3, 1, 2, 0, 0, 0, 0, 0, 0, 3, 1, 1, )

time 0 = 2223 us

loop counter = (0, 0, 0, 0, 1, 1, 4, 4, 1, 0, 4, 3, 1, 3, 0, 2, 0, 0, 0, 0, 0, 2, 0, 3, 1, 2, 0, 0, 0, 0, 0, 0, 3, 1, 1, )

time 0 = 13291 us

loop counter = (0, 0, 0, 0, 1, 1, 4, 4, 1, 0, 4, 3, 1, 3, 0, 2, 0, 0, 0, 0, 0, 2, 0, 3, 1, 2, 0, 0, 0, 0, 0, 0, 3, 1, 1, )

time 0 = 1764 us

loop counter = (0, 0, 0, 0, 1, 1, 4, 4, 1, 0, 4, 3, 1, 3, 0, 2, 0, 0, 0, 0, 0, 2, 0, 3, 1, 2, 0, 0, 0, 0, 0, 0, 3, 1, 1, )

time 0 = 10932 us

loop counter = (0, 0, 0, 0, 1, 1, 4, 4, 1, 0, 4, 3, 1, 3, 0, 2, 0, 0, 0, 0, 0, 2, 0, 3, 1, 2, 0, 0, 0, 0, 0, 0, 3, 1, 1, )

time 0 = 1118 us

loop counter = (0, 0, 0, 0, 1, 1, 4, 4, 1, 0, 4, 3, 1, 3, 0, 2, 0, 0, 0, 0, 0, 2, 0, 3, 1, 2, 0, 0, 0, 0, 0, 0, 3, 1, 1, )

time 0 = 2824 us

loop counter = (0, 0, 0, 0, 1, 1, 4, 4, 1, 0, 4, 3, 1, 3, 0, 2, 0, 0, 0, 0, 0, 2, 0, 3, 1, 2, 0, 0, 0, 0, 0, 0, 3, 1, 1, )

time 0 = 5685 us

loop counter = (0, 0, 0, 0, 1, 1, 4, 4, 1, 0, 4, 3, 1, 3, 0, 2, 0, 0, 0, 0, 0, 2, 0, 3, 1, 2, 0, 0, 0, 0, 0, 0, 3, 1, 1, )

time 0 = 11420 us

loop counter = (0, 0, 0, 0, 1, 1, 4, 4, 1, 0, 4, 3, 1, 3, 0, 2, 0, 0, 0, 0, 0, 2, 0, 3, 1, 2, 0, 0, 0, 0, 0, 0, 3, 1, 1, )

time 0 = 895 us

loop counter = (0, 0, 0, 0, 1, 1, 4, 4, 1, 0, 4, 3, 1, 3, 0, 2, 0, 0, 0, 0, 0, 2, 0, 3, 1, 2, 0, 0, 0, 0, 0, 0, 3, 1, 1, )

time 0 = 1177 us

loop counter = (0, 0, 0, 0, 1, 1, 4, 4, 1, 0, 4, 3, 1, 3, 0, 2, 0, 0, 0, 0, 0, 2, 0, 3, 1, 2, 0, 0, 0, 0, 0, 0, 3, 1, 1, )

time 0 = 5863 us

loop counter = (0, 0, 0, 0, 1, 1, 4, 4, 1, 0, 4, 3, 1, 3, 0, 2, 0, 0, 0, 0, 0, 2, 0, 3, 1, 2, 0, 0, 0, 0, 0, 0, 3, 1, 1, )

time 0 = 14137 us

loop counter = (0, 0, 0, 0, 1, 1, 4, 4, 1, 0, 4, 3, 1, 3, 0, 2, 0, 0, 0, 0, 0, 2, 0, 3, 1, 2, 0, 0, 0, 0, 0, 0, 3, 1, 1, )

time 0 = 3830 us

loop counter = (0, 0, 0, 0, 1, 1, 4, 4, 1, 0, 4, 3, 1, 3, 0, 2, 0, 0, 0, 0, 0, 2, 0, 3, 1, 2, 0, 0, 0, 0, 0, 0, 3, 1, 1, )

time 0 = 4745 us

loop counter = (0, 0, 0, 0, 1, 1, 4, 4, 1, 0, 4, 3, 1, 3, 0, 2, 0, 0, 0, 0, 0, 2, 0, 3, 1, 2, 0, 0, 0, 0, 0, 0, 3, 1, 1, )

time 0 = 14517 us

loop counter = (0, 0, 0, 0, 1, 1, 4, 4, 1, 0, 4, 3, 1, 3, 0, 2, 0, 0, 0, 0, 0, 2, 0, 3, 1, 2, 0, 0, 0, 0, 0, 0, 3, 1, 1, )

time 0 = 2166 us

loop counter = (0, 0, 0, 0, 1, 1, 4, 4, 1, 0, 4, 3, 1, 3, 0, 2, 0, 0, 0, 0, 0, 2, 0, 3, 1, 2, 0, 0, 0, 0, 0, 0, 3, 1, 1, )

time 0 = 3944 us

loop counter = (0, 0, 0, 0, 1, 1, 4, 4, 1, 0, 4, 3, 1, 3, 0, 2, 0, 0, 0, 0, 0, 2, 0, 3, 1, 2, 0, 0, 0, 0, 0, 0, 3, 1, 1, )

time 0 = 13522 us

loop counter = (0, 0, 0, 0, 1, 1, 4, 4, 1, 0, 4, 3, 1, 3, 0, 2, 0, 0, 0, 0, 0, 2, 0, 3, 1, 2, 0, 0, 0, 0, 0, 0, 3, 1, 1, )

time 0 = 1048 us

loop counter = (0, 0, 0, 0, 1, 1, 4, 4, 1, 0, 4, 3, 1, 3, 0, 2, 0, 0, 0, 0, 0, 2, 0, 3, 1, 2, 0, 0, 0, 0, 0, 0, 3, 1, 1, )

time 0 = 10686 us

loop counter = (0, 0, 0, 0, 1, 1, 4, 4, 1, 0, 4, 3, 1, 3, 0, 2, 0, 0, 0, 0, 0, 2, 0, 3, 1, 2, 0, 0, 0, 0, 0, 0, 3, 1, 1, )

time 0 = 4305 us

loop counter = (0, 0, 0, 0, 1, 1, 4, 4, 1, 0, 4, 3, 1, 3, 0, 2, 0, 0, 0, 0, 0, 2, 0, 3, 1, 2, 0, 0, 0, 0, 0, 0, 3, 1, 1, )

time 0 = 1704 us

loop counter = (0, 0, 0, 0, 1, 1, 4, 4, 1, 0, 4, 3, 1, 3, 0, 2, 0, 0, 0, 0, 0, 2, 0, 3, 1, 2, 0, 0, 0, 0, 0, 0, 3, 1, 1, )

time 0 = 4359 us

loop counter = (0, 0, 0, 0, 1, 1, 4, 4, 1, 0, 4, 3, 1, 3, 0, 2, 0, 0, 0, 0, 0, 2, 0, 3, 1, 2, 0, 0, 0, 0, 0, 0, 3, 1, 1, )

time 0 = 4020 us

loop counter = (0, 0, 0, 0, 1, 1, 4, 4, 1, 0, 4, 3, 1, 3, 0, 2, 0, 0, 0, 0, 0, 2, 0, 3, 1, 2, 0, 0, 0, 0, 0, 0, 3, 1, 1, )

time 0 = 1928 us

loop counter = (0, 0, 0, 0, 1, 1, 4, 4, 1, 0, 4, 3, 1, 3, 0, 2, 0, 0, 0, 0, 0, 2, 0, 3, 1, 2, 0, 0, 0, 0, 0, 0, 3, 1, 1, )

time 0 = 7519 us

loop counter = (0, 0, 0, 0, 1, 1, 4, 4, 1, 0, 4, 3, 1, 3, 0, 2, 0, 0, 0, 0, 0, 2, 0, 3, 1, 2, 0, 0, 0, 0, 0, 0, 3, 1, 1, )

time 0 = 7358 us

loop counter = (0, 0, 0, 0, 1, 1, 4, 4, 1, 0, 4, 3, 1, 3, 0, 2, 0, 0, 0, 0, 0, 2, 0, 3, 1, 2, 0, 0, 0, 0, 0, 0, 3, 1, 1, )

time 0 = 5552 us

loop counter = (0, 0, 0, 0, 1, 1, 4, 4, 1, 0, 4, 3, 1, 3, 0, 2, 0, 0, 0, 0, 0, 2, 0, 3, 1, 2, 0, 0, 0, 0, 0, 0, 3, 1, 1, )

time 0 = 7674 us

loop counter = (0, 0, 0, 0, 1, 1, 4, 4, 1, 0, 4, 3, 1, 3, 0, 2, 0, 0, 0, 0, 0, 2, 0, 3, 1, 2, 0, 0, 0, 0, 0, 0, 3, 1, 1, )

time 0 = 3046 us

loop counter = (0, 0, 0, 0, 1, 1, 4, 4, 1, 0, 4, 3, 1, 3, 0, 2, 0, 0, 0, 0, 0, 2, 0, 3, 1, 2, 0, 0, 0, 0, 0, 0, 3, 1, 1, )

time 0 = 6499 us

loop counter = (0, 0, 0, 0, 1, 1, 4, 4, 1, 0, 4, 3, 1, 3, 0, 2, 0, 0, 0, 0, 0, 2, 0, 3, 1, 2, 0, 0, 0, 0, 0, 0, 3, 1, 1, )

time 0 = 2342 us

loop counter = (0, 0, 0, 0, 1, 1, 4, 4, 1, 0, 4, 3, 1, 3, 0, 2, 0, 0, 0, 0, 0, 2, 0, 3, 1, 2, 0, 0, 0, 0, 0, 0, 3, 1, 1, )

time 0 = 2789 us

loop counter = (0, 0, 0, 0, 1, 1, 4, 4, 1, 0, 4, 3, 1, 3, 0, 2, 0, 0, 0, 0, 0, 2, 0, 3, 1, 2, 0, 0, 0, 0, 0, 0, 3, 1, 1, )

time 0 = 1388 us

loop counter = (0, 0, 0, 0, 1, 1, 4, 4, 1, 0, 4, 3, 1, 3, 0, 2, 0, 0, 0, 0, 0, 2, 0, 3, 1, 2, 0, 0, 0, 0, 0, 0, 3, 1, 1, )

time 0 = 1792 us

loop counter = (0, 0, 0, 0, 1, 1, 4, 4, 1, 0, 4, 3, 1, 3, 0, 2, 0, 0, 0, 0, 0, 2, 0, 3, 1, 2, 0, 0, 0, 0, 0, 0, 3, 1, 1, )

time 0 = 1015 us

loop counter = (0, 0, 0, 0, 1, 1, 4, 4, 1, 0, 4, 3, 1, 3, 0, 2, 0, 0, 0, 0, 0, 2, 0, 3, 1, 2, 0, 0, 0, 0, 0, 0, 3, 1, 1, )

time 0 = 12253 us

loop counter = (0, 0, 0, 0, 1, 1, 4, 4, 1, 0, 4, 3, 1, 3, 0, 2, 0, 0, 0, 0, 0, 2, 0, 3, 1, 2, 0, 0, 0, 0, 0, 0, 3, 1, 1, )

time 0 = 5519 us

loop counter = (0, 0, 0, 0, 1, 1, 4, 4, 1, 0, 4, 3, 1, 3, 0, 2, 0, 0, 0, 0, 0, 2, 0, 3, 1, 2, 0, 0, 0, 0, 0, 0, 3, 1, 1, )

time 0 = 5538 us

loop counter = (0, 0, 0, 0, 1, 1, 4, 4, 1, 0, 4, 3, 1, 3, 0, 2, 0, 0, 0, 0, 0, 2, 0, 3, 1, 2, 0, 0, 0, 0, 0, 0, 3, 1, 1, )

time 0 = 5292 us

loop counter = (0, 0, 0, 0, 1, 1, 4, 4, 1, 0, 4, 3, 1, 3, 0, 2, 0, 0, 0, 0, 0, 2, 0, 3, 1, 2, 0, 0, 0, 0, 0, 0, 3, 1, 1, )

time 0 = 3967 us

loop counter = (0, 0, 0, 0, 1, 1, 4, 4, 1, 0, 4, 3, 1, 3, 0, 2, 0, 0, 0, 0, 0, 2, 0, 3, 1, 2, 0, 0, 0, 0, 0, 0, 3, 1, 1, )

time 0 = 6397 us

loop counter = (0, 0, 0, 0, 1, 1, 4, 4, 1, 0, 4, 3, 1, 3, 0, 2, 0, 0, 0, 0, 0, 2, 0, 3, 1, 2, 0, 0, 0, 0, 0, 0, 3, 1, 1, )

time 0 = 1866 us

loop counter = (0, 0, 0, 0, 1, 1, 4, 4, 1, 0, 4, 3, 1, 3, 0, 2, 0, 0, 0, 0, 0, 2, 0, 3, 1, 2, 0, 0, 0, 0, 0, 0, 3, 1, 1, )

time 0 = 14557 us

loop counter = (0, 0, 0, 0, 1, 1, 4, 4, 1, 0, 4, 3, 1, 3, 0, 2, 0, 0, 0, 0, 0, 2, 0, 3, 1, 2, 0, 0, 0, 0, 0, 0, 3, 1, 1, )

time 0 = 14580 us

loop counter = (0, 0, 0, 0, 1, 1, 4, 4, 1, 0, 4, 3, 1, 3, 0, 2, 0, 0, 0, 0, 0, 2, 0, 3, 1, 2, 0, 0, 0, 0, 0, 0, 3, 1, 1, )

time 0 = 1730 us

loop counter = (0, 0, 0, 0, 1, 1, 4, 4, 1, 0, 4, 3, 1, 3, 0, 2, 0, 0, 0, 0, 0, 2, 0, 3, 1, 2, 0, 0, 0, 0, 0, 0, 3, 1, 1, )

time 0 = 1934 us

loop counter = (0, 0, 0, 0, 1, 1, 4, 4, 1, 0, 4, 3, 1, 3, 0, 2, 0, 0, 0, 0, 0, 2, 0, 3, 1, 2, 0, 0, 0, 0, 0, 0, 3, 1, 1, )

time 0 = 11826 us

loop counter = (0, 0, 0, 0, 1, 1, 4, 4, 1, 0, 4, 3, 1, 3, 0, 2, 0, 0, 0, 0, 0, 2, 0, 3, 1, 2, 0, 0, 0, 0, 0, 0, 3, 1, 1, )

time 0 = 3890 us

loop counter = (0, 0, 0, 0, 1, 1, 4, 4, 1, 0, 4, 3, 1, 3, 0, 2, 0, 0, 0, 0, 0, 2, 0, 3, 1, 2, 0, 0, 0, 0, 0, 0, 3, 1, 1, )

time 0 = 1202 us

loop counter = (0, 0, 0, 0, 1, 1, 4, 4, 1, 0, 4, 3, 1, 3, 0, 2, 0, 0, 0, 0, 0, 2, 0, 3, 1, 2, 0, 0, 0, 0, 0, 0, 3, 1, 1, )

time 0 = 2466 us

loop counter = (0, 0, 0, 0, 1, 1, 4, 4, 1, 0, 4, 3, 1, 3, 0, 2, 0, 0, 0, 0, 0, 2, 0, 3, 1, 2, 0, 0, 0, 0, 0, 0, 3, 1, 1, )

time 0 = 11647 us

loop counter = (0, 0, 0, 0, 1, 1, 4, 4, 1, 0, 4, 3, 1, 3, 0, 2, 0, 0, 0, 0, 0, 2, 0, 3, 1, 2, 0, 0, 0, 0, 0, 0, 3, 1, 1, )

time 0 = 9175 us

loop counter = (0, 0, 0, 0, 1, 1, 4, 4, 1, 0, 4, 3, 1, 3, 0, 2, 0, 0, 0, 0, 0, 2, 0, 3, 1, 2, 0, 0, 0, 0, 0, 0, 3, 1, 1, )

time 0 = 8163 us

loop counter = (0, 0, 0, 0, 1, 1, 4, 4, 1, 0, 4, 3, 1, 3, 0, 2, 0, 0, 0, 0, 0, 2, 0, 3, 1, 2, 0, 0, 0, 0, 0, 0, 3, 1, 1, )

time 0 = 9937 us

loop counter = (0, 0, 0, 0, 1, 1, 4, 4, 1, 0, 4, 3, 1, 3, 0, 2, 0, 0, 0, 0, 0, 2, 0, 3, 1, 2, 0, 0, 0, 0, 0, 0, 3, 1, 1, )

time 0 = 1758 us

loop counter = (0, 0, 0, 0, 1, 1, 4, 4, 1, 0, 4, 3, 1, 3, 0, 2, 0, 0, 0, 0, 0, 2, 0, 3, 1, 2, 0, 0, 0, 0, 0, 0, 3, 1, 1, )

time 0 = 2113 us

loop counter = (0, 0, 0, 0, 1, 1, 4, 4, 1, 0, 4, 3, 1, 3, 0, 2, 0, 0, 0, 0, 0, 2, 0, 3, 1, 2, 0, 0, 0, 0, 0, 0, 3, 1, 1, )

time 0 = 5400 us

loop counter = (0, 0, 0, 0, 1, 1, 4, 4, 1, 0, 4, 3, 1, 3, 0, 2, 0, 0, 0, 0, 0, 2, 0, 3, 1, 2, 0, 0, 0, 0, 0, 0, 3, 1, 1, )

time 0 = 4458 us

loop counter = (0, 0, 0, 0, 1, 1, 4, 4, 1, 0, 4, 3, 1, 3, 0, 2, 0, 0, 0, 0, 0, 2, 0, 3, 1, 2, 0, 0, 0, 0, 0, 0, 3, 1, 1, )

time 0 = 9271 us

loop counter = (0, 0, 0, 0, 1, 1, 4, 4, 1, 0, 4, 3, 1, 3, 0, 2, 0, 0, 0, 0, 0, 2, 0, 3, 1, 2, 0, 0, 0, 0, 0, 0, 3, 1, 1, )

time 0 = 2486 us

loop counter = (0, 0, 0, 0, 1, 1, 4, 4, 1, 0, 4, 3, 1, 3, 0, 2, 0, 0, 0, 0, 0, 2, 0, 3, 1, 2, 0, 0, 0, 0, 0, 0, 3, 1, 1, )

time 0 = 4903 us

loop counter = (0, 0, 0, 0, 1, 1, 4, 4, 1, 0, 4, 3, 1, 3, 0, 2, 0, 0, 0, 0, 0, 2, 0, 3, 1, 2, 0, 0, 0, 0, 0, 0, 3, 1, 1, )

time 0 = 4457 us

loop counter = (0, 0, 0, 0, 1, 1, 4, 4, 1, 0, 4, 3, 1, 3, 0, 2, 0, 0, 0, 0, 0, 2, 0, 3, 1, 2, 0, 0, 0, 0, 0, 0, 3, 1, 1, )

time 0 = 10292 us

loop counter = (0, 0, 0, 0, 1, 1, 4, 4, 1, 0, 4, 3, 1, 3, 0, 2, 0, 0, 0, 0, 0, 2, 0, 3, 1, 2, 0, 0, 0, 0, 0, 0, 3, 1, 1, )

time 0 = 10486 us

loop counter = (0, 0, 0, 0, 1, 1, 4, 4, 1, 0, 4, 3, 1, 3, 0, 2, 0, 0, 0, 0, 0, 2, 0, 3, 1, 2, 0, 0, 0, 0, 0, 0, 3, 1, 1, )

time 0 = 8521 us

loop counter = (0, 0, 0, 0, 1, 1, 4, 4, 1, 0, 4, 3, 1, 3, 0, 2, 0, 0, 0, 0, 0, 2, 0, 3, 1, 2, 0, 0, 0, 0, 0, 0, 3, 1, 1, )

time 0 = 8827 us

loop counter = (0, 0, 0, 0, 1, 1, 4, 4, 1, 0, 4, 3, 1, 3, 0, 2, 0, 0, 0, 0, 0, 2, 0, 3, 1, 2, 0, 0, 0, 0, 0, 0, 3, 1, 1, )

time 0 = 4412 us

loop counter = (0, 0, 0, 0, 1, 1, 4, 4, 1, 0, 4, 3, 1, 3, 0, 2, 0, 0, 0, 0, 0, 2, 0, 3, 1, 2, 0, 0, 0, 0, 0, 0, 3, 1, 1, )

time 0 = 4182 us

loop counter = (0, 0, 0, 0, 1, 1, 4, 4, 1, 0, 4, 3, 1, 3, 0, 2, 0, 0, 0, 0, 0, 2, 0, 3, 1, 2, 0, 0, 0, 0, 0, 0, 3, 1, 1, )

time 0 = 11539 us

loop counter = (0, 0, 0, 0, 1, 1, 4, 4, 1, 0, 4, 3, 1, 3, 0, 2, 0, 0, 0, 0, 0, 2, 0, 3, 1, 2, 0, 0, 0, 0, 0, 0, 3, 1, 1, )

time 0 = 3137 us

loop counter = (0, 0, 0, 0, 1, 1, 4, 4, 1, 0, 4, 3, 1, 3, 0, 2, 0, 0, 0, 0, 0, 2, 0, 3, 1, 2, 0, 0, 0, 0, 0, 0, 3, 1, 1, )

time 0 = 10273 us

loop counter = (0, 0, 0, 0, 1, 1, 4, 4, 1, 0, 4, 3, 1, 3, 0, 2, 0, 0, 0, 0, 0, 2, 0, 3, 1, 2, 0, 0, 0, 0, 0, 0, 3, 1, 1, )

time 0 = 4583 us

loop counter = (0, 0, 0, 0, 1, 1, 4, 4, 1, 0, 4, 3, 1, 3, 0, 2, 0, 0, 0, 0, 0, 2, 0, 3, 1, 2, 0, 0, 0, 0, 0, 0, 3, 1, 1, )

time 0 = 3041 us

loop counter = (0, 0, 0, 0, 1, 1, 4, 4, 1, 0, 4, 3, 1, 3, 0, 2, 0, 0, 0, 0, 0, 2, 0, 3, 1, 2, 0, 0, 0, 0, 0, 0, 3, 1, 1, )

time 0 = 1022 us

loop counter = (0, 0, 0, 0, 1, 1, 4, 4, 1, 0, 4, 3, 1, 3, 0, 2, 0, 0, 0, 0, 0, 2, 0, 3, 1, 2, 0, 0, 0, 0, 0, 0, 3, 1, 1, )

time 0 = 14616 us

loop counter = (0, 0, 0, 0, 1, 1, 4, 4, 1, 0, 4, 3, 1, 3, 0, 2, 0, 0, 0, 0, 0, 2, 0, 3, 1, 2, 0, 0, 0, 0, 0, 0, 3, 1, 1, )

time 0 = 7816 us

loop counter = (0, 0, 0, 0, 1, 1, 4, 4, 1, 0, 4, 3, 1, 3, 0, 2, 0, 0, 0, 0, 0, 2, 0, 3, 1, 2, 0, 0, 0, 0, 0, 0, 3, 1, 1, )

time 0 = 3972 us

loop counter = (0, 0, 0, 0, 1, 1, 4, 4, 1, 0, 4, 3, 1, 3, 0, 2, 0, 0, 0, 0, 0, 2, 0, 3, 1, 2, 0, 0, 0, 0, 0, 0, 3, 1, 1, )

time 0 = 4188 us

loop counter = (0, 0, 0, 0, 1, 1, 4, 4, 1, 0, 4, 3, 1, 3, 0, 2, 0, 0, 0, 0, 0, 2, 0, 3, 1, 2, 0, 0, 0, 0, 0, 0, 3, 1, 1, )

time 0 = 2511 us

loop counter = (0, 0, 0, 0, 1, 1, 4, 4, 1, 0, 4, 3, 1, 3, 0, 2, 0, 0, 0, 0, 0, 2, 0, 3, 1, 2, 0, 0, 0, 0, 0, 0, 3, 1, 1, )

time 0 = 4295 us

loop counter = (0, 0, 0, 0, 1, 1, 4, 4, 1, 0, 4, 3, 1, 3, 0, 2, 0, 0, 0, 0, 0, 2, 0, 3, 1, 2, 0, 0, 0, 0, 0, 0, 3, 1, 1, )

time 0 = 1750 us

loop counter = (0, 0, 0, 0, 1, 1, 4, 4, 1, 0, 4, 3, 1, 3, 0, 2, 0, 0, 0, 0, 0, 2, 0, 3, 1, 2, 0, 0, 0, 0, 0, 0, 3, 1, 1, )

time 0 = 1058 us

loop counter = (0, 0, 0, 0, 1, 1, 4, 4, 1, 0, 4, 3, 1, 3, 0, 2, 0, 0, 0, 0, 0, 2, 0, 3, 1, 2, 0, 0, 0, 0, 0, 0, 3, 1, 1, )

time 0 = 8928 us

loop counter = (0, 0, 0, 0, 1, 1, 4, 4, 1, 0, 4, 3, 1, 3, 0, 2, 0, 0, 0, 0, 0, 2, 0, 3, 1, 2, 0, 0, 0, 0, 0, 0, 3, 1, 1, )

time 0 = 878 us

loop counter = (0, 0, 0, 0, 1, 1, 4, 4, 1, 0, 4, 3, 1, 3, 0, 2, 0, 0, 0, 0, 0, 2, 0, 3, 1, 2, 0, 0, 0, 0, 0, 0, 3, 1, 1, )

time 0 = 12984 us

loop counter = (0, 0, 0, 0, 1, 1, 4, 4, 1, 0, 4, 3, 1, 3, 0, 2, 0, 0, 0, 0, 0, 2, 0, 3, 1, 2, 0, 0, 0, 0, 0, 0, 3, 1, 1, )

time 0 = 1753 us

loop counter = (0, 0, 0, 0, 1, 1, 4, 4, 1, 0, 4, 3, 1, 3, 0, 2, 0, 0, 0, 0, 0, 2, 0, 3, 1, 2, 0, 0, 0, 0, 0, 0, 3, 1, 1, )

time 0 = 6623 us

loop counter = (0, 0, 0, 0, 1, 1, 4, 4, 1, 0, 4, 3, 1, 3, 0, 2, 0, 0, 0, 0, 0, 2, 0, 3, 1, 2, 0, 0, 0, 0, 0, 0, 3, 1, 1, )

time 0 = 1718 us

loop counter = (0, 0, 0, 0, 1, 1, 4, 4, 1, 0, 4, 3, 1, 3, 0, 2, 0, 0, 0, 0, 0, 2, 0, 3, 1, 2, 0, 0, 0, 0, 0, 0, 3, 1, 1, )

time 0 = 3207 us

loop counter = (0, 0, 0, 0, 1, 1, 4, 4, 1, 0, 4, 3, 1, 3, 0, 2, 0, 0, 0, 0, 0, 2, 0, 3, 1, 2, 0, 0, 0, 0, 0, 0, 3, 1, 1, )

time 0 = 10020 us

loop counter = (0, 0, 0, 0, 1, 1, 4, 4, 1, 0, 4, 3, 1, 3, 0, 2, 0, 0, 0, 0, 0, 2, 0, 3, 1, 2, 0, 0, 0, 0, 0, 0, 3, 1, 1, )

time 0 = 880 us

loop counter = (0, 0, 0, 0, 1, 1, 4, 4, 1, 0, 4, 3, 1, 3, 0, 2, 0, 0, 0, 0, 0, 2, 0, 3, 1, 2, 0, 0, 0, 0, 0, 0, 3, 1, 1, )

time 0 = 1481 us

loop counter = (0, 0, 0, 0, 1, 1, 4, 4, 1, 0, 4, 3, 1, 3, 0, 2, 0, 0, 0, 0, 0, 2, 0, 3, 1, 2, 0, 0, 0, 0, 0, 0, 3, 1, 1, )

time 0 = 7698 us

loop counter = (0, 0, 0, 0, 1, 1, 4, 4, 1, 0, 4, 3, 1, 3, 0, 2, 0, 0, 0, 0, 0, 2, 0, 3, 1, 2, 0, 0, 0, 0, 0, 0, 3, 1, 1, )

time 0 = 10087 us

loop counter = (0, 0, 0, 0, 1, 1, 4, 4, 1, 0, 4, 3, 1, 3, 0, 2, 0, 0, 0, 0, 0, 2, 0, 3, 1, 2, 0, 0, 0, 0, 0, 0, 3, 1, 1, )

time 0 = 5220 us

loop counter = (0, 0, 0, 0, 1, 1, 4, 4, 1, 0, 4, 3, 1, 3, 0, 2, 0, 0, 0, 0, 0, 2, 0, 3, 1, 2, 0, 0, 0, 0, 0, 0, 3, 1, 1, )

time 0 = 8380 us

loop counter = (0, 0, 0, 0, 1, 1, 4, 4, 1, 0, 4, 3, 1, 3, 0, 2, 0, 0, 0, 0, 0, 2, 0, 3, 1, 2, 0, 0, 0, 0, 0, 0, 3, 1, 1, )

time 0 = 1662 us

loop counter = (0, 0, 0, 0, 1, 1, 4, 4, 1, 0, 4, 3, 1, 3, 0, 2, 0, 0, 0, 0, 0, 2, 0, 3, 1, 2, 0, 0, 0, 0, 0, 0, 3, 1, 1, )

time 0 = 1940 us

loop counter = (0, 0, 0, 0, 1, 1, 4, 4, 1, 0, 4, 3, 1, 3, 0, 2, 0, 0, 0, 0, 0, 2, 0, 3, 1, 2, 0, 0, 0, 0, 0, 0, 3, 1, 1, )

time 0 = 7509 us

loop counter = (0, 0, 0, 0, 1, 1, 4, 4, 1, 0, 4, 3, 1, 3, 0, 2, 0, 0, 0, 0, 0, 2, 0, 3, 1, 2, 0, 0, 0, 0, 0, 0, 3, 1, 1, )

time 0 = 17446 us

loop counter = (0, 0, 0, 0, 1, 1, 4, 4, 1, 0, 4, 3, 1, 3, 0, 2, 0, 0, 0, 0, 0, 2, 0, 3, 1, 2, 0, 0, 0, 0, 0, 0, 3, 1, 1, )

time 0 = 1053 us

loop counter = (0, 0, 0, 0, 1, 1, 4, 4, 1, 0, 4, 3, 1, 3, 0, 2, 0, 0, 0, 0, 0, 2, 0, 3, 1, 2, 0, 0, 0, 0, 0, 0, 3, 1, 1, )

time 0 = 1655 us

loop counter = (0, 0, 0, 0, 1, 1, 4, 4, 1, 0, 4, 3, 1, 3, 0, 2, 0, 0, 0, 0, 0, 2, 0, 3, 1, 2, 0, 0, 0, 0, 0, 0, 3, 1, 1, )

time 0 = 7128 us

loop counter = (0, 0, 0, 0, 1, 1, 4, 4, 1, 0, 4, 3, 1, 3, 0, 2, 0, 0, 0, 0, 0, 2, 0, 3, 1, 2, 0, 0, 0, 0, 0, 0, 3, 1, 1, )

time 0 = 9424 us

loop counter = (0, 0, 0, 0, 1, 1, 4, 4, 1, 0, 4, 3, 1, 3, 0, 2, 0, 0, 0, 0, 0, 2, 0, 3, 1, 2, 0, 0, 0, 0, 0, 0, 3, 1, 1, )

time 0 = 3233 us

loop counter = (0, 0, 0, 0, 1, 1, 4, 4, 1, 0, 4, 3, 1, 3, 0, 2, 0, 0, 0, 0, 0, 2, 0, 3, 1, 2, 0, 0, 0, 0, 0, 0, 3, 1, 1, )

time 0 = 14722 us

loop counter = (0, 0, 0, 0, 1, 1, 4, 4, 1, 0, 4, 3, 1, 3, 0, 2, 0, 0, 0, 0, 0, 2, 0, 3, 1, 2, 0, 0, 0, 0, 0, 0, 3, 1, 1, )

time 0 = 3405 us

loop counter = (0, 0, 0, 0, 1, 1, 4, 4, 1, 0, 4, 3, 1, 3, 0, 2, 0, 0, 0, 0, 0, 2, 0, 3, 1, 2, 0, 0, 0, 0, 0, 0, 3, 1, 1, )

time 0 = 12542 us

loop counter = (0, 0, 0, 0, 1, 1, 4, 4, 1, 0, 4, 3, 1, 3, 0, 2, 0, 0, 0, 0, 0, 2, 0, 3, 1, 2, 0, 0, 0, 0, 0, 0, 3, 1, 1, )

time 0 = 6819 us

loop counter = (0, 0, 0, 0, 1, 1, 4, 4, 1, 0, 4, 3, 1, 3, 0, 2, 0, 0, 0, 0, 0, 2, 0, 3, 1, 2, 0, 0, 0, 0, 0, 0, 3, 1, 1, )

time 0 = 1415 us

loop counter = (0, 0, 0, 0, 1, 1, 4, 4, 1, 0, 4, 3, 1, 3, 0, 2, 0, 0, 0, 0, 0, 2, 0, 3, 1, 2, 0, 0, 0, 0, 0, 0, 3, 1, 1, )

time 0 = 8898 us

