loop counter = (0, 0, 0, 0, 1, 1, 4, 4, 1, 0, 4, 3, 1, 3, 0, 2, 0, 0, 0, 0, 0, 2, 0, 3, 1, 2, 0, 0, 0, 0, 0, 0, 3, 1, 1, )

time 0 = 33229 us

loop counter = (0, 0, 0, 0, 1, 1, 4, 4, 1, 0, 4, 3, 1, 3, 0, 2, 0, 0, 0, 0, 0, 2, 0, 3, 1, 2, 0, 0, 0, 0, 0, 0, 3, 1, 1, )

time 0 = 2481 us

loop counter = (0, 0, 0, 0, 1, 1, 4, 4, 1, 0, 4, 3, 1, 3, 0, 2, 0, 0, 0, 0, 0, 2, 0, 3, 1, 2, 0, 0, 0, 0, 0, 0, 3, 1, 1, )

time 0 = 5070 us

loop counter = (0, 0, 0, 0, 1, 1, 4, 4, 1, 0, 4, 3, 1, 3, 0, 2, 0, 0, 0, 0, 0, 2, 0, 3, 1, 2, 0, 0, 0, 0, 0, 0, 3, 1, 1, )

time 0 = 1378 us

loop counter = (0, 0, 0, 0, 1, 1, 4, 4, 1, 0, 4, 3, 1, 3, 0, 2, 0, 0, 0, 0, 0, 2, 0, 3, 1, 2, 0, 0, 0, 0, 0, 0, 3, 1, 1, )

time 0 = 13364 us

loop counter = (0, 0, 0, 0, 1, 1, 4, 4, 1, 0, 4, 3, 1, 3, 0, 2, 0, 0, 0, 0, 0, 2, 0, 3, 1, 2, 0, 0, 0, 0, 0, 0, 3, 1, 1, )

time 0 = 8223 us

loop counter = (0, 0, 0, 0, 1, 1, 4, 4, 1, 0, 4, 3, 1, 3, 0, 2, 0, 0, 0, 0, 0, 2, 0, 3, 1, 2, 0, 0, 0, 0, 0, 0, 3, 1, 1, )

time 0 = 7866 us

loop counter = (0, 0, 0, 0, 1, 1, 4, 4, 1, 0, 4, 3, 1, 3, 0, 2, 0, 0, 0, 0, 0, 2, 0, 3, 1, 2, 0, 0, 0, 0, 0, 0, 3, 1, 1, )

time 0 = 9404 us

loop counter = (0, 0, 0, 0, 1, 1, 4, 4, 1, 0, 4, 3, 1, 3, 0, 2, 0, 0, 0, 0, 0, 2, 0, 3, 1, 2, 0, 0, 0, 0, 0, 0, 3, 1, 1, )

time 0 = 10213 us

loop counter = (0, 0, 0, 0, 1, 1, 4, 4, 1, 0, 4, 3, 1, 3, 0, 2, 0, 0, 0, 0, 0, 2, 0, 3, 1, 2, 0, 0, 0, 0, 0, 0, 3, 1, 1, )

time 0 = 1874 us

loop counter = (0, 0, 0, 0, 1, 1, 4, 4, 1, 0, 4, 3, 1, 3, 0, 2, 0, 0, 0, 0, 0, 2, 0, 3, 1, 2, 0, 0, 0, 0, 0, 0, 3, 1, 1, )

time 0 = 5315 us

loop counter = (0, 0, 0, 0, 1, 1, 4, 4, 1, 0, 4, 3, 1, 3, 0, 2, 0, 0, 0, 0, 0, 2, 0, 3, 1, 2, 0, 0, 0, 0, 0, 0, 3, 1, 1, )

time 0 = 10005 us

loop counter = (0, 0, 0, 0, 1, 1, 4, 4, 1, 0, 4, 3, 1, 3, 0, 2, 0, 0, 0, 0, 0, 2, 0, 3, 1, 2, 0, 0, 0, 0, 0, 0, 3, 1, 1, )

time 0 = 6352 us

loop counter = (0, 0, 0, 0, 1, 1, 4, 4, 1, 0, 4, 3, 1, 3, 0, 2, 0, 0, 0, 0, 0, 2, 0, 3, 1, 2, 0, 0, 0, 0, 0, 0, 3, 1, 1, )

time 0 = 1349 us

loop counter = (0, 0, 0, 0, 1, 1, 4, 4, 1, 0, 4, 3, 1, 3, 0, 2, 0, 0, 0, 0, 0, 2, 0, 3, 1, 2, 0, 0, 0, 0, 0, 0, 3, 1, 1, )

time 0 = 5720 us

loop counter = (0, 0, 0, 0, 1, 1, 4, 4, 1, 0, 4, 3, 1, 3, 0, 2, 0, 0, 0, 0, 0, 2, 0, 3, 1, 2, 0, 0, 0, 0, 0, 0, 3, 1, 1, )

time 0 = 1903 us

loop counter = (0, 0, 0, 0, 1, 1, 4, 4, 1, 0, 4, 3, 1, 3, 0, 2, 0, 0, 0, 0, 0, 2, 0, 3, 1, 2, 0, 0, 0, 0, 0, 0, 3, 1, 1, )

time 0 = 7944 us

loop counter = (0, 0, 0, 0, 1, 1, 4, 4, 1, 0, 4, 3, 1, 3, 0, 2, 0, 0, 0, 0, 0, 2, 0, 3, 1, 2, 0, 0, 0, 0, 0, 0, 3, 1, 1, )

time 0 = 4015 us

loop counter = (0, 0, 0, 0, 1, 1, 4, 4, 1, 0, 4, 3, 1, 3, 0, 2, 0, 0, 0, 0, 0, 2, 0, 3, 1, 2, 0, 0, 0, 0, 0, 0, 3, 1, 1, )

time 0 = 3221 us

loop counter = (0, 0, 0, 0, 1, 1, 4, 4, 1, 0, 4, 3, 1, 3, 0, 2, 0, 0, 0, 0, 0, 2, 0, 3, 1, 2, 0, 0, 0, 0, 0, 0, 3, 1, 1, )

time 0 = 1402 us

loop counter = (0, 0, 0, 0, 1, 1, 4, 4, 1, 0, 4, 3, 1, 3, 0, 2, 0, 0, 0, 0, 0, 2, 0, 3, 1, 2, 0, 0, 0, 0, 0, 0, 3, 1, 1, )

time 0 = 1840 us

loop counter = (0, 0, 0, 0, 1, 1, 4, 4, 1, 0, 4, 3, 1, 3, 0, 2, 0, 0, 0, 0, 0, 2, 0, 3, 1, 2, 0, 0, 0, 0, 0, 0, 3, 1, 1, )

time 0 = 4671 us

loop counter = (0, 0, 0, 0, 1, 1, 4, 4, 1, 0, 4, 3, 1, 3, 0, 2, 0, 0, 0, 0, 0, 2, 0, 3, 1, 2, 0, 0, 0, 0, 0, 0, 3, 1, 1, )

time 0 = 6130 us

loop counter = (0, 0, 0, 0, 1, 1, 4, 4, 1, 0, 4, 3, 1, 3, 0, 2, 0, 0, 0, 0, 0, 2, 0, 3, 1, 2, 0, 0, 0, 0, 0, 0, 3, 1, 1, )

time 0 = 12969 us

loop counter = (0, 0, 0, 0, 1, 1, 4, 4, 1, 0, 4, 3, 1, 3, 0, 2, 0, 0, 0, 0, 0, 2, 0, 3, 1, 2, 0, 0, 0, 0, 0, 0, 3, 1, 1, )

time 0 = 4798 us

loop counter = (0, 0, 0, 0, 1, 1, 4, 4, 1, 0, 4, 3, 1, 3, 0, 2, 0, 0, 0, 0, 0, 2, 0, 3, 1, 2, 0, 0, 0, 0, 0, 0, 3, 1, 1, )

time 0 = 1894 us

loop counter = (0, 0, 0, 0, 1, 1, 4, 4, 1, 0, 4, 3, 1, 3, 0, 2, 0, 0, 0, 0, 0, 2, 0, 3, 1, 2, 0, 0, 0, 0, 0, 0, 3, 1, 1, )

time 0 = 4074 us

loop counter = (0, 0, 0, 0, 1, 1, 4, 4, 1, 0, 4, 3, 1, 3, 0, 2, 0, 0, 0, 0, 0, 2, 0, 3, 1, 2, 0, 0, 0, 0, 0, 0, 3, 1, 1, )

time 0 = 4699 us

loop counter = (0, 0, 0, 0, 1, 1, 4, 4, 1, 0, 4, 3, 1, 3, 0, 2, 0, 0, 0, 0, 0, 2, 0, 3, 1, 2, 0, 0, 0, 0, 0, 0, 3, 1, 1, )

time 0 = 2348 us

loop counter = (0, 0, 0, 0, 1, 1, 4, 4, 1, 0, 4, 3, 1, 3, 0, 2, 0, 0, 0, 0, 0, 2, 0, 3, 1, 2, 0, 0, 0, 0, 0, 0, 3, 1, 1, )

time 0 = 13048 us

loop counter = (0, 0, 0, 0, 1, 1, 4, 4, 1, 0, 4, 3, 1, 3, 0, 2, 0, 0, 0, 0, 0, 2, 0, 3, 1, 2, 0, 0, 0, 0, 0, 0, 3, 1, 1, )

time 0 = 7061 us

loop counter = (0, 0, 0, 0, 1, 1, 4, 4, 1, 0, 4, 3, 1, 3, 0, 2, 0, 0, 0, 0, 0, 2, 0, 3, 1, 2, 0, 0, 0, 0, 0, 0, 3, 1, 1, )

time 0 = 8228 us

loop counter = (0, 0, 0, 0, 1, 1, 4, 4, 1, 0, 4, 3, 1, 3, 0, 2, 0, 0, 0, 0, 0, 2, 0, 3, 1, 2, 0, 0, 0, 0, 0, 0, 3, 1, 1, )

time 0 = 2701 us

loop counter = (0, 0, 0, 0, 1, 1, 4, 4, 1, 0, 4, 3, 1, 3, 0, 2, 0, 0, 0, 0, 0, 2, 0, 3, 1, 2, 0, 0, 0, 0, 0, 0, 3, 1, 1, )

time 0 = 1176 us

loop counter = (0, 0, 0, 0, 1, 1, 4, 4, 1, 0, 4, 3, 1, 3, 0, 2, 0, 0, 0, 0, 0, 2, 0, 3, 1, 2, 0, 0, 0, 0, 0, 0, 3, 1, 1, )

time 0 = 7576 us

loop counter = (0, 0, 0, 0, 1, 1, 4, 4, 1, 0, 4, 3, 1, 3, 0, 2, 0, 0, 0, 0, 0, 2, 0, 3, 1, 2, 0, 0, 0, 0, 0, 0, 3, 1, 1, )

time 0 = 1909 us

loop counter = (0, 0, 0, 0, 1, 1, 4, 4, 1, 0, 4, 3, 1, 3, 0, 2, 0, 0, 0, 0, 0, 2, 0, 3, 1, 2, 0, 0, 0, 0, 0, 0, 3, 1, 1, )

time 0 = 4856 us

loop counter = (0, 0, 0, 0, 1, 1, 4, 4, 1, 0, 4, 3, 1, 3, 0, 2, 0, 0, 0, 0, 0, 2, 0, 3, 1, 2, 0, 0, 0, 0, 0, 0, 3, 1, 1, )

time 0 = 10345 us

loop counter = (0, 0, 0, 0, 1, 1, 4, 4, 1, 0, 4, 3, 1, 3, 0, 2, 0, 0, 0, 0, 0, 2, 0, 3, 1, 2, 0, 0, 0, 0, 0, 0, 3, 1, 1, )

time 0 = 11487 us

loop counter = (0, 0, 0, 0, 1, 1, 4, 4, 1, 0, 4, 3, 1, 3, 0, 2, 0, 0, 0, 0, 0, 2, 0, 3, 1, 2, 0, 0, 0, 0, 0, 0, 3, 1, 1, )

time 0 = 11158 us

loop counter = (0, 0, 0, 0, 1, 1, 4, 4, 1, 0, 4, 3, 1, 3, 0, 2, 0, 0, 0, 0, 0, 2, 0, 3, 1, 2, 0, 0, 0, 0, 0, 0, 3, 1, 1, )

time 0 = 8729 us

loop counter = (0, 0, 0, 0, 1, 1, 4, 4, 1, 0, 4, 3, 1, 3, 0, 2, 0, 0, 0, 0, 0, 2, 0, 3, 1, 2, 0, 0, 0, 0, 0, 0, 3, 1, 1, )

time 0 = 1219 us

loop counter = (0, 0, 0, 0, 1, 1, 4, 4, 1, 0, 4, 3, 1, 3, 0, 2, 0, 0, 0, 0, 0, 2, 0, 3, 1, 2, 0, 0, 0, 0, 0, 0, 3, 1, 1, )

time 0 = 2324 us

loop counter = (0, 0, 0, 0, 1, 1, 4, 4, 1, 0, 4, 3, 1, 3, 0, 2, 0, 0, 0, 0, 0, 2, 0, 3, 1, 2, 0, 0, 0, 0, 0, 0, 3, 1, 1, )

time 0 = 4059 us

loop counter = (0, 0, 0, 0, 1, 1, 4, 4, 1, 0, 4, 3, 1, 3, 0, 2, 0, 0, 0, 0, 0, 2, 0, 3, 1, 2, 0, 0, 0, 0, 0, 0, 3, 1, 1, )

time 0 = 2683 us

loop counter = (0, 0, 0, 0, 1, 1, 4, 4, 1, 0, 4, 3, 1, 3, 0, 2, 0, 0, 0, 0, 0, 2, 0, 3, 1, 2, 0, 0, 0, 0, 0, 0, 3, 1, 1, )

time 0 = 928 us

loop counter = (0, 0, 0, 0, 1, 1, 4, 4, 1, 0, 4, 3, 1, 3, 0, 2, 0, 0, 0, 0, 0, 2, 0, 3, 1, 2, 0, 0, 0, 0, 0, 0, 3, 1, 1, )

time 0 = 1071 us

loop counter = (0, 0, 0, 0, 1, 1, 4, 4, 1, 0, 4, 3, 1, 3, 0, 2, 0, 0, 0, 0, 0, 2, 0, 3, 1, 2, 0, 0, 0, 0, 0, 0, 3, 1, 1, )

time 0 = 2693 us

loop counter = (0, 0, 0, 0, 1, 1, 4, 4, 1, 0, 4, 3, 1, 3, 0, 2, 0, 0, 0, 0, 0, 2, 0, 3, 1, 2, 0, 0, 0, 0, 0, 0, 3, 1, 1, )

time 0 = 1775 us

loop counter = (0, 0, 0, 0, 1, 1, 4, 4, 1, 0, 4, 3, 1, 3, 0, 2, 0, 0, 0, 0, 0, 2, 0, 3, 1, 2, 0, 0, 0, 0, 0, 0, 3, 1, 1, )

time 0 = 10957 us

loop counter = (0, 0, 0, 0, 1, 1, 4, 4, 1, 0, 4, 3, 1, 3, 0, 2, 0, 0, 0, 0, 0, 2, 0, 3, 1, 2, 0, 0, 0, 0, 0, 0, 3, 1, 1, )

time 0 = 6439 us

loop counter = (0, 0, 0, 0, 1, 1, 4, 4, 1, 0, 4, 3, 1, 3, 0, 2, 0, 0, 0, 0, 0, 2, 0, 3, 1, 2, 0, 0, 0, 0, 0, 0, 3, 1, 1, )

time 0 = 12165 us

loop counter = (0, 0, 0, 0, 1, 1, 4, 4, 1, 0, 4, 3, 1, 3, 0, 2, 0, 0, 0, 0, 0, 2, 0, 3, 1, 2, 0, 0, 0, 0, 0, 0, 3, 1, 1, )

time 0 = 1264 us

loop counter = (0, 0, 0, 0, 1, 1, 4, 4, 1, 0, 4, 3, 1, 3, 0, 2, 0, 0, 0, 0, 0, 2, 0, 3, 1, 2, 0, 0, 0, 0, 0, 0, 3, 1, 1, )

time 0 = 12475 us

loop counter = (0, 0, 0, 0, 1, 1, 4, 4, 1, 0, 4, 3, 1, 3, 0, 2, 0, 0, 0, 0, 0, 2, 0, 3, 1, 2, 0, 0, 0, 0, 0, 0, 3, 1, 1, )

time 0 = 3780 us

loop counter = (0, 0, 0, 0, 1, 1, 4, 4, 1, 0, 4, 3, 1, 3, 0, 2, 0, 0, 0, 0, 0, 2, 0, 3, 1, 2, 0, 0, 0, 0, 0, 0, 3, 1, 1, )

time 0 = 1145 us

loop counter = (0, 0, 0, 0, 1, 1, 4, 4, 1, 0, 4, 3, 1, 3, 0, 2, 0, 0, 0, 0, 0, 2, 0, 3, 1, 2, 0, 0, 0, 0, 0, 0, 3, 1, 1, )

time 0 = 8162 us

loop counter = (0, 0, 0, 0, 1, 1, 4, 4, 1, 0, 4, 3, 1, 3, 0, 2, 0, 0, 0, 0, 0, 2, 0, 3, 1, 2, 0, 0, 0, 0, 0, 0, 3, 1, 1, )

time 0 = 9441 us

loop counter = (0, 0, 0, 0, 1, 1, 4, 4, 1, 0, 4, 3, 1, 3, 0, 2, 0, 0, 0, 0, 0, 2, 0, 3, 1, 2, 0, 0, 0, 0, 0, 0, 3, 1, 1, )

time 0 = 2363 us

loop counter = (0, 0, 0, 0, 1, 1, 4, 4, 1, 0, 4, 3, 1, 3, 0, 2, 0, 0, 0, 0, 0, 2, 0, 3, 1, 2, 0, 0, 0, 0, 0, 0, 3, 1, 1, )

time 0 = 1414 us

loop counter = (0, 0, 0, 0, 1, 1, 4, 4, 1, 0, 4, 3, 1, 3, 0, 2, 0, 0, 0, 0, 0, 2, 0, 3, 1, 2, 0, 0, 0, 0, 0, 0, 3, 1, 1, )

time 0 = 1767 us

loop counter = (0, 0, 0, 0, 1, 1, 4, 4, 1, 0, 4, 3, 1, 3, 0, 2, 0, 0, 0, 0, 0, 2, 0, 3, 1, 2, 0, 0, 0, 0, 0, 0, 3, 1, 1, )

time 0 = 5343 us

loop counter = (0, 0, 0, 0, 1, 1, 4, 4, 1, 0, 4, 3, 1, 3, 0, 2, 0, 0, 0, 0, 0, 2, 0, 3, 1, 2, 0, 0, 0, 0, 0, 0, 3, 1, 1, )

time 0 = 11701 us

loop counter = (0, 0, 0, 0, 1, 1, 4, 4, 1, 0, 4, 3, 1, 3, 0, 2, 0, 0, 0, 0, 0, 2, 0, 3, 1, 2, 0, 0, 0, 0, 0, 0, 3, 1, 1, )

time 0 = 1116 us

loop counter = (0, 0, 0, 0, 1, 1, 4, 4, 1, 0, 4, 3, 1, 3, 0, 2, 0, 0, 0, 0, 0, 2, 0, 3, 1, 2, 0, 0, 0, 0, 0, 0, 3, 1, 1, )

time 0 = 6370 us

loop counter = (0, 0, 0, 0, 1, 1, 4, 4, 1, 0, 4, 3, 1, 3, 0, 2, 0, 0, 0, 0, 0, 2, 0, 3, 1, 2, 0, 0, 0, 0, 0, 0, 3, 1, 1, )

time 0 = 6810 us

loop counter = (0, 0, 0, 0, 1, 1, 4, 4, 1, 0, 4, 3, 1, 3, 0, 2, 0, 0, 0, 0, 0, 2, 0, 3, 1, 2, 0, 0, 0, 0, 0, 0, 3, 1, 1, )

time 0 = 3769 us

loop counter = (0, 0, 0, 0, 1, 1, 4, 4, 1, 0, 4, 3, 1, 3, 0, 2, 0, 0, 0, 0, 0, 2, 0, 3, 1, 2, 0, 0, 0, 0, 0, 0, 3, 1, 1, )

time 0 = 25001 us

loop counter = (0, 0, 0, 0, 1, 1, 4, 4, 1, 0, 4, 3, 1, 3, 0, 2, 0, 0, 0, 0, 0, 2, 0, 3, 1, 2, 0, 0, 0, 0, 0, 0, 3, 1, 1, )

time 0 = 11663 us

loop counter = (0, 0, 0, 0, 1, 1, 4, 4, 1, 0, 4, 3, 1, 3, 0, 2, 0, 0, 0, 0, 0, 2, 0, 3, 1, 2, 0, 0, 0, 0, 0, 0, 3, 1, 1, )

time 0 = 3931 us

loop counter = (0, 0, 0, 0, 1, 1, 4, 4, 1, 0, 4, 3, 1, 3, 0, 2, 0, 0, 0, 0, 0, 2, 0, 3, 1, 2, 0, 0, 0, 0, 0, 0, 3, 1, 1, )

time 0 = 6382 us

loop counter = (0, 0, 0, 0, 1, 1, 4, 4, 1, 0, 4, 3, 1, 3, 0, 2, 0, 0, 0, 0, 0, 2, 0, 3, 1, 2, 0, 0, 0, 0, 0, 0, 3, 1, 1, )

time 0 = 889 us

loop counter = (0, 0, 0, 0, 1, 1, 4, 4, 1, 0, 4, 3, 1, 3, 0, 2, 0, 0, 0, 0, 0, 2, 0, 3, 1, 2, 0, 0, 0, 0, 0, 0, 3, 1, 1, )

time 0 = 5096 us

loop counter = (0, 0, 0, 0, 1, 1, 4, 4, 1, 0, 4, 3, 1, 3, 0, 2, 0, 0, 0, 0, 0, 2, 0, 3, 1, 2, 0, 0, 0, 0, 0, 0, 3, 1, 1, )

time 0 = 11648 us

loop counter = (0, 0, 0, 0, 1, 1, 4, 4, 1, 0, 4, 3, 1, 3, 0, 2, 0, 0, 0, 0, 0, 2, 0, 3, 1, 2, 0, 0, 0, 0, 0, 0, 3, 1, 1, )

time 0 = 8599 us

loop counter = (0, 0, 0, 0, 1, 1, 4, 4, 1, 0, 4, 3, 1, 3, 0, 2, 0, 0, 0, 0, 0, 2, 0, 3, 1, 2, 0, 0, 0, 0, 0, 0, 3, 1, 1, )

time 0 = 1360 us

loop counter = (0, 0, 0, 0, 1, 1, 4, 4, 1, 0, 4, 3, 1, 3, 0, 2, 0, 0, 0, 0, 0, 2, 0, 3, 1, 2, 0, 0, 0, 0, 0, 0, 3, 1, 1, )

time 0 = 7829 us

loop counter = (0, 0, 0, 0, 1, 1, 4, 4, 1, 0, 4, 3, 1, 3, 0, 2, 0, 0, 0, 0, 0, 2, 0, 3, 1, 2, 0, 0, 0, 0, 0, 0, 3, 1, 1, )

time 0 = 5049 us

loop counter = (0, 0, 0, 0, 1, 1, 4, 4, 1, 0, 4, 3, 1, 3, 0, 2, 0, 0, 0, 0, 0, 2, 0, 3, 1, 2, 0, 0, 0, 0, 0, 0, 3, 1, 1, )

time 0 = 2669 us

loop counter = (0, 0, 0, 0, 1, 1, 4, 4, 1, 0, 4, 3, 1, 3, 0, 2, 0, 0, 0, 0, 0, 2, 0, 3, 1, 2, 0, 0, 0, 0, 0, 0, 3, 1, 1, )

time 0 = 7601 us

loop counter = (0, 0, 0, 0, 1, 1, 4, 4, 1, 0, 4, 3, 1, 3, 0, 2, 0, 0, 0, 0, 0, 2, 0, 3, 1, 2, 0, 0, 0, 0, 0, 0, 3, 1, 1, )

time 0 = 3973 us

loop counter = (0, 0, 0, 0, 1, 1, 4, 4, 1, 0, 4, 3, 1, 3, 0, 2, 0, 0, 0, 0, 0, 2, 0, 3, 1, 2, 0, 0, 0, 0, 0, 0, 3, 1, 1, )

time 0 = 2826 us

loop counter = (0, 0, 0, 0, 1, 1, 4, 4, 1, 0, 4, 3, 1, 3, 0, 2, 0, 0, 0, 0, 0, 2, 0, 3, 1, 2, 0, 0, 0, 0, 0, 0, 3, 1, 1, )

time 0 = 3208 us

loop counter = (0, 0, 0, 0, 1, 1, 4, 4, 1, 0, 4, 3, 1, 3, 0, 2, 0, 0, 0, 0, 0, 2, 0, 3, 1, 2, 0, 0, 0, 0, 0, 0, 3, 1, 1, )

time 0 = 11976 us

loop counter = (0, 0, 0, 0, 1, 1, 4, 4, 1, 0, 4, 3, 1, 3, 0, 2, 0, 0, 0, 0, 0, 2, 0, 3, 1, 2, 0, 0, 0, 0, 0, 0, 3, 1, 1, )

time 0 = 13906 us

loop counter = (0, 0, 0, 0, 1, 1, 4, 4, 1, 0, 4, 3, 1, 3, 0, 2, 0, 0, 0, 0, 0, 2, 0, 3, 1, 2, 0, 0, 0, 0, 0, 0, 3, 1, 1, )

time 0 = 1411 us

loop counter = (0, 0, 0, 0, 1, 1, 4, 4, 1, 0, 4, 3, 1, 3, 0, 2, 0, 0, 0, 0, 0, 2, 0, 3, 1, 2, 0, 0, 0, 0, 0, 0, 3, 1, 1, )

time 0 = 1683 us

loop counter = (0, 0, 0, 0, 1, 1, 4, 4, 1, 0, 4, 3, 1, 3, 0, 2, 0, 0, 0, 0, 0, 2, 0, 3, 1, 2, 0, 0, 0, 0, 0, 0, 3, 1, 1, )

time 0 = 6808 us

loop counter = (0, 0, 0, 0, 1, 1, 4, 4, 1, 0, 4, 3, 1, 3, 0, 2, 0, 0, 0, 0, 0, 2, 0, 3, 1, 2, 0, 0, 0, 0, 0, 0, 3, 1, 1, )

time 0 = 11115 us

loop counter = (0, 0, 0, 0, 1, 1, 4, 4, 1, 0, 4, 3, 1, 3, 0, 2, 0, 0, 0, 0, 0, 2, 0, 3, 1, 2, 0, 0, 0, 0, 0, 0, 3, 1, 1, )

time 0 = 2622 us

loop counter = (0, 0, 0, 0, 1, 1, 4, 4, 1, 0, 4, 3, 1, 3, 0, 2, 0, 0, 0, 0, 0, 2, 0, 3, 1, 2, 0, 0, 0, 0, 0, 0, 3, 1, 1, )

time 0 = 5729 us

loop counter = (0, 0, 0, 0, 1, 1, 4, 4, 1, 0, 4, 3, 1, 3, 0, 2, 0, 0, 0, 0, 0, 2, 0, 3, 1, 2, 0, 0, 0, 0, 0, 0, 3, 1, 1, )

time 0 = 2105 us

loop counter = (0, 0, 0, 0, 1, 1, 4, 4, 1, 0, 4, 3, 1, 3, 0, 2, 0, 0, 0, 0, 0, 2, 0, 3, 1, 2, 0, 0, 0, 0, 0, 0, 3, 1, 1, )

time 0 = 4898 us

loop counter = (0, 0, 0, 0, 1, 1, 4, 4, 1, 0, 4, 3, 1, 3, 0, 2, 0, 0, 0, 0, 0, 2, 0, 3, 1, 2, 0, 0, 0, 0, 0, 0, 3, 1, 1, )

time 0 = 1207 us

loop counter = (0, 0, 0, 0, 1, 1, 4, 4, 1, 0, 4, 3, 1, 3, 0, 2, 0, 0, 0, 0, 0, 2, 0, 3, 1, 2, 0, 0, 0, 0, 0, 0, 3, 1, 1, )

time 0 = 5984 us

loop counter = (0, 0, 0, 0, 1, 1, 4, 4, 1, 0, 4, 3, 1, 3, 0, 2, 0, 0, 0, 0, 0, 2, 0, 3, 1, 2, 0, 0, 0, 0, 0, 0, 3, 1, 1, )

time 0 = 9183 us

loop counter = (0, 0, 0, 0, 1, 1, 4, 4, 1, 0, 4, 3, 1, 3, 0, 2, 0, 0, 0, 0, 0, 2, 0, 3, 1, 2, 0, 0, 0, 0, 0, 0, 3, 1, 1, )

time 0 = 4495 us

loop counter = (0, 0, 0, 0, 1, 1, 4, 4, 1, 0, 4, 3, 1, 3, 0, 2, 0, 0, 0, 0, 0, 2, 0, 3, 1, 2, 0, 0, 0, 0, 0, 0, 3, 1, 1, )

time 0 = 1729 us

loop counter = (0, 0, 0, 0, 1, 1, 4, 4, 1, 0, 4, 3, 1, 3, 0, 2, 0, 0, 0, 0, 0, 2, 0, 3, 1, 2, 0, 0, 0, 0, 0, 0, 3, 1, 1, )

time 0 = 7566 us

loop counter = (0, 0, 0, 0, 1, 1, 4, 4, 1, 0, 4, 3, 1, 3, 0, 2, 0, 0, 0, 0, 0, 2, 0, 3, 1, 2, 0, 0, 0, 0, 0, 0, 3, 1, 1, )

time 0 = 4280 us

loop counter = (0, 0, 0, 0, 1, 1, 4, 4, 1, 0, 4, 3, 1, 3, 0, 2, 0, 0, 0, 0, 0, 2, 0, 3, 1, 2, 0, 0, 0, 0, 0, 0, 3, 1, 1, )

time 0 = 7080 us

loop counter = (0, 0, 0, 0, 1, 1, 4, 4, 1, 0, 4, 3, 1, 3, 0, 2, 0, 0, 0, 0, 0, 2, 0, 3, 1, 2, 0, 0, 0, 0, 0, 0, 3, 1, 1, )

time 0 = 877 us

loop counter = (0, 0, 0, 0, 1, 1, 4, 4, 1, 0, 4, 3, 1, 3, 0, 2, 0, 0, 0, 0, 0, 2, 0, 3, 1, 2, 0, 0, 0, 0, 0, 0, 3, 1, 1, )

time 0 = 1450 us

loop counter = (0, 0, 0, 0, 1, 1, 4, 4, 1, 0, 4, 3, 1, 3, 0, 2, 0, 0, 0, 0, 0, 2, 0, 3, 1, 2, 0, 0, 0, 0, 0, 0, 3, 1, 1, )

time 0 = 3563 us

loop counter = (0, 0, 0, 0, 1, 1, 4, 4, 1, 0, 4, 3, 1, 3, 0, 2, 0, 0, 0, 0, 0, 2, 0, 3, 1, 2, 0, 0, 0, 0, 0, 0, 3, 1, 1, )

time 0 = 1011 us

loop counter = (0, 0, 0, 0, 1, 1, 4, 4, 1, 0, 4, 3, 1, 3, 0, 2, 0, 0, 0, 0, 0, 2, 0, 3, 1, 2, 0, 0, 0, 0, 0, 0, 3, 1, 1, )

time 0 = 8440 us

loop counter = (0, 0, 0, 0, 1, 1, 4, 4, 1, 0, 4, 3, 1, 3, 0, 2, 0, 0, 0, 0, 0, 2, 0, 3, 1, 2, 0, 0, 0, 0, 0, 0, 3, 1, 1, )

time 0 = 2082 us

loop counter = (0, 0, 0, 0, 1, 1, 4, 4, 1, 0, 4, 3, 1, 3, 0, 2, 0, 0, 0, 0, 0, 2, 0, 3, 1, 2, 0, 0, 0, 0, 0, 0, 3, 1, 1, )

time 0 = 1133 us

loop counter = (0, 0, 0, 0, 1, 1, 4, 4, 1, 0, 4, 3, 1, 3, 0, 2, 0, 0, 0, 0, 0, 2, 0, 3, 1, 2, 0, 0, 0, 0, 0, 0, 3, 1, 1, )

time 0 = 3807 us

loop counter = (0, 0, 0, 0, 1, 1, 4, 4, 1, 0, 4, 3, 1, 3, 0, 2, 0, 0, 0, 0, 0, 2, 0, 3, 1, 2, 0, 0, 0, 0, 0, 0, 3, 1, 1, )

time 0 = 1348 us

loop counter = (0, 0, 0, 0, 1, 1, 4, 4, 1, 0, 4, 3, 1, 3, 0, 2, 0, 0, 0, 0, 0, 2, 0, 3, 1, 2, 0, 0, 0, 0, 0, 0, 3, 1, 1, )

time 0 = 1398 us

loop counter = (0, 0, 0, 0, 1, 1, 4, 4, 1, 0, 4, 3, 1, 3, 0, 2, 0, 0, 0, 0, 0, 2, 0, 3, 1, 2, 0, 0, 0, 0, 0, 0, 3, 1, 1, )

time 0 = 1020 us

loop counter = (0, 0, 0, 0, 1, 1, 4, 4, 1, 0, 4, 3, 1, 3, 0, 2, 0, 0, 0, 0, 0, 2, 0, 3, 1, 2, 0, 0, 0, 0, 0, 0, 3, 1, 1, )

time 0 = 4377 us

loop counter = (0, 0, 0, 0, 1, 1, 4, 4, 1, 0, 4, 3, 1, 3, 0, 2, 0, 0, 0, 0, 0, 2, 0, 3, 1, 2, 0, 0, 0, 0, 0, 0, 3, 1, 1, )

time 0 = 8878 us

loop counter = (0, 0, 0, 0, 1, 1, 4, 4, 1, 0, 4, 3, 1, 3, 0, 2, 0, 0, 0, 0, 0, 2, 0, 3, 1, 2, 0, 0, 0, 0, 0, 0, 3, 1, 1, )

time 0 = 8941 us

loop counter = (0, 0, 0, 0, 1, 1, 4, 4, 1, 0, 4, 3, 1, 3, 0, 2, 0, 0, 0, 0, 0, 2, 0, 3, 1, 2, 0, 0, 0, 0, 0, 0, 3, 1, 1, )

time 0 = 11394 us

loop counter = (0, 0, 0, 0, 1, 1, 4, 4, 1, 0, 4, 3, 1, 3, 0, 2, 0, 0, 0, 0, 0, 2, 0, 3, 1, 2, 0, 0, 0, 0, 0, 0, 3, 1, 1, )

time 0 = 12896 us

loop counter = (0, 0, 0, 0, 1, 1, 4, 4, 1, 0, 4, 3, 1, 3, 0, 2, 0, 0, 0, 0, 0, 2, 0, 3, 1, 2, 0, 0, 0, 0, 0, 0, 3, 1, 1, )

time 0 = 1138 us

loop counter = (0, 0, 0, 0, 1, 1, 4, 4, 1, 0, 4, 3, 1, 3, 0, 2, 0, 0, 0, 0, 0, 2, 0, 3, 1, 2, 0, 0, 0, 0, 0, 0, 3, 1, 1, )

time 0 = 6456 us

loop counter = (0, 0, 0, 0, 1, 1, 4, 4, 1, 0, 4, 3, 1, 3, 0, 2, 0, 0, 0, 0, 0, 2, 0, 3, 1, 2, 0, 0, 0, 0, 0, 0, 3, 1, 1, )

time 0 = 10040 us

loop counter = (0, 0, 0, 0, 1, 1, 4, 4, 1, 0, 4, 3, 1, 3, 0, 2, 0, 0, 0, 0, 0, 2, 0, 3, 1, 2, 0, 0, 0, 0, 0, 0, 3, 1, 1, )

time 0 = 7588 us

loop counter = (0, 0, 0, 0, 1, 1, 4, 4, 1, 0, 4, 3, 1, 3, 0, 2, 0, 0, 0, 0, 0, 2, 0, 3, 1, 2, 0, 0, 0, 0, 0, 0, 3, 1, 1, )

time 0 = 3129 us

loop counter = (0, 0, 0, 0, 1, 1, 4, 4, 1, 0, 4, 3, 1, 3, 0, 2, 0, 0, 0, 0, 0, 2, 0, 3, 1, 2, 0, 0, 0, 0, 0, 0, 3, 1, 1, )

time 0 = 8203 us

loop counter = (0, 0, 0, 0, 1, 1, 4, 4, 1, 0, 4, 3, 1, 3, 0, 2, 0, 0, 0, 0, 0, 2, 0, 3, 1, 2, 0, 0, 0, 0, 0, 0, 3, 1, 1, )

time 0 = 11309 us

loop counter = (0, 0, 0, 0, 1, 1, 4, 4, 1, 0, 4, 3, 1, 3, 0, 2, 0, 0, 0, 0, 0, 2, 0, 3, 1, 2, 0, 0, 0, 0, 0, 0, 3, 1, 1, )

time 0 = 6988 us

loop counter = (0, 0, 0, 0, 1, 1, 4, 4, 1, 0, 4, 3, 1, 3, 0, 2, 0, 0, 0, 0, 0, 2, 0, 3, 1, 2, 0, 0, 0, 0, 0, 0, 3, 1, 1, )

time 0 = 7994 us

loop counter = (0, 0, 0, 0, 1, 1, 4, 4, 1, 0, 4, 3, 1, 3, 0, 2, 0, 0, 0, 0, 0, 2, 0, 3, 1, 2, 0, 0, 0, 0, 0, 0, 3, 1, 1, )

time 0 = 7491 us

loop counter = (0, 0, 0, 0, 1, 1, 4, 4, 1, 0, 4, 3, 1, 3, 0, 2, 0, 0, 0, 0, 0, 2, 0, 3, 1, 2, 0, 0, 0, 0, 0, 0, 3, 1, 1, )

time 0 = 1633 us

loop counter = (0, 0, 0, 0, 1, 1, 4, 4, 1, 0, 4, 3, 1, 3, 0, 2, 0, 0, 0, 0, 0, 2, 0, 3, 1, 2, 0, 0, 0, 0, 0, 0, 3, 1, 1, )

time 0 = 6687 us

loop counter = (0, 0, 0, 0, 1, 1, 4, 4, 1, 0, 4, 3, 1, 3, 0, 2, 0, 0, 0, 0, 0, 2, 0, 3, 1, 2, 0, 0, 0, 0, 0, 0, 3, 1, 1, )

time 0 = 1995 us

loop counter = (0, 0, 0, 0, 1, 1, 4, 4, 1, 0, 4, 3, 1, 3, 0, 2, 0, 0, 0, 0, 0, 2, 0, 3, 1, 2, 0, 0, 0, 0, 0, 0, 3, 1, 1, )

time 0 = 13104 us

loop counter = (0, 0, 0, 0, 1, 1, 4, 4, 1, 0, 4, 3, 1, 3, 0, 2, 0, 0, 0, 0, 0, 2, 0, 3, 1, 2, 0, 0, 0, 0, 0, 0, 3, 1, 1, )

time 0 = 4084 us

loop counter = (0, 0, 0, 0, 1, 1, 4, 4, 1, 0, 4, 3, 1, 3, 0, 2, 0, 0, 0, 0, 0, 2, 0, 3, 1, 2, 0, 0, 0, 0, 0, 0, 3, 1, 1, )

time 0 = 8062 us

loop counter = (0, 0, 0, 0, 1, 1, 4, 4, 1, 0, 4, 3, 1, 3, 0, 2, 0, 0, 0, 0, 0, 2, 0, 3, 1, 2, 0, 0, 0, 0, 0, 0, 3, 1, 1, )

time 0 = 5079 us

loop counter = (0, 0, 0, 0, 1, 1, 4, 4, 1, 0, 4, 3, 1, 3, 0, 2, 0, 0, 0, 0, 0, 2, 0, 3, 1, 2, 0, 0, 0, 0, 0, 0, 3, 1, 1, )

time 0 = 11437 us

loop counter = (0, 0, 0, 0, 1, 1, 4, 4, 1, 0, 4, 3, 1, 3, 0, 2, 0, 0, 0, 0, 0, 2, 0, 3, 1, 2, 0, 0, 0, 0, 0, 0, 3, 1, 1, )

time 0 = 9382 us

loop counter = (0, 0, 0, 0, 1, 1, 4, 4, 1, 0, 4, 3, 1, 3, 0, 2, 0, 0, 0, 0, 0, 2, 0, 3, 1, 2, 0, 0, 0, 0, 0, 0, 3, 1, 1, )

time 0 = 8337 us

loop counter = (0, 0, 0, 0, 1, 1, 4, 4, 1, 0, 4, 3, 1, 3, 0, 2, 0, 0, 0, 0, 0, 2, 0, 3, 1, 2, 0, 0, 0, 0, 0, 0, 3, 1, 1, )

time 0 = 4645 us

loop counter = (0, 0, 0, 0, 1, 1, 4, 4, 1, 0, 4, 3, 1, 3, 0, 2, 0, 0, 0, 0, 0, 2, 0, 3, 1, 2, 0, 0, 0, 0, 0, 0, 3, 1, 1, )

time 0 = 2851 us

loop counter = (0, 0, 0, 0, 1, 1, 4, 4, 1, 0, 4, 3, 1, 3, 0, 2, 0, 0, 0, 0, 0, 2, 0, 3, 1, 2, 0, 0, 0, 0, 0, 0, 3, 1, 1, )

time 0 = 15727 us

loop counter = (0, 0, 0, 0, 1, 1, 4, 4, 1, 0, 4, 3, 1, 3, 0, 2, 0, 0, 0, 0, 0, 2, 0, 3, 1, 2, 0, 0, 0, 0, 0, 0, 3, 1, 1, )

time 0 = 1976 us

loop counter = (0, 0, 0, 0, 1, 1, 4, 4, 1, 0, 4, 3, 1, 3, 0, 2, 0, 0, 0, 0, 0, 2, 0, 3, 1, 2, 0, 0, 0, 0, 0, 0, 3, 1, 1, )

time 0 = 12652 us

loop counter = (0, 0, 0, 0, 1, 1, 4, 4, 1, 0, 4, 3, 1, 3, 0, 2, 0, 0, 0, 0, 0, 2, 0, 3, 1, 2, 0, 0, 0, 0, 0, 0, 3, 1, 1, )

time 0 = 9385 us

loop counter = (0, 0, 0, 0, 1, 1, 4, 4, 1, 0, 4, 3, 1, 3, 0, 2, 0, 0, 0, 0, 0, 2, 0, 3, 1, 2, 0, 0, 0, 0, 0, 0, 3, 1, 1, )

time 0 = 9841 us

loop counter = (0, 0, 0, 0, 1, 1, 4, 4, 1, 0, 4, 3, 1, 3, 0, 2, 0, 0, 0, 0, 0, 2, 0, 3, 1, 2, 0, 0, 0, 0, 0, 0, 3, 1, 1, )

time 0 = 7702 us

loop counter = (0, 0, 0, 0, 1, 1, 4, 4, 1, 0, 4, 3, 1, 3, 0, 2, 0, 0, 0, 0, 0, 2, 0, 3, 1, 2, 0, 0, 0, 0, 0, 0, 3, 1, 1, )

time 0 = 11601 us

loop counter = (0, 0, 0, 0, 1, 1, 4, 4, 1, 0, 4, 3, 1, 3, 0, 2, 0, 0, 0, 0, 0, 2, 0, 3, 1, 2, 0, 0, 0, 0, 0, 0, 3, 1, 1, )

time 0 = 14202 us

loop counter = (0, 0, 0, 0, 1, 1, 4, 4, 1, 0, 4, 3, 1, 3, 0, 2, 0, 0, 0, 0, 0, 2, 0, 3, 1, 2, 0, 0, 0, 0, 0, 0, 3, 1, 1, )

time 0 = 7924 us

loop counter = (0, 0, 0, 0, 1, 1, 4, 4, 1, 0, 4, 3, 1, 3, 0, 2, 0, 0, 0, 0, 0, 2, 0, 3, 1, 2, 0, 0, 0, 0, 0, 0, 3, 1, 1, )

time 0 = 1039 us

loop counter = (0, 0, 0, 0, 1, 1, 4, 4, 1, 0, 4, 3, 1, 3, 0, 2, 0, 0, 0, 0, 0, 2, 0, 3, 1, 2, 0, 0, 0, 0, 0, 0, 3, 1, 1, )

time 0 = 13352 us

loop counter = (0, 0, 0, 0, 1, 1, 4, 4, 1, 0, 4, 3, 1, 3, 0, 2, 0, 0, 0, 0, 0, 2, 0, 3, 1, 2, 0, 0, 0, 0, 0, 0, 3, 1, 1, )

time 0 = 5502 us

loop counter = (0, 0, 0, 0, 1, 1, 4, 4, 1, 0, 4, 3, 1, 3, 0, 2, 0, 0, 0, 0, 0, 2, 0, 3, 1, 2, 0, 0, 0, 0, 0, 0, 3, 1, 1, )

time 0 = 10267 us

loop counter = (0, 0, 0, 0, 1, 1, 4, 4, 1, 0, 4, 3, 1, 3, 0, 2, 0, 0, 0, 0, 0, 2, 0, 3, 1, 2, 0, 0, 0, 0, 0, 0, 3, 1, 1, )

time 0 = 1213 us

loop counter = (0, 0, 0, 0, 1, 1, 4, 4, 1, 0, 4, 3, 1, 3, 0, 2, 0, 0, 0, 0, 0, 2, 0, 3, 1, 2, 0, 0, 0, 0, 0, 0, 3, 1, 1, )

time 0 = 7797 us

loop counter = (0, 0, 0, 0, 1, 1, 4, 4, 1, 0, 4, 3, 1, 3, 0, 2, 0, 0, 0, 0, 0, 2, 0, 3, 1, 2, 0, 0, 0, 0, 0, 0, 3, 1, 1, )

time 0 = 3191 us

loop counter = (0, 0, 0, 0, 1, 1, 4, 4, 1, 0, 4, 3, 1, 3, 0, 2, 0, 0, 0, 0, 0, 2, 0, 3, 1, 2, 0, 0, 0, 0, 0, 0, 3, 1, 1, )

time 0 = 2409 us

loop counter = (0, 0, 0, 0, 1, 1, 4, 4, 1, 0, 4, 3, 1, 3, 0, 2, 0, 0, 0, 0, 0, 2, 0, 3, 1, 2, 0, 0, 0, 0, 0, 0, 3, 1, 1, )

time 0 = 1721 us

loop counter = (0, 0, 0, 0, 1, 1, 4, 4, 1, 0, 4, 3, 1, 3, 0, 2, 0, 0, 0, 0, 0, 2, 0, 3, 1, 2, 0, 0, 0, 0, 0, 0, 3, 1, 1, )

time 0 = 1183 us

loop counter = (0, 0, 0, 0, 1, 1, 4, 4, 1, 0, 4, 3, 1, 3, 0, 2, 0, 0, 0, 0, 0, 2, 0, 3, 1, 2, 0, 0, 0, 0, 0, 0, 3, 1, 1, )

time 0 = 14072 us

loop counter = (0, 0, 0, 0, 1, 1, 4, 4, 1, 0, 4, 3, 1, 3, 0, 2, 0, 0, 0, 0, 0, 2, 0, 3, 1, 2, 0, 0, 0, 0, 0, 0, 3, 1, 1, )

time 0 = 7890 us

loop counter = (0, 0, 0, 0, 1, 1, 4, 4, 1, 0, 4, 3, 1, 3, 0, 2, 0, 0, 0, 0, 0, 2, 0, 3, 1, 2, 0, 0, 0, 0, 0, 0, 3, 1, 1, )

time 0 = 14111 us

loop counter = (0, 0, 0, 0, 1, 1, 4, 4, 1, 0, 4, 3, 1, 3, 0, 2, 0, 0, 0, 0, 0, 2, 0, 3, 1, 2, 0, 0, 0, 0, 0, 0, 3, 1, 1, )

time 0 = 4232 us

loop counter = (0, 0, 0, 0, 1, 1, 4, 4, 1, 0, 4, 3, 1, 3, 0, 2, 0, 0, 0, 0, 0, 2, 0, 3, 1, 2, 0, 0, 0, 0, 0, 0, 3, 1, 1, )

time 0 = 2668 us

loop counter = (0, 0, 0, 0, 1, 1, 4, 4, 1, 0, 4, 3, 1, 3, 0, 2, 0, 0, 0, 0, 0, 2, 0, 3, 1, 2, 0, 0, 0, 0, 0, 0, 3, 1, 1, )

time 0 = 8415 us

loop counter = (0, 0, 0, 0, 1, 1, 4, 4, 1, 0, 4, 3, 1, 3, 0, 2, 0, 0, 0, 0, 0, 2, 0, 3, 1, 2, 0, 0, 0, 0, 0, 0, 3, 1, 1, )

time 0 = 3240 us

loop counter = (0, 0, 0, 0, 1, 1, 4, 4, 1, 0, 4, 3, 1, 3, 0, 2, 0, 0, 0, 0, 0, 2, 0, 3, 1, 2, 0, 0, 0, 0, 0, 0, 3, 1, 1, )

time 0 = 7679 us

loop counter = (0, 0, 0, 0, 1, 1, 4, 4, 1, 0, 4, 3, 1, 3, 0, 2, 0, 0, 0, 0, 0, 2, 0, 3, 1, 2, 0, 0, 0, 0, 0, 0, 3, 1, 1, )

time 0 = 1110 us

loop counter = (0, 0, 0, 0, 1, 1, 4, 4, 1, 0, 4, 3, 1, 3, 0, 2, 0, 0, 0, 0, 0, 2, 0, 3, 1, 2, 0, 0, 0, 0, 0, 0, 3, 1, 1, )

time 0 = 2718 us

loop counter = (0, 0, 0, 0, 1, 1, 4, 4, 1, 0, 4, 3, 1, 3, 0, 2, 0, 0, 0, 0, 0, 2, 0, 3, 1, 2, 0, 0, 0, 0, 0, 0, 3, 1, 1, )

time 0 = 2567 us

loop counter = (0, 0, 0, 0, 1, 1, 4, 4, 1, 0, 4, 3, 1, 3, 0, 2, 0, 0, 0, 0, 0, 2, 0, 3, 1, 2, 0, 0, 0, 0, 0, 0, 3, 1, 1, )

time 0 = 4943 us

loop counter = (0, 0, 0, 0, 1, 1, 4, 4, 1, 0, 4, 3, 1, 3, 0, 2, 0, 0, 0, 0, 0, 2, 0, 3, 1, 2, 0, 0, 0, 0, 0, 0, 3, 1, 1, )

time 0 = 6757 us

loop counter = (0, 0, 0, 0, 1, 1, 4, 4, 1, 0, 4, 3, 1, 3, 0, 2, 0, 0, 0, 0, 0, 2, 0, 3, 1, 2, 0, 0, 0, 0, 0, 0, 3, 1, 1, )

time 0 = 2413 us

loop counter = (0, 0, 0, 0, 1, 1, 4, 4, 1, 0, 4, 3, 1, 3, 0, 2, 0, 0, 0, 0, 0, 2, 0, 3, 1, 2, 0, 0, 0, 0, 0, 0, 3, 1, 1, )

time 0 = 13153 us

loop counter = (0, 0, 0, 0, 1, 1, 4, 4, 1, 0, 4, 3, 1, 3, 0, 2, 0, 0, 0, 0, 0, 2, 0, 3, 1, 2, 0, 0, 0, 0, 0, 0, 3, 1, 1, )

time 0 = 884 us

loop counter = (0, 0, 0, 0, 1, 1, 4, 4, 1, 0, 4, 3, 1, 3, 0, 2, 0, 0, 0, 0, 0, 2, 0, 3, 1, 2, 0, 0, 0, 0, 0, 0, 3, 1, 1, )

time 0 = 3975 us

loop counter = (0, 0, 0, 0, 1, 1, 4, 4, 1, 0, 4, 3, 1, 3, 0, 2, 0, 0, 0, 0, 0, 2, 0, 3, 1, 2, 0, 0, 0, 0, 0, 0, 3, 1, 1, )

time 0 = 5093 us

loop counter = (0, 0, 0, 0, 1, 1, 4, 4, 1, 0, 4, 3, 1, 3, 0, 2, 0, 0, 0, 0, 0, 2, 0, 3, 1, 2, 0, 0, 0, 0, 0, 0, 3, 1, 1, )

time 0 = 4832 us

loop counter = (0, 0, 0, 0, 1, 1, 4, 4, 1, 0, 4, 3, 1, 3, 0, 2, 0, 0, 0, 0, 0, 2, 0, 3, 1, 2, 0, 0, 0, 0, 0, 0, 3, 1, 1, )

time 0 = 2487 us

loop counter = (0, 0, 0, 0, 1, 1, 4, 4, 1, 0, 4, 3, 1, 3, 0, 2, 0, 0, 0, 0, 0, 2, 0, 3, 1, 2, 0, 0, 0, 0, 0, 0, 3, 1, 1, )

time 0 = 7478 us

loop counter = (0, 0, 0, 0, 1, 1, 4, 4, 1, 0, 4, 3, 1, 3, 0, 2, 0, 0, 0, 0, 0, 2, 0, 3, 1, 2, 0, 0, 0, 0, 0, 0, 3, 1, 1, )

time 0 = 12806 us

loop counter = (0, 0, 0, 0, 1, 1, 4, 4, 1, 0, 4, 3, 1, 3, 0, 2, 0, 0, 0, 0, 0, 2, 0, 3, 1, 2, 0, 0, 0, 0, 0, 0, 3, 1, 1, )

time 0 = 8806 us

loop counter = (0, 0, 0, 0, 1, 1, 4, 4, 1, 0, 4, 3, 1, 3, 0, 2, 0, 0, 0, 0, 0, 2, 0, 3, 1, 2, 0, 0, 0, 0, 0, 0, 3, 1, 1, )

time 0 = 4173 us

loop counter = (0, 0, 0, 0, 1, 1, 4, 4, 1, 0, 4, 3, 1, 3, 0, 2, 0, 0, 0, 0, 0, 2, 0, 3, 1, 2, 0, 0, 0, 0, 0, 0, 3, 1, 1, )

time 0 = 14259 us

loop counter = (0, 0, 0, 0, 1, 1, 4, 4, 1, 0, 4, 3, 1, 3, 0, 2, 0, 0, 0, 0, 0, 2, 0, 3, 1, 2, 0, 0, 0, 0, 0, 0, 3, 1, 1, )

time 0 = 13318 us

loop counter = (0, 0, 0, 0, 1, 1, 4, 4, 1, 0, 4, 3, 1, 3, 0, 2, 0, 0, 0, 0, 0, 2, 0, 3, 1, 2, 0, 0, 0, 0, 0, 0, 3, 1, 1, )

time 0 = 2781 us

loop counter = (0, 0, 0, 0, 1, 1, 4, 4, 1, 0, 4, 3, 1, 3, 0, 2, 0, 0, 0, 0, 0, 2, 0, 3, 1, 2, 0, 0, 0, 0, 0, 0, 3, 1, 1, )

time 0 = 5808 us

loop counter = (0, 0, 0, 0, 1, 1, 4, 4, 1, 0, 4, 3, 1, 3, 0, 2, 0, 0, 0, 0, 0, 2, 0, 3, 1, 2, 0, 0, 0, 0, 0, 0, 3, 1, 1, )

time 0 = 7257 us

loop counter = (0, 0, 0, 0, 1, 1, 4, 4, 1, 0, 4, 3, 1, 3, 0, 2, 0, 0, 0, 0, 0, 2, 0, 3, 1, 2, 0, 0, 0, 0, 0, 0, 3, 1, 1, )

time 0 = 8097 us

loop counter = (0, 0, 0, 0, 1, 1, 4, 4, 1, 0, 4, 3, 1, 3, 0, 2, 0, 0, 0, 0, 0, 2, 0, 3, 1, 2, 0, 0, 0, 0, 0, 0, 3, 1, 1, )

time 0 = 1172 us

loop counter = (0, 0, 0, 0, 1, 1, 4, 4, 1, 0, 4, 3, 1, 3, 0, 2, 0, 0, 0, 0, 0, 2, 0, 3, 1, 2, 0, 0, 0, 0, 0, 0, 3, 1, 1, )

time 0 = 12857 us

loop counter = (0, 0, 0, 0, 1, 1, 4, 4, 1, 0, 4, 3, 1, 3, 0, 2, 0, 0, 0, 0, 0, 2, 0, 3, 1, 2, 0, 0, 0, 0, 0, 0, 3, 1, 1, )

time 0 = 5773 us

loop counter = (0, 0, 0, 0, 1, 1, 4, 4, 1, 0, 4, 3, 1, 3, 0, 2, 0, 0, 0, 0, 0, 2, 0, 3, 1, 2, 0, 0, 0, 0, 0, 0, 3, 1, 1, )

time 0 = 4483 us

loop counter = (0, 0, 0, 0, 1, 1, 4, 4, 1, 0, 4, 3, 1, 3, 0, 2, 0, 0, 0, 0, 0, 2, 0, 3, 1, 2, 0, 0, 0, 0, 0, 0, 3, 1, 1, )

time 0 = 1070 us

loop counter = (0, 0, 0, 0, 1, 1, 4, 4, 1, 0, 4, 3, 1, 3, 0, 2, 0, 0, 0, 0, 0, 2, 0, 3, 1, 2, 0, 0, 0, 0, 0, 0, 3, 1, 1, )

time 0 = 4910 us

loop counter = (0, 0, 0, 0, 1, 1, 4, 4, 1, 0, 4, 3, 1, 3, 0, 2, 0, 0, 0, 0, 0, 2, 0, 3, 1, 2, 0, 0, 0, 0, 0, 0, 3, 1, 1, )

time 0 = 901 us

loop counter = (0, 0, 0, 0, 1, 1, 4, 4, 1, 0, 4, 3, 1, 3, 0, 2, 0, 0, 0, 0, 0, 2, 0, 3, 1, 2, 0, 0, 0, 0, 0, 0, 3, 1, 1, )

time 0 = 14421 us

loop counter = (0, 0, 0, 0, 1, 1, 4, 4, 1, 0, 4, 3, 1, 3, 0, 2, 0, 0, 0, 0, 0, 2, 0, 3, 1, 2, 0, 0, 0, 0, 0, 0, 3, 1, 1, )

time 0 = 6074 us

loop counter = (0, 0, 0, 0, 1, 1, 4, 4, 1, 0, 4, 3, 1, 3, 0, 2, 0, 0, 0, 0, 0, 2, 0, 3, 1, 2, 0, 0, 0, 0, 0, 0, 3, 1, 1, )

time 0 = 11535 us

loop counter = (0, 0, 0, 0, 1, 1, 4, 4, 1, 0, 4, 3, 1, 3, 0, 2, 0, 0, 0, 0, 0, 2, 0, 3, 1, 2, 0, 0, 0, 0, 0, 0, 3, 1, 1, )

time 0 = 8685 us

loop counter = (0, 0, 0, 0, 1, 1, 4, 4, 1, 0, 4, 3, 1, 3, 0, 2, 0, 0, 0, 0, 0, 2, 0, 3, 1, 2, 0, 0, 0, 0, 0, 0, 3, 1, 1, )

time 0 = 11260 us

loop counter = (0, 0, 0, 0, 1, 1, 4, 4, 1, 0, 4, 3, 1, 3, 0, 2, 0, 0, 0, 0, 0, 2, 0, 3, 1, 2, 0, 0, 0, 0, 0, 0, 3, 1, 1, )

time 0 = 1473 us

loop counter = (0, 0, 0, 0, 1, 1, 4, 4, 1, 0, 4, 3, 1, 3, 0, 2, 0, 0, 0, 0, 0, 2, 0, 3, 1, 2, 0, 0, 0, 0, 0, 0, 3, 1, 1, )

time 0 = 9209 us

loop counter = (0, 0, 0, 0, 1, 1, 4, 4, 1, 0, 4, 3, 1, 3, 0, 2, 0, 0, 0, 0, 0, 2, 0, 3, 1, 2, 0, 0, 0, 0, 0, 0, 3, 1, 1, )

time 0 = 4371 us

loop counter = (0, 0, 0, 0, 1, 1, 4, 4, 1, 0, 4, 3, 1, 3, 0, 2, 0, 0, 0, 0, 0, 2, 0, 3, 1, 2, 0, 0, 0, 0, 0, 0, 3, 1, 1, )

time 0 = 1129 us

loop counter = (0, 0, 0, 0, 1, 1, 4, 4, 1, 0, 4, 3, 1, 3, 0, 2, 0, 0, 0, 0, 0, 2, 0, 3, 1, 2, 0, 0, 0, 0, 0, 0, 3, 1, 1, )

time 0 = 13919 us

loop counter = (0, 0, 0, 0, 1, 1, 4, 4, 1, 0, 4, 3, 1, 3, 0, 2, 0, 0, 0, 0, 0, 2, 0, 3, 1, 2, 0, 0, 0, 0, 0, 0, 3, 1, 1, )

time 0 = 3288 us

loop counter = (0, 0, 0, 0, 1, 1, 4, 4, 1, 0, 4, 3, 1, 3, 0, 2, 0, 0, 0, 0, 0, 2, 0, 3, 1, 2, 0, 0, 0, 0, 0, 0, 3, 1, 1, )

time 0 = 1652 us

loop counter = (0, 0, 0, 0, 1, 1, 4, 4, 1, 0, 4, 3, 1, 3, 0, 2, 0, 0, 0, 0, 0, 2, 0, 3, 1, 2, 0, 0, 0, 0, 0, 0, 3, 1, 1, )

time 0 = 3307 us

loop counter = (0, 0, 0, 0, 1, 1, 4, 4, 1, 0, 4, 3, 1, 3, 0, 2, 0, 0, 0, 0, 0, 2, 0, 3, 1, 2, 0, 0, 0, 0, 0, 0, 3, 1, 1, )

time 0 = 3549 us

loop counter = (0, 0, 0, 0, 1, 1, 4, 4, 1, 0, 4, 3, 1, 3, 0, 2, 0, 0, 0, 0, 0, 2, 0, 3, 1, 2, 0, 0, 0, 0, 0, 0, 3, 1, 1, )

time 0 = 17666 us

loop counter = (0, 0, 0, 0, 1, 1, 4, 4, 1, 0, 4, 3, 1, 3, 0, 2, 0, 0, 0, 0, 0, 2, 0, 3, 1, 2, 0, 0, 0, 0, 0, 0, 3, 1, 1, )

time 0 = 4588 us

loop counter = (0, 0, 0, 0, 1, 1, 4, 4, 1, 0, 4, 3, 1, 3, 0, 2, 0, 0, 0, 0, 0, 2, 0, 3, 1, 2, 0, 0, 0, 0, 0, 0, 3, 1, 1, )

time 0 = 1900 us

loop counter = (0, 0, 0, 0, 1, 1, 4, 4, 1, 0, 4, 3, 1, 3, 0, 2, 0, 0, 0, 0, 0, 2, 0, 3, 1, 2, 0, 0, 0, 0, 0, 0, 3, 1, 1, )

time 0 = 9447 us

loop counter = (0, 0, 0, 0, 1, 1, 4, 4, 1, 0, 4, 3, 1, 3, 0, 2, 0, 0, 0, 0, 0, 2, 0, 3, 1, 2, 0, 0, 0, 0, 0, 0, 3, 1, 1, )

time 0 = 5170 us

loop counter = (0, 0, 0, 0, 1, 1, 4, 4, 1, 0, 4, 3, 1, 3, 0, 2, 0, 0, 0, 0, 0, 2, 0, 3, 1, 2, 0, 0, 0, 0, 0, 0, 3, 1, 1, )

time 0 = 1065 us

loop counter = (0, 0, 0, 0, 1, 1, 4, 4, 1, 0, 4, 3, 1, 3, 0, 2, 0, 0, 0, 0, 0, 2, 0, 3, 1, 2, 0, 0, 0, 0, 0, 0, 3, 1, 1, )

time 0 = 10912 us

loop counter = (0, 0, 0, 0, 1, 1, 4, 4, 1, 0, 4, 3, 1, 3, 0, 2, 0, 0, 0, 0, 0, 2, 0, 3, 1, 2, 0, 0, 0, 0, 0, 0, 3, 1, 1, )

time 0 = 8745 us

loop counter = (0, 0, 0, 0, 1, 1, 4, 4, 1, 0, 4, 3, 1, 3, 0, 2, 0, 0, 0, 0, 0, 2, 0, 3, 1, 2, 0, 0, 0, 0, 0, 0, 3, 1, 1, )

time 0 = 4006 us

loop counter = (0, 0, 0, 0, 1, 1, 4, 4, 1, 0, 4, 3, 1, 3, 0, 2, 0, 0, 0, 0, 0, 2, 0, 3, 1, 2, 0, 0, 0, 0, 0, 0, 3, 1, 1, )

time 0 = 8453 us

loop counter = (0, 0, 0, 0, 1, 1, 4, 4, 1, 0, 4, 3, 1, 3, 0, 2, 0, 0, 0, 0, 0, 2, 0, 3, 1, 2, 0, 0, 0, 0, 0, 0, 3, 1, 1, )

time 0 = 15836 us

loop counter = (0, 0, 0, 0, 1, 1, 4, 4, 1, 0, 4, 3, 1, 3, 0, 2, 0, 0, 0, 0, 0, 2, 0, 3, 1, 2, 0, 0, 0, 0, 0, 0, 3, 1, 1, )

time 0 = 1693 us

loop counter = (0, 0, 0, 0, 1, 1, 4, 4, 1, 0, 4, 3, 1, 3, 0, 2, 0, 0, 0, 0, 0, 2, 0, 3, 1, 2, 0, 0, 0, 0, 0, 0, 3, 1, 1, )

time 0 = 5570 us

loop counter = (0, 0, 0, 0, 1, 1, 4, 4, 1, 0, 4, 3, 1, 3, 0, 2, 0, 0, 0, 0, 0, 2, 0, 3, 1, 2, 0, 0, 0, 0, 0, 0, 3, 1, 1, )

time 0 = 1721 us

loop counter = (0, 0, 0, 0, 1, 1, 4, 4, 1, 0, 4, 3, 1, 3, 0, 2, 0, 0, 0, 0, 0, 2, 0, 3, 1, 2, 0, 0, 0, 0, 0, 0, 3, 1, 1, )

time 0 = 4139 us

loop counter = (0, 0, 0, 0, 1, 1, 4, 4, 1, 0, 4, 3, 1, 3, 0, 2, 0, 0, 0, 0, 0, 2, 0, 3, 1, 2, 0, 0, 0, 0, 0, 0, 3, 1, 1, )

time 0 = 2576 us

loop counter = (0, 0, 0, 0, 1, 1, 4, 4, 1, 0, 4, 3, 1, 3, 0, 2, 0, 0, 0, 0, 0, 2, 0, 3, 1, 2, 0, 0, 0, 0, 0, 0, 3, 1, 1, )

time 0 = 5257 us

loop counter = (0, 0, 0, 0, 1, 1, 4, 4, 1, 0, 4, 3, 1, 3, 0, 2, 0, 0, 0, 0, 0, 2, 0, 3, 1, 2, 0, 0, 0, 0, 0, 0, 3, 1, 1, )

time 0 = 5557 us

loop counter = (0, 0, 0, 0, 1, 1, 4, 4, 1, 0, 4, 3, 1, 3, 0, 2, 0, 0, 0, 0, 0, 2, 0, 3, 1, 2, 0, 0, 0, 0, 0, 0, 3, 1, 1, )

time 0 = 9999 us

loop counter = (0, 0, 0, 0, 1, 1, 4, 4, 1, 0, 4, 3, 1, 3, 0, 2, 0, 0, 0, 0, 0, 2, 0, 3, 1, 2, 0, 0, 0, 0, 0, 0, 3, 1, 1, )

time 0 = 10386 us

loop counter = (0, 0, 0, 0, 1, 1, 4, 4, 1, 0, 4, 3, 1, 3, 0, 2, 0, 0, 0, 0, 0, 2, 0, 3, 1, 2, 0, 0, 0, 0, 0, 0, 3, 1, 1, )

time 0 = 12946 us

loop counter = (0, 0, 0, 0, 1, 1, 4, 4, 1, 0, 4, 3, 1, 3, 0, 2, 0, 0, 0, 0, 0, 2, 0, 3, 1, 2, 0, 0, 0, 0, 0, 0, 3, 1, 1, )

time 0 = 1047 us

loop counter = (0, 0, 0, 0, 1, 1, 4, 4, 1, 0, 4, 3, 1, 3, 0, 2, 0, 0, 0, 0, 0, 2, 0, 3, 1, 2, 0, 0, 0, 0, 0, 0, 3, 1, 1, )

time 0 = 6597 us

loop counter = (0, 0, 0, 0, 1, 1, 4, 4, 1, 0, 4, 3, 1, 3, 0, 2, 0, 0, 0, 0, 0, 2, 0, 3, 1, 2, 0, 0, 0, 0, 0, 0, 3, 1, 1, )

time 0 = 13592 us

loop counter = (0, 0, 0, 0, 1, 1, 4, 4, 1, 0, 4, 3, 1, 3, 0, 2, 0, 0, 0, 0, 0, 2, 0, 3, 1, 2, 0, 0, 0, 0, 0, 0, 3, 1, 1, )

time 0 = 13700 us

loop counter = (0, 0, 0, 0, 1, 1, 4, 4, 1, 0, 4, 3, 1, 3, 0, 2, 0, 0, 0, 0, 0, 2, 0, 3, 1, 2, 0, 0, 0, 0, 0, 0, 3, 1, 1, )

time 0 = 1661 us

loop counter = (0, 0, 0, 0, 1, 1, 4, 4, 1, 0, 4, 3, 1, 3, 0, 2, 0, 0, 0, 0, 0, 2, 0, 3, 1, 2, 0, 0, 0, 0, 0, 0, 3, 1, 1, )

time 0 = 918 us

loop counter = (0, 0, 0, 0, 1, 1, 4, 4, 1, 0, 4, 3, 1, 3, 0, 2, 0, 0, 0, 0, 0, 2, 0, 3, 1, 2, 0, 0, 0, 0, 0, 0, 3, 1, 1, )

time 0 = 6123 us

loop counter = (0, 0, 0, 0, 1, 1, 4, 4, 1, 0, 4, 3, 1, 3, 0, 2, 0, 0, 0, 0, 0, 2, 0, 3, 1, 2, 0, 0, 0, 0, 0, 0, 3, 1, 1, )

time 0 = 6502 us

loop counter = (0, 0, 0, 0, 1, 1, 4, 4, 1, 0, 4, 3, 1, 3, 0, 2, 0, 0, 0, 0, 0, 2, 0, 3, 1, 2, 0, 0, 0, 0, 0, 0, 3, 1, 1, )

time 0 = 12490 us

loop counter = (0, 0, 0, 0, 1, 1, 4, 4, 1, 0, 4, 3, 1, 3, 0, 2, 0, 0, 0, 0, 0, 2, 0, 3, 1, 2, 0, 0, 0, 0, 0, 0, 3, 1, 1, )

time 0 = 5591 us

loop counter = (0, 0, 0, 0, 1, 1, 4, 4, 1, 0, 4, 3, 1, 3, 0, 2, 0, 0, 0, 0, 0, 2, 0, 3, 1, 2, 0, 0, 0, 0, 0, 0, 3, 1, 1, )

time 0 = 1725 us

loop counter = (0, 0, 0, 0, 1, 1, 4, 4, 1, 0, 4, 3, 1, 3, 0, 2, 0, 0, 0, 0, 0, 2, 0, 3, 1, 2, 0, 0, 0, 0, 0, 0, 3, 1, 1, )

time 0 = 1919 us

loop counter = (0, 0, 0, 0, 1, 1, 4, 4, 1, 0, 4, 3, 1, 3, 0, 2, 0, 0, 0, 0, 0, 2, 0, 3, 1, 2, 0, 0, 0, 0, 0, 0, 3, 1, 1, )

time 0 = 10671 us

loop counter = (0, 0, 0, 0, 1, 1, 4, 4, 1, 0, 4, 3, 1, 3, 0, 2, 0, 0, 0, 0, 0, 2, 0, 3, 1, 2, 0, 0, 0, 0, 0, 0, 3, 1, 1, )

time 0 = 6657 us

loop counter = (0, 0, 0, 0, 1, 1, 4, 4, 1, 0, 4, 3, 1, 3, 0, 2, 0, 0, 0, 0, 0, 2, 0, 3, 1, 2, 0, 0, 0, 0, 0, 0, 3, 1, 1, )

time 0 = 7701 us

loop counter = (0, 0, 0, 0, 1, 1, 4, 4, 1, 0, 4, 3, 1, 3, 0, 2, 0, 0, 0, 0, 0, 2, 0, 3, 1, 2, 0, 0, 0, 0, 0, 0, 3, 1, 1, )

time 0 = 5252 us

loop counter = (0, 0, 0, 0, 1, 1, 4, 4, 1, 0, 4, 3, 1, 3, 0, 2, 0, 0, 0, 0, 0, 2, 0, 3, 1, 2, 0, 0, 0, 0, 0, 0, 3, 1, 1, )

time 0 = 5509 us

loop counter = (0, 0, 0, 0, 1, 1, 4, 4, 1, 0, 4, 3, 1, 3, 0, 2, 0, 0, 0, 0, 0, 2, 0, 3, 1, 2, 0, 0, 0, 0, 0, 0, 3, 1, 1, )

time 0 = 8451 us

loop counter = (0, 0, 0, 0, 1, 1, 4, 4, 1, 0, 4, 3, 1, 3, 0, 2, 0, 0, 0, 0, 0, 2, 0, 3, 1, 2, 0, 0, 0, 0, 0, 0, 3, 1, 1, )

time 0 = 3622 us

loop counter = (0, 0, 0, 0, 1, 1, 4, 4, 1, 0, 4, 3, 1, 3, 0, 2, 0, 0, 0, 0, 0, 2, 0, 3, 1, 2, 0, 0, 0, 0, 0, 0, 3, 1, 1, )

time 0 = 6428 us

loop counter = (0, 0, 0, 0, 1, 1, 4, 4, 1, 0, 4, 3, 1, 3, 0, 2, 0, 0, 0, 0, 0, 2, 0, 3, 1, 2, 0, 0, 0, 0, 0, 0, 3, 1, 1, )

time 0 = 1807 us

loop counter = (0, 0, 0, 0, 1, 1, 4, 4, 1, 0, 4, 3, 1, 3, 0, 2, 0, 0, 0, 0, 0, 2, 0, 3, 1, 2, 0, 0, 0, 0, 0, 0, 3, 1, 1, )

time 0 = 1089 us

loop counter = (0, 0, 0, 0, 1, 1, 4, 4, 1, 0, 4, 3, 1, 3, 0, 2, 0, 0, 0, 0, 0, 2, 0, 3, 1, 2, 0, 0, 0, 0, 0, 0, 3, 1, 1, )

time 0 = 10042 us

loop counter = (0, 0, 0, 0, 1, 1, 4, 4, 1, 0, 4, 3, 1, 3, 0, 2, 0, 0, 0, 0, 0, 2, 0, 3, 1, 2, 0, 0, 0, 0, 0, 0, 3, 1, 1, )

time 0 = 8380 us

loop counter = (0, 0, 0, 0, 1, 1, 4, 4, 1, 0, 4, 3, 1, 3, 0, 2, 0, 0, 0, 0, 0, 2, 0, 3, 1, 2, 0, 0, 0, 0, 0, 0, 3, 1, 1, )

time 0 = 11712 us

loop counter = (0, 0, 0, 0, 1, 1, 4, 4, 1, 0, 4, 3, 1, 3, 0, 2, 0, 0, 0, 0, 0, 2, 0, 3, 1, 2, 0, 0, 0, 0, 0, 0, 3, 1, 1, )

time 0 = 3422 us

loop counter = (0, 0, 0, 0, 1, 1, 4, 4, 1, 0, 4, 3, 1, 3, 0, 2, 0, 0, 0, 0, 0, 2, 0, 3, 1, 2, 0, 0, 0, 0, 0, 0, 3, 1, 1, )

time 0 = 4763 us

loop counter = (0, 0, 0, 0, 1, 1, 4, 4, 1, 0, 4, 3, 1, 3, 0, 2, 0, 0, 0, 0, 0, 2, 0, 3, 1, 2, 0, 0, 0, 0, 0, 0, 3, 1, 1, )

time 0 = 7160 us

loop counter = (0, 0, 0, 0, 1, 1, 4, 4, 1, 0, 4, 3, 1, 3, 0, 2, 0, 0, 0, 0, 0, 2, 0, 3, 1, 2, 0, 0, 0, 0, 0, 0, 3, 1, 1, )

time 0 = 863 us

loop counter = (0, 0, 0, 0, 1, 1, 4, 4, 1, 0, 4, 3, 1, 3, 0, 2, 0, 0, 0, 0, 0, 2, 0, 3, 1, 2, 0, 0, 0, 0, 0, 0, 3, 1, 1, )

time 0 = 1733 us

loop counter = (0, 0, 0, 0, 1, 1, 4, 4, 1, 0, 4, 3, 1, 3, 0, 2, 0, 0, 0, 0, 0, 2, 0, 3, 1, 2, 0, 0, 0, 0, 0, 0, 3, 1, 1, )

time 0 = 3884 us

loop counter = (0, 0, 0, 0, 1, 1, 4, 4, 1, 0, 4, 3, 1, 3, 0, 2, 0, 0, 0, 0, 0, 2, 0, 3, 1, 2, 0, 0, 0, 0, 0, 0, 3, 1, 1, )

time 0 = 2738 us

loop counter = (0, 0, 0, 0, 1, 1, 4, 4, 1, 0, 4, 3, 1, 3, 0, 2, 0, 0, 0, 0, 0, 2, 0, 3, 1, 2, 0, 0, 0, 0, 0, 0, 3, 1, 1, )

time 0 = 5740 us

loop counter = (0, 0, 0, 0, 1, 1, 4, 4, 1, 0, 4, 3, 1, 3, 0, 2, 0, 0, 0, 0, 0, 2, 0, 3, 1, 2, 0, 0, 0, 0, 0, 0, 3, 1, 1, )

time 0 = 7515 us

loop counter = (0, 0, 0, 0, 1, 1, 4, 4, 1, 0, 4, 3, 1, 3, 0, 2, 0, 0, 0, 0, 0, 2, 0, 3, 1, 2, 0, 0, 0, 0, 0, 0, 3, 1, 1, )

time 0 = 5438 us

loop counter = (0, 0, 0, 0, 1, 1, 4, 4, 1, 0, 4, 3, 1, 3, 0, 2, 0, 0, 0, 0, 0, 2, 0, 3, 1, 2, 0, 0, 0, 0, 0, 0, 3, 1, 1, )

time 0 = 6051 us

loop counter = (0, 0, 0, 0, 1, 1, 4, 4, 1, 0, 4, 3, 1, 3, 0, 2, 0, 0, 0, 0, 0, 2, 0, 3, 1, 2, 0, 0, 0, 0, 0, 0, 3, 1, 1, )

time 0 = 3878 us

loop counter = (0, 0, 0, 0, 1, 1, 4, 4, 1, 0, 4, 3, 1, 3, 0, 2, 0, 0, 0, 0, 0, 2, 0, 3, 1, 2, 0, 0, 0, 0, 0, 0, 3, 1, 1, )

time 0 = 6485 us

loop counter = (0, 0, 0, 0, 1, 1, 4, 4, 1, 0, 4, 3, 1, 3, 0, 2, 0, 0, 0, 0, 0, 2, 0, 3, 1, 2, 0, 0, 0, 0, 0, 0, 3, 1, 1, )

time 0 = 3726 us

loop counter = (0, 0, 0, 0, 1, 1, 4, 4, 1, 0, 4, 3, 1, 3, 0, 2, 0, 0, 0, 0, 0, 2, 0, 3, 1, 2, 0, 0, 0, 0, 0, 0, 3, 1, 1, )

time 0 = 3001 us

loop counter = (0, 0, 0, 0, 1, 1, 4, 4, 1, 0, 4, 3, 1, 3, 0, 2, 0, 0, 0, 0, 0, 2, 0, 3, 1, 2, 0, 0, 0, 0, 0, 0, 3, 1, 1, )

time 0 = 1592 us

loop counter = (0, 0, 0, 0, 1, 1, 4, 4, 1, 0, 4, 3, 1, 3, 0, 2, 0, 0, 0, 0, 0, 2, 0, 3, 1, 2, 0, 0, 0, 0, 0, 0, 3, 1, 1, )

time 0 = 4472 us

loop counter = (0, 0, 0, 0, 1, 1, 4, 4, 1, 0, 4, 3, 1, 3, 0, 2, 0, 0, 0, 0, 0, 2, 0, 3, 1, 2, 0, 0, 0, 0, 0, 0, 3, 1, 1, )

time 0 = 5503 us

loop counter = (0, 0, 0, 0, 1, 1, 4, 4, 1, 0, 4, 3, 1, 3, 0, 2, 0, 0, 0, 0, 0, 2, 0, 3, 1, 2, 0, 0, 0, 0, 0, 0, 3, 1, 1, )

time 0 = 6907 us

loop counter = (0, 0, 0, 0, 1, 1, 4, 4, 1, 0, 4, 3, 1, 3, 0, 2, 0, 0, 0, 0, 0, 2, 0, 3, 1, 2, 0, 0, 0, 0, 0, 0, 3, 1, 1, )

time 0 = 1135 us

loop counter = (0, 0, 0, 0, 1, 1, 4, 4, 1, 0, 4, 3, 1, 3, 0, 2, 0, 0, 0, 0, 0, 2, 0, 3, 1, 2, 0, 0, 0, 0, 0, 0, 3, 1, 1, )

time 0 = 4229 us

loop counter = (0, 0, 0, 0, 1, 1, 4, 4, 1, 0, 4, 3, 1, 3, 0, 2, 0, 0, 0, 0, 0, 2, 0, 3, 1, 2, 0, 0, 0, 0, 0, 0, 3, 1, 1, )

time 0 = 4663 us

loop counter = (0, 0, 0, 0, 1, 1, 4, 4, 1, 0, 4, 3, 1, 3, 0, 2, 0, 0, 0, 0, 0, 2, 0, 3, 1, 2, 0, 0, 0, 0, 0, 0, 3, 1, 1, )

time 0 = 10678 us

loop counter = (0, 0, 0, 0, 1, 1, 4, 4, 1, 0, 4, 3, 1, 3, 0, 2, 0, 0, 0, 0, 0, 2, 0, 3, 1, 2, 0, 0, 0, 0, 0, 0, 3, 1, 1, )

time 0 = 1062 us

loop counter = (0, 0, 0, 0, 1, 1, 4, 4, 1, 0, 4, 3, 1, 3, 0, 2, 0, 0, 0, 0, 0, 2, 0, 3, 1, 2, 0, 0, 0, 0, 0, 0, 3, 1, 1, )

time 0 = 7165 us

loop counter = (0, 0, 0, 0, 1, 1, 4, 4, 1, 0, 4, 3, 1, 3, 0, 2, 0, 0, 0, 0, 0, 2, 0, 3, 1, 2, 0, 0, 0, 0, 0, 0, 3, 1, 1, )

time 0 = 3243 us

loop counter = (0, 0, 0, 0, 1, 1, 4, 4, 1, 0, 4, 3, 1, 3, 0, 2, 0, 0, 0, 0, 0, 2, 0, 3, 1, 2, 0, 0, 0, 0, 0, 0, 3, 1, 1, )

time 0 = 1028 us

loop counter = (0, 0, 0, 0, 1, 1, 4, 4, 1, 0, 4, 3, 1, 3, 0, 2, 0, 0, 0, 0, 0, 2, 0, 3, 1, 2, 0, 0, 0, 0, 0, 0, 3, 1, 1, )

time 0 = 1569 us

loop counter = (0, 0, 0, 0, 1, 1, 4, 4, 1, 0, 4, 3, 1, 3, 0, 2, 0, 0, 0, 0, 0, 2, 0, 3, 1, 2, 0, 0, 0, 0, 0, 0, 3, 1, 1, )

time 0 = 9522 us

loop counter = (0, 0, 0, 0, 1, 1, 4, 4, 1, 0, 4, 3, 1, 3, 0, 2, 0, 0, 0, 0, 0, 2, 0, 3, 1, 2, 0, 0, 0, 0, 0, 0, 3, 1, 1, )

time 0 = 10409 us

loop counter = (0, 0, 0, 0, 1, 1, 4, 4, 1, 0, 4, 3, 1, 3, 0, 2, 0, 0, 0, 0, 0, 2, 0, 3, 1, 2, 0, 0, 0, 0, 0, 0, 3, 1, 1, )

time 0 = 3865 us

loop counter = (0, 0, 0, 0, 1, 1, 4, 4, 1, 0, 4, 3, 1, 3, 0, 2, 0, 0, 0, 0, 0, 2, 0, 3, 1, 2, 0, 0, 0, 0, 0, 0, 3, 1, 1, )

time 0 = 12629 us

loop counter = (0, 0, 0, 0, 1, 1, 4, 4, 1, 0, 4, 3, 1, 3, 0, 2, 0, 0, 0, 0, 0, 2, 0, 3, 1, 2, 0, 0, 0, 0, 0, 0, 3, 1, 1, )

time 0 = 22437 us

loop counter = (0, 0, 0, 0, 1, 1, 4, 4, 1, 0, 4, 3, 1, 3, 0, 2, 0, 0, 0, 0, 0, 2, 0, 3, 1, 2, 0, 0, 0, 0, 0, 0, 3, 1, 1, )

time 0 = 6099 us

loop counter = (0, 0, 0, 0, 1, 1, 4, 4, 1, 0, 4, 3, 1, 3, 0, 2, 0, 0, 0, 0, 0, 2, 0, 3, 1, 2, 0, 0, 0, 0, 0, 0, 3, 1, 1, )

time 0 = 1000 us

loop counter = (0, 0, 0, 0, 1, 1, 4, 4, 1, 0, 4, 3, 1, 3, 0, 2, 0, 0, 0, 0, 0, 2, 0, 3, 1, 2, 0, 0, 0, 0, 0, 0, 3, 1, 1, )

time 0 = 1937 us

loop counter = (0, 0, 0, 0, 1, 1, 4, 4, 1, 0, 4, 3, 1, 3, 0, 2, 0, 0, 0, 0, 0, 2, 0, 3, 1, 2, 0, 0, 0, 0, 0, 0, 3, 1, 1, )

time 0 = 11786 us

loop counter = (0, 0, 0, 0, 1, 1, 4, 4, 1, 0, 4, 3, 1, 3, 0, 2, 0, 0, 0, 0, 0, 2, 0, 3, 1, 2, 0, 0, 0, 0, 0, 0, 3, 1, 1, )

time 0 = 7189 us

loop counter = (0, 0, 0, 0, 1, 1, 4, 4, 1, 0, 4, 3, 1, 3, 0, 2, 0, 0, 0, 0, 0, 2, 0, 3, 1, 2, 0, 0, 0, 0, 0, 0, 3, 1, 1, )

time 0 = 911 us

loop counter = (0, 0, 0, 0, 1, 1, 4, 4, 1, 0, 4, 3, 1, 3, 0, 2, 0, 0, 0, 0, 0, 2, 0, 3, 1, 2, 0, 0, 0, 0, 0, 0, 3, 1, 1, )

time 0 = 2312 us

loop counter = (0, 0, 0, 0, 1, 1, 4, 4, 1, 0, 4, 3, 1, 3, 0, 2, 0, 0, 0, 0, 0, 2, 0, 3, 1, 2, 0, 0, 0, 0, 0, 0, 3, 1, 1, )

time 0 = 10970 us

loop counter = (0, 0, 0, 0, 1, 1, 4, 4, 1, 0, 4, 3, 1, 3, 0, 2, 0, 0, 0, 0, 0, 2, 0, 3, 1, 2, 0, 0, 0, 0, 0, 0, 3, 1, 1, )

time 0 = 12735 us

loop counter = (0, 0, 0, 0, 1, 1, 4, 4, 1, 0, 4, 3, 1, 3, 0, 2, 0, 0, 0, 0, 0, 2, 0, 3, 1, 2, 0, 0, 0, 0, 0, 0, 3, 1, 1, )

time 0 = 12302 us

loop counter = (0, 0, 0, 0, 1, 1, 4, 4, 1, 0, 4, 3, 1, 3, 0, 2, 0, 0, 0, 0, 0, 2, 0, 3, 1, 2, 0, 0, 0, 0, 0, 0, 3, 1, 1, )

time 0 = 10849 us

loop counter = (0, 0, 0, 0, 1, 1, 4, 4, 1, 0, 4, 3, 1, 3, 0, 2, 0, 0, 0, 0, 0, 2, 0, 3, 1, 2, 0, 0, 0, 0, 0, 0, 3, 1, 1, )

time 0 = 1575 us

loop counter = (0, 0, 0, 0, 1, 1, 4, 4, 1, 0, 4, 3, 1, 3, 0, 2, 0, 0, 0, 0, 0, 2, 0, 3, 1, 2, 0, 0, 0, 0, 0, 0, 3, 1, 1, )

time 0 = 1178 us

loop counter = (0, 0, 0, 0, 1, 1, 4, 4, 1, 0, 4, 3, 1, 3, 0, 2, 0, 0, 0, 0, 0, 2, 0, 3, 1, 2, 0, 0, 0, 0, 0, 0, 3, 1, 1, )

time 0 = 5416 us

loop counter = (0, 0, 0, 0, 1, 1, 4, 4, 1, 0, 4, 3, 1, 3, 0, 2, 0, 0, 0, 0, 0, 2, 0, 3, 1, 2, 0, 0, 0, 0, 0, 0, 3, 1, 1, )

time 0 = 14302 us

loop counter = (0, 0, 0, 0, 1, 1, 4, 4, 1, 0, 4, 3, 1, 3, 0, 2, 0, 0, 0, 0, 0, 2, 0, 3, 1, 2, 0, 0, 0, 0, 0, 0, 3, 1, 1, )

time 0 = 14265 us

loop counter = (0, 0, 0, 0, 1, 1, 4, 4, 1, 0, 4, 3, 1, 3, 0, 2, 0, 0, 0, 0, 0, 2, 0, 3, 1, 2, 0, 0, 0, 0, 0, 0, 3, 1, 1, )

time 0 = 5189 us

loop counter = (0, 0, 0, 0, 1, 1, 4, 4, 1, 0, 4, 3, 1, 3, 0, 2, 0, 0, 0, 0, 0, 2, 0, 3, 1, 2, 0, 0, 0, 0, 0, 0, 3, 1, 1, )

time 0 = 4971 us

loop counter = (0, 0, 0, 0, 1, 1, 4, 4, 1, 0, 4, 3, 1, 3, 0, 2, 0, 0, 0, 0, 0, 2, 0, 3, 1, 2, 0, 0, 0, 0, 0, 0, 3, 1, 1, )

time 0 = 3541 us

loop counter = (0, 0, 0, 0, 1, 1, 4, 4, 1, 0, 4, 3, 1, 3, 0, 2, 0, 0, 0, 0, 0, 2, 0, 3, 1, 2, 0, 0, 0, 0, 0, 0, 3, 1, 1, )

time 0 = 1644 us

loop counter = (0, 0, 0, 0, 1, 1, 4, 4, 1, 0, 4, 3, 1, 3, 0, 2, 0, 0, 0, 0, 0, 2, 0, 3, 1, 2, 0, 0, 0, 0, 0, 0, 3, 1, 1, )

time 0 = 2757 us

loop counter = (0, 0, 0, 0, 1, 1, 4, 4, 1, 0, 4, 3, 1, 3, 0, 2, 0, 0, 0, 0, 0, 2, 0, 3, 1, 2, 0, 0, 0, 0, 0, 0, 3, 1, 1, )

time 0 = 7323 us

loop counter = (0, 0, 0, 0, 1, 1, 4, 4, 1, 0, 4, 3, 1, 3, 0, 2, 0, 0, 0, 0, 0, 2, 0, 3, 1, 2, 0, 0, 0, 0, 0, 0, 3, 1, 1, )

time 0 = 4039 us

loop counter = (0, 0, 0, 0, 1, 1, 4, 4, 1, 0, 4, 3, 1, 3, 0, 2, 0, 0, 0, 0, 0, 2, 0, 3, 1, 2, 0, 0, 0, 0, 0, 0, 3, 1, 1, )

time 0 = 2566 us

loop counter = (0, 0, 0, 0, 1, 1, 4, 4, 1, 0, 4, 3, 1, 3, 0, 2, 0, 0, 0, 0, 0, 2, 0, 3, 1, 2, 0, 0, 0, 0, 0, 0, 3, 1, 1, )

time 0 = 12125 us

loop counter = (0, 0, 0, 0, 1, 1, 4, 4, 1, 0, 4, 3, 1, 3, 0, 2, 0, 0, 0, 0, 0, 2, 0, 3, 1, 2, 0, 0, 0, 0, 0, 0, 3, 1, 1, )

time 0 = 2475 us

loop counter = (0, 0, 0, 0, 1, 1, 4, 4, 1, 0, 4, 3, 1, 3, 0, 2, 0, 0, 0, 0, 0, 2, 0, 3, 1, 2, 0, 0, 0, 0, 0, 0, 3, 1, 1, )

time 0 = 3963 us

loop counter = (0, 0, 0, 0, 1, 1, 4, 4, 1, 0, 4, 3, 1, 3, 0, 2, 0, 0, 0, 0, 0, 2, 0, 3, 1, 2, 0, 0, 0, 0, 0, 0, 3, 1, 1, )

time 0 = 6958 us

loop counter = (0, 0, 0, 0, 1, 1, 4, 4, 1, 0, 4, 3, 1, 3, 0, 2, 0, 0, 0, 0, 0, 2, 0, 3, 1, 2, 0, 0, 0, 0, 0, 0, 3, 1, 1, )

time 0 = 6590 us

loop counter = (0, 0, 0, 0, 1, 1, 4, 4, 1, 0, 4, 3, 1, 3, 0, 2, 0, 0, 0, 0, 0, 2, 0, 3, 1, 2, 0, 0, 0, 0, 0, 0, 3, 1, 1, )

time 0 = 908 us

loop counter = (0, 0, 0, 0, 1, 1, 4, 4, 1, 0, 4, 3, 1, 3, 0, 2, 0, 0, 0, 0, 0, 2, 0, 3, 1, 2, 0, 0, 0, 0, 0, 0, 3, 1, 1, )

time 0 = 7887 us

loop counter = (0, 0, 0, 0, 1, 1, 4, 4, 1, 0, 4, 3, 1, 3, 0, 2, 0, 0, 0, 0, 0, 2, 0, 3, 1, 2, 0, 0, 0, 0, 0, 0, 3, 1, 1, )

time 0 = 6249 us

loop counter = (0, 0, 0, 0, 1, 1, 4, 4, 1, 0, 4, 3, 1, 3, 0, 2, 0, 0, 0, 0, 0, 2, 0, 3, 1, 2, 0, 0, 0, 0, 0, 0, 3, 1, 1, )

time 0 = 7634 us

loop counter = (0, 0, 0, 0, 1, 1, 4, 4, 1, 0, 4, 3, 1, 3, 0, 2, 0, 0, 0, 0, 0, 2, 0, 3, 1, 2, 0, 0, 0, 0, 0, 0, 3, 1, 1, )

time 0 = 7339 us

loop counter = (0, 0, 0, 0, 1, 1, 4, 4, 1, 0, 4, 3, 1, 3, 0, 2, 0, 0, 0, 0, 0, 2, 0, 3, 1, 2, 0, 0, 0, 0, 0, 0, 3, 1, 1, )

time 0 = 1912 us

loop counter = (0, 0, 0, 0, 1, 1, 4, 4, 1, 0, 4, 3, 1, 3, 0, 2, 0, 0, 0, 0, 0, 2, 0, 3, 1, 2, 0, 0, 0, 0, 0, 0, 3, 1, 1, )

time 0 = 4443 us

loop counter = (0, 0, 0, 0, 1, 1, 4, 4, 1, 0, 4, 3, 1, 3, 0, 2, 0, 0, 0, 0, 0, 2, 0, 3, 1, 2, 0, 0, 0, 0, 0, 0, 3, 1, 1, )

time 0 = 3798 us

loop counter = (0, 0, 0, 0, 1, 1, 4, 4, 1, 0, 4, 3, 1, 3, 0, 2, 0, 0, 0, 0, 0, 2, 0, 3, 1, 2, 0, 0, 0, 0, 0, 0, 3, 1, 1, )

time 0 = 5270 us

loop counter = (0, 0, 0, 0, 1, 1, 4, 4, 1, 0, 4, 3, 1, 3, 0, 2, 0, 0, 0, 0, 0, 2, 0, 3, 1, 2, 0, 0, 0, 0, 0, 0, 3, 1, 1, )

time 0 = 3002 us

loop counter = (0, 0, 0, 0, 1, 1, 4, 4, 1, 0, 4, 3, 1, 3, 0, 2, 0, 0, 0, 0, 0, 2, 0, 3, 1, 2, 0, 0, 0, 0, 0, 0, 3, 1, 1, )

time 0 = 1193 us

loop counter = (0, 0, 0, 0, 1, 1, 4, 4, 1, 0, 4, 3, 1, 3, 0, 2, 0, 0, 0, 0, 0, 2, 0, 3, 1, 2, 0, 0, 0, 0, 0, 0, 3, 1, 1, )

time 0 = 1343 us

loop counter = (0, 0, 0, 0, 1, 1, 4, 4, 1, 0, 4, 3, 1, 3, 0, 2, 0, 0, 0, 0, 0, 2, 0, 3, 1, 2, 0, 0, 0, 0, 0, 0, 3, 1, 1, )

time 0 = 2617 us

loop counter = (0, 0, 0, 0, 1, 1, 4, 4, 1, 0, 4, 3, 1, 3, 0, 2, 0, 0, 0, 0, 0, 2, 0, 3, 1, 2, 0, 0, 0, 0, 0, 0, 3, 1, 1, )

time 0 = 15705 us

loop counter = (0, 0, 0, 0, 1, 1, 4, 4, 1, 0, 4, 3, 1, 3, 0, 2, 0, 0, 0, 0, 0, 2, 0, 3, 1, 2, 0, 0, 0, 0, 0, 0, 3, 1, 1, )

time 0 = 1611 us

loop counter = (0, 0, 0, 0, 1, 1, 4, 4, 1, 0, 4, 3, 1, 3, 0, 2, 0, 0, 0, 0, 0, 2, 0, 3, 1, 2, 0, 0, 0, 0, 0, 0, 3, 1, 1, )

time 0 = 3117 us

loop counter = (0, 0, 0, 0, 1, 1, 4, 4, 1, 0, 4, 3, 1, 3, 0, 2, 0, 0, 0, 0, 0, 2, 0, 3, 1, 2, 0, 0, 0, 0, 0, 0, 3, 1, 1, )

time 0 = 3029 us

loop counter = (0, 0, 0, 0, 1, 1, 4, 4, 1, 0, 4, 3, 1, 3, 0, 2, 0, 0, 0, 0, 0, 2, 0, 3, 1, 2, 0, 0, 0, 0, 0, 0, 3, 1, 1, )

time 0 = 4994 us

loop counter = (0, 0, 0, 0, 1, 1, 4, 4, 1, 0, 4, 3, 1, 3, 0, 2, 0, 0, 0, 0, 0, 2, 0, 3, 1, 2, 0, 0, 0, 0, 0, 0, 3, 1, 1, )

time 0 = 798 us

loop counter = (0, 0, 0, 0, 1, 1, 4, 4, 1, 0, 4, 3, 1, 3, 0, 2, 0, 0, 0, 0, 0, 2, 0, 3, 1, 2, 0, 0, 0, 0, 0, 0, 3, 1, 1, )

time 0 = 10365 us

loop counter = (0, 0, 0, 0, 1, 1, 4, 4, 1, 0, 4, 3, 1, 3, 0, 2, 0, 0, 0, 0, 0, 2, 0, 3, 1, 2, 0, 0, 0, 0, 0, 0, 3, 1, 1, )

time 0 = 2827 us

loop counter = (0, 0, 0, 0, 1, 1, 4, 4, 1, 0, 4, 3, 1, 3, 0, 2, 0, 0, 0, 0, 0, 2, 0, 3, 1, 2, 0, 0, 0, 0, 0, 0, 3, 1, 1, )

time 0 = 14126 us

loop counter = (0, 0, 0, 0, 1, 1, 4, 4, 1, 0, 4, 3, 1, 3, 0, 2, 0, 0, 0, 0, 0, 2, 0, 3, 1, 2, 0, 0, 0, 0, 0, 0, 3, 1, 1, )

time 0 = 9991 us

loop counter = (0, 0, 0, 0, 1, 1, 4, 4, 1, 0, 4, 3, 1, 3, 0, 2, 0, 0, 0, 0, 0, 2, 0, 3, 1, 2, 0, 0, 0, 0, 0, 0, 3, 1, 1, )

time 0 = 6002 us

loop counter = (0, 0, 0, 0, 1, 1, 4, 4, 1, 0, 4, 3, 1, 3, 0, 2, 0, 0, 0, 0, 0, 2, 0, 3, 1, 2, 0, 0, 0, 0, 0, 0, 3, 1, 1, )

time 0 = 8807 us

loop counter = (0, 0, 0, 0, 1, 1, 4, 4, 1, 0, 4, 3, 1, 3, 0, 2, 0, 0, 0, 0, 0, 2, 0, 3, 1, 2, 0, 0, 0, 0, 0, 0, 3, 1, 1, )

time 0 = 9319 us

loop counter = (0, 0, 0, 0, 1, 1, 4, 4, 1, 0, 4, 3, 1, 3, 0, 2, 0, 0, 0, 0, 0, 2, 0, 3, 1, 2, 0, 0, 0, 0, 0, 0, 3, 1, 1, )

time 0 = 7815 us

loop counter = (0, 0, 0, 0, 1, 1, 4, 4, 1, 0, 4, 3, 1, 3, 0, 2, 0, 0, 0, 0, 0, 2, 0, 3, 1, 2, 0, 0, 0, 0, 0, 0, 3, 1, 1, )

time 0 = 1181 us

loop counter = (0, 0, 0, 0, 1, 1, 4, 4, 1, 0, 4, 3, 1, 3, 0, 2, 0, 0, 0, 0, 0, 2, 0, 3, 1, 2, 0, 0, 0, 0, 0, 0, 3, 1, 1, )

time 0 = 7201 us

loop counter = (0, 0, 0, 0, 1, 1, 4, 4, 1, 0, 4, 3, 1, 3, 0, 2, 0, 0, 0, 0, 0, 2, 0, 3, 1, 2, 0, 0, 0, 0, 0, 0, 3, 1, 1, )

time 0 = 1776 us

loop counter = (0, 0, 0, 0, 1, 1, 4, 4, 1, 0, 4, 3, 1, 3, 0, 2, 0, 0, 0, 0, 0, 2, 0, 3, 1, 2, 0, 0, 0, 0, 0, 0, 3, 1, 1, )

time 0 = 11541 us

loop counter = (0, 0, 0, 0, 1, 1, 4, 4, 1, 0, 4, 3, 1, 3, 0, 2, 0, 0, 0, 0, 0, 2, 0, 3, 1, 2, 0, 0, 0, 0, 0, 0, 3, 1, 1, )

time 0 = 1047 us

loop counter = (0, 0, 0, 0, 1, 1, 4, 4, 1, 0, 4, 3, 1, 3, 0, 2, 0, 0, 0, 0, 0, 2, 0, 3, 1, 2, 0, 0, 0, 0, 0, 0, 3, 1, 1, )

time 0 = 10358 us

loop counter = (0, 0, 0, 0, 1, 1, 4, 4, 1, 0, 4, 3, 1, 3, 0, 2, 0, 0, 0, 0, 0, 2, 0, 3, 1, 2, 0, 0, 0, 0, 0, 0, 3, 1, 1, )

time 0 = 6859 us

loop counter = (0, 0, 0, 0, 1, 1, 4, 4, 1, 0, 4, 3, 1, 3, 0, 2, 0, 0, 0, 0, 0, 2, 0, 3, 1, 2, 0, 0, 0, 0, 0, 0, 3, 1, 1, )

time 0 = 2452 us

loop counter = (0, 0, 0, 0, 1, 1, 4, 4, 1, 0, 4, 3, 1, 3, 0, 2, 0, 0, 0, 0, 0, 2, 0, 3, 1, 2, 0, 0, 0, 0, 0, 0, 3, 1, 1, )

time 0 = 11621 us

loop counter = (0, 0, 0, 0, 1, 1, 4, 4, 1, 0, 4, 3, 1, 3, 0, 2, 0, 0, 0, 0, 0, 2, 0, 3, 1, 2, 0, 0, 0, 0, 0, 0, 3, 1, 1, )

time 0 = 11811 us

loop counter = (0, 0, 0, 0, 1, 1, 4, 4, 1, 0, 4, 3, 1, 3, 0, 2, 0, 0, 0, 0, 0, 2, 0, 3, 1, 2, 0, 0, 0, 0, 0, 0, 3, 1, 1, )

time 0 = 6811 us

loop counter = (0, 0, 0, 0, 1, 1, 4, 4, 1, 0, 4, 3, 1, 3, 0, 2, 0, 0, 0, 0, 0, 2, 0, 3, 1, 2, 0, 0, 0, 0, 0, 0, 3, 1, 1, )

time 0 = 9569 us

loop counter = (0, 0, 0, 0, 1, 1, 4, 4, 1, 0, 4, 3, 1, 3, 0, 2, 0, 0, 0, 0, 0, 2, 0, 3, 1, 2, 0, 0, 0, 0, 0, 0, 3, 1, 1, )

time 0 = 1256 us

loop counter = (0, 0, 0, 0, 1, 1, 4, 4, 1, 0, 4, 3, 1, 3, 0, 2, 0, 0, 0, 0, 0, 2, 0, 3, 1, 2, 0, 0, 0, 0, 0, 0, 3, 1, 1, )

time 0 = 1976 us

loop counter = (0, 0, 0, 0, 1, 1, 4, 4, 1, 0, 4, 3, 1, 3, 0, 2, 0, 0, 0, 0, 0, 2, 0, 3, 1, 2, 0, 0, 0, 0, 0, 0, 3, 1, 1, )

time 0 = 3094 us

loop counter = (0, 0, 0, 0, 1, 1, 4, 4, 1, 0, 4, 3, 1, 3, 0, 2, 0, 0, 0, 0, 0, 2, 0, 3, 1, 2, 0, 0, 0, 0, 0, 0, 3, 1, 1, )

time 0 = 4495 us

loop counter = (0, 0, 0, 0, 1, 1, 4, 4, 1, 0, 4, 3, 1, 3, 0, 2, 0, 0, 0, 0, 0, 2, 0, 3, 1, 2, 0, 0, 0, 0, 0, 0, 3, 1, 1, )

time 0 = 1832 us

loop counter = (0, 0, 0, 0, 1, 1, 4, 4, 1, 0, 4, 3, 1, 3, 0, 2, 0, 0, 0, 0, 0, 2, 0, 3, 1, 2, 0, 0, 0, 0, 0, 0, 3, 1, 1, )

time 0 = 4392 us

loop counter = (0, 0, 0, 0, 1, 1, 4, 4, 1, 0, 4, 3, 1, 3, 0, 2, 0, 0, 0, 0, 0, 2, 0, 3, 1, 2, 0, 0, 0, 0, 0, 0, 3, 1, 1, )

time 0 = 2982 us

loop counter = (0, 0, 0, 0, 1, 1, 4, 4, 1, 0, 4, 3, 1, 3, 0, 2, 0, 0, 0, 0, 0, 2, 0, 3, 1, 2, 0, 0, 0, 0, 0, 0, 3, 1, 1, )

time 0 = 6292 us

loop counter = (0, 0, 0, 0, 1, 1, 4, 4, 1, 0, 4, 3, 1, 3, 0, 2, 0, 0, 0, 0, 0, 2, 0, 3, 1, 2, 0, 0, 0, 0, 0, 0, 3, 1, 1, )

time 0 = 9517 us

loop counter = (0, 0, 0, 0, 1, 1, 4, 4, 1, 0, 4, 3, 1, 3, 0, 2, 0, 0, 0, 0, 0, 2, 0, 3, 1, 2, 0, 0, 0, 0, 0, 0, 3, 1, 1, )

time 0 = 804 us

loop counter = (0, 0, 0, 0, 1, 1, 4, 4, 1, 0, 4, 3, 1, 3, 0, 2, 0, 0, 0, 0, 0, 2, 0, 3, 1, 2, 0, 0, 0, 0, 0, 0, 3, 1, 1, )

time 0 = 2043 us

loop counter = (0, 0, 0, 0, 1, 1, 4, 4, 1, 0, 4, 3, 1, 3, 0, 2, 0, 0, 0, 0, 0, 2, 0, 3, 1, 2, 0, 0, 0, 0, 0, 0, 3, 1, 1, )

time 0 = 1150 us

loop counter = (0, 0, 0, 0, 1, 1, 4, 4, 1, 0, 4, 3, 1, 3, 0, 2, 0, 0, 0, 0, 0, 2, 0, 3, 1, 2, 0, 0, 0, 0, 0, 0, 3, 1, 1, )

time 0 = 5157 us

loop counter = (0, 0, 0, 0, 1, 1, 4, 4, 1, 0, 4, 3, 1, 3, 0, 2, 0, 0, 0, 0, 0, 2, 0, 3, 1, 2, 0, 0, 0, 0, 0, 0, 3, 1, 1, )

time 0 = 919 us

loop counter = (0, 0, 0, 0, 1, 1, 4, 4, 1, 0, 4, 3, 1, 3, 0, 2, 0, 0, 0, 0, 0, 2, 0, 3, 1, 2, 0, 0, 0, 0, 0, 0, 3, 1, 1, )

time 0 = 8384 us

loop counter = (0, 0, 0, 0, 1, 1, 4, 4, 1, 0, 4, 3, 1, 3, 0, 2, 0, 0, 0, 0, 0, 2, 0, 3, 1, 2, 0, 0, 0, 0, 0, 0, 3, 1, 1, )

time 0 = 9810 us

loop counter = (0, 0, 0, 0, 1, 1, 4, 4, 1, 0, 4, 3, 1, 3, 0, 2, 0, 0, 0, 0, 0, 2, 0, 3, 1, 2, 0, 0, 0, 0, 0, 0, 3, 1, 1, )

time 0 = 8174 us

loop counter = (0, 0, 0, 0, 1, 1, 4, 4, 1, 0, 4, 3, 1, 3, 0, 2, 0, 0, 0, 0, 0, 2, 0, 3, 1, 2, 0, 0, 0, 0, 0, 0, 3, 1, 1, )

time 0 = 8360 us

loop counter = (0, 0, 0, 0, 1, 1, 4, 4, 1, 0, 4, 3, 1, 3, 0, 2, 0, 0, 0, 0, 0, 2, 0, 3, 1, 2, 0, 0, 0, 0, 0, 0, 3, 1, 1, )

time 0 = 13537 us

loop counter = (0, 0, 0, 0, 1, 1, 4, 4, 1, 0, 4, 3, 1, 3, 0, 2, 0, 0, 0, 0, 0, 2, 0, 3, 1, 2, 0, 0, 0, 0, 0, 0, 3, 1, 1, )

time 0 = 10969 us

loop counter = (0, 0, 0, 0, 1, 1, 4, 4, 1, 0, 4, 3, 1, 3, 0, 2, 0, 0, 0, 0, 0, 2, 0, 3, 1, 2, 0, 0, 0, 0, 0, 0, 3, 1, 1, )

time 0 = 11075 us

loop counter = (0, 0, 0, 0, 1, 1, 4, 4, 1, 0, 4, 3, 1, 3, 0, 2, 0, 0, 0, 0, 0, 2, 0, 3, 1, 2, 0, 0, 0, 0, 0, 0, 3, 1, 1, )

time 0 = 1894 us

loop counter = (0, 0, 0, 0, 1, 1, 4, 4, 1, 0, 4, 3, 1, 3, 0, 2, 0, 0, 0, 0, 0, 2, 0, 3, 1, 2, 0, 0, 0, 0, 0, 0, 3, 1, 1, )

time 0 = 1022 us

loop counter = (0, 0, 0, 0, 1, 1, 4, 4, 1, 0, 4, 3, 1, 3, 0, 2, 0, 0, 0, 0, 0, 2, 0, 3, 1, 2, 0, 0, 0, 0, 0, 0, 3, 1, 1, )

time 0 = 1192 us

loop counter = (0, 0, 0, 0, 1, 1, 4, 4, 1, 0, 4, 3, 1, 3, 0, 2, 0, 0, 0, 0, 0, 2, 0, 3, 1, 2, 0, 0, 0, 0, 0, 0, 3, 1, 1, )

time 0 = 14368 us

loop counter = (0, 0, 0, 0, 1, 1, 4, 4, 1, 0, 4, 3, 1, 3, 0, 2, 0, 0, 0, 0, 0, 2, 0, 3, 1, 2, 0, 0, 0, 0, 0, 0, 3, 1, 1, )

time 0 = 14780 us

loop counter = (0, 0, 0, 0, 1, 1, 4, 4, 1, 0, 4, 3, 1, 3, 0, 2, 0, 0, 0, 0, 0, 2, 0, 3, 1, 2, 0, 0, 0, 0, 0, 0, 3, 1, 1, )

time 0 = 4794 us

loop counter = (0, 0, 0, 0, 1, 1, 4, 4, 1, 0, 4, 3, 1, 3, 0, 2, 0, 0, 0, 0, 0, 2, 0, 3, 1, 2, 0, 0, 0, 0, 0, 0, 3, 1, 1, )

time 0 = 5635 us

loop counter = (0, 0, 0, 0, 1, 1, 4, 4, 1, 0, 4, 3, 1, 3, 0, 2, 0, 0, 0, 0, 0, 2, 0, 3, 1, 2, 0, 0, 0, 0, 0, 0, 3, 1, 1, )

time 0 = 793 us

loop counter = (0, 0, 0, 0, 1, 1, 4, 4, 1, 0, 4, 3, 1, 3, 0, 2, 0, 0, 0, 0, 0, 2, 0, 3, 1, 2, 0, 0, 0, 0, 0, 0, 3, 1, 1, )

time 0 = 12047 us

loop counter = (0, 0, 0, 0, 1, 1, 4, 4, 1, 0, 4, 3, 1, 3, 0, 2, 0, 0, 0, 0, 0, 2, 0, 3, 1, 2, 0, 0, 0, 0, 0, 0, 3, 1, 1, )

time 0 = 9879 us

loop counter = (0, 0, 0, 0, 1, 1, 4, 4, 1, 0, 4, 3, 1, 3, 0, 2, 0, 0, 0, 0, 0, 2, 0, 3, 1, 2, 0, 0, 0, 0, 0, 0, 3, 1, 1, )

time 0 = 1124 us

loop counter = (0, 0, 0, 0, 1, 1, 4, 4, 1, 0, 4, 3, 1, 3, 0, 2, 0, 0, 0, 0, 0, 2, 0, 3, 1, 2, 0, 0, 0, 0, 0, 0, 3, 1, 1, )

time 0 = 3554 us

loop counter = (0, 0, 0, 0, 1, 1, 4, 4, 1, 0, 4, 3, 1, 3, 0, 2, 0, 0, 0, 0, 0, 2, 0, 3, 1, 2, 0, 0, 0, 0, 0, 0, 3, 1, 1, )

time 0 = 8287 us

loop counter = (0, 0, 0, 0, 1, 1, 4, 4, 1, 0, 4, 3, 1, 3, 0, 2, 0, 0, 0, 0, 0, 2, 0, 3, 1, 2, 0, 0, 0, 0, 0, 0, 3, 1, 1, )

time 0 = 11172 us

loop counter = (0, 0, 0, 0, 1, 1, 4, 4, 1, 0, 4, 3, 1, 3, 0, 2, 0, 0, 0, 0, 0, 2, 0, 3, 1, 2, 0, 0, 0, 0, 0, 0, 3, 1, 1, )

time 0 = 11287 us

loop counter = (0, 0, 0, 0, 1, 1, 4, 4, 1, 0, 4, 3, 1, 3, 0, 2, 0, 0, 0, 0, 0, 2, 0, 3, 1, 2, 0, 0, 0, 0, 0, 0, 3, 1, 1, )

time 0 = 6544 us

loop counter = (0, 0, 0, 0, 1, 1, 4, 4, 1, 0, 4, 3, 1, 3, 0, 2, 0, 0, 0, 0, 0, 2, 0, 3, 1, 2, 0, 0, 0, 0, 0, 0, 3, 1, 1, )

time 0 = 3703 us

loop counter = (0, 0, 0, 0, 1, 1, 4, 4, 1, 0, 4, 3, 1, 3, 0, 2, 0, 0, 0, 0, 0, 2, 0, 3, 1, 2, 0, 0, 0, 0, 0, 0, 3, 1, 1, )

time 0 = 3173 us

loop counter = (0, 0, 0, 0, 1, 1, 4, 4, 1, 0, 4, 3, 1, 3, 0, 2, 0, 0, 0, 0, 0, 2, 0, 3, 1, 2, 0, 0, 0, 0, 0, 0, 3, 1, 1, )

time 0 = 7056 us

loop counter = (0, 0, 0, 0, 1, 1, 4, 4, 1, 0, 4, 3, 1, 3, 0, 2, 0, 0, 0, 0, 0, 2, 0, 3, 1, 2, 0, 0, 0, 0, 0, 0, 3, 1, 1, )

time 0 = 12075 us

loop counter = (0, 0, 0, 0, 1, 1, 4, 4, 1, 0, 4, 3, 1, 3, 0, 2, 0, 0, 0, 0, 0, 2, 0, 3, 1, 2, 0, 0, 0, 0, 0, 0, 3, 1, 1, )

time 0 = 11154 us

loop counter = (0, 0, 0, 0, 1, 1, 4, 4, 1, 0, 4, 3, 1, 3, 0, 2, 0, 0, 0, 0, 0, 2, 0, 3, 1, 2, 0, 0, 0, 0, 0, 0, 3, 1, 1, )

time 0 = 1763 us

loop counter = (0, 0, 0, 0, 1, 1, 4, 4, 1, 0, 4, 3, 1, 3, 0, 2, 0, 0, 0, 0, 0, 2, 0, 3, 1, 2, 0, 0, 0, 0, 0, 0, 3, 1, 1, )

time 0 = 3587 us

loop counter = (0, 0, 0, 0, 1, 1, 4, 4, 1, 0, 4, 3, 1, 3, 0, 2, 0, 0, 0, 0, 0, 2, 0, 3, 1, 2, 0, 0, 0, 0, 0, 0, 3, 1, 1, )

time 0 = 6137 us

loop counter = (0, 0, 0, 0, 1, 1, 4, 4, 1, 0, 4, 3, 1, 3, 0, 2, 0, 0, 0, 0, 0, 2, 0, 3, 1, 2, 0, 0, 0, 0, 0, 0, 3, 1, 1, )

time 0 = 9857 us

loop counter = (0, 0, 0, 0, 1, 1, 4, 4, 1, 0, 4, 3, 1, 3, 0, 2, 0, 0, 0, 0, 0, 2, 0, 3, 1, 2, 0, 0, 0, 0, 0, 0, 3, 1, 1, )

time 0 = 12378 us

loop counter = (0, 0, 0, 0, 1, 1, 4, 4, 1, 0, 4, 3, 1, 3, 0, 2, 0, 0, 0, 0, 0, 2, 0, 3, 1, 2, 0, 0, 0, 0, 0, 0, 3, 1, 1, )

time 0 = 3588 us

loop counter = (0, 0, 0, 0, 1, 1, 4, 4, 1, 0, 4, 3, 1, 3, 0, 2, 0, 0, 0, 0, 0, 2, 0, 3, 1, 2, 0, 0, 0, 0, 0, 0, 3, 1, 1, )

time 0 = 1117 us

loop counter = (0, 0, 0, 0, 1, 1, 4, 4, 1, 0, 4, 3, 1, 3, 0, 2, 0, 0, 0, 0, 0, 2, 0, 3, 1, 2, 0, 0, 0, 0, 0, 0, 3, 1, 1, )

time 0 = 9608 us

loop counter = (0, 0, 0, 0, 1, 1, 4, 4, 1, 0, 4, 3, 1, 3, 0, 2, 0, 0, 0, 0, 0, 2, 0, 3, 1, 2, 0, 0, 0, 0, 0, 0, 3, 1, 1, )

time 0 = 1501 us

loop counter = (0, 0, 0, 0, 1, 1, 4, 4, 1, 0, 4, 3, 1, 3, 0, 2, 0, 0, 0, 0, 0, 2, 0, 3, 1, 2, 0, 0, 0, 0, 0, 0, 3, 1, 1, )

time 0 = 8122 us

loop counter = (0, 0, 0, 0, 1, 1, 4, 4, 1, 0, 4, 3, 1, 3, 0, 2, 0, 0, 0, 0, 0, 2, 0, 3, 1, 2, 0, 0, 0, 0, 0, 0, 3, 1, 1, )

time 0 = 3535 us

loop counter = (0, 0, 0, 0, 1, 1, 4, 4, 1, 0, 4, 3, 1, 3, 0, 2, 0, 0, 0, 0, 0, 2, 0, 3, 1, 2, 0, 0, 0, 0, 0, 0, 3, 1, 1, )

time 0 = 2401 us

loop counter = (0, 0, 0, 0, 1, 1, 4, 4, 1, 0, 4, 3, 1, 3, 0, 2, 0, 0, 0, 0, 0, 2, 0, 3, 1, 2, 0, 0, 0, 0, 0, 0, 3, 1, 1, )

time 0 = 3428 us

loop counter = (0, 0, 0, 0, 1, 1, 4, 4, 1, 0, 4, 3, 1, 3, 0, 2, 0, 0, 0, 0, 0, 2, 0, 3, 1, 2, 0, 0, 0, 0, 0, 0, 3, 1, 1, )

time 0 = 5007 us

loop counter = (0, 0, 0, 0, 1, 1, 4, 4, 1, 0, 4, 3, 1, 3, 0, 2, 0, 0, 0, 0, 0, 2, 0, 3, 1, 2, 0, 0, 0, 0, 0, 0, 3, 1, 1, )

time 0 = 9861 us

loop counter = (0, 0, 0, 0, 1, 1, 4, 4, 1, 0, 4, 3, 1, 3, 0, 2, 0, 0, 0, 0, 0, 2, 0, 3, 1, 2, 0, 0, 0, 0, 0, 0, 3, 1, 1, )

time 0 = 4384 us

loop counter = (0, 0, 0, 0, 1, 1, 4, 4, 1, 0, 4, 3, 1, 3, 0, 2, 0, 0, 0, 0, 0, 2, 0, 3, 1, 2, 0, 0, 0, 0, 0, 0, 3, 1, 1, )

time 0 = 13506 us

loop counter = (0, 0, 0, 0, 1, 1, 4, 4, 1, 0, 4, 3, 1, 3, 0, 2, 0, 0, 0, 0, 0, 2, 0, 3, 1, 2, 0, 0, 0, 0, 0, 0, 3, 1, 1, )

time 0 = 3015 us

loop counter = (0, 0, 0, 0, 1, 1, 4, 4, 1, 0, 4, 3, 1, 3, 0, 2, 0, 0, 0, 0, 0, 2, 0, 3, 1, 2, 0, 0, 0, 0, 0, 0, 3, 1, 1, )

time 0 = 6581 us

loop counter = (0, 0, 0, 0, 1, 1, 4, 4, 1, 0, 4, 3, 1, 3, 0, 2, 0, 0, 0, 0, 0, 2, 0, 3, 1, 2, 0, 0, 0, 0, 0, 0, 3, 1, 1, )

time 0 = 8195 us

loop counter = (0, 0, 0, 0, 1, 1, 4, 4, 1, 0, 4, 3, 1, 3, 0, 2, 0, 0, 0, 0, 0, 2, 0, 3, 1, 2, 0, 0, 0, 0, 0, 0, 3, 1, 1, )

time 0 = 13589 us

loop counter = (0, 0, 0, 0, 1, 1, 4, 4, 1, 0, 4, 3, 1, 3, 0, 2, 0, 0, 0, 0, 0, 2, 0, 3, 1, 2, 0, 0, 0, 0, 0, 0, 3, 1, 1, )

time 0 = 5254 us

loop counter = (0, 0, 0, 0, 1, 1, 4, 4, 1, 0, 4, 3, 1, 3, 0, 2, 0, 0, 0, 0, 0, 2, 0, 3, 1, 2, 0, 0, 0, 0, 0, 0, 3, 1, 1, )

time 0 = 995 us

loop counter = (0, 0, 0, 0, 1, 1, 4, 4, 1, 0, 4, 3, 1, 3, 0, 2, 0, 0, 0, 0, 0, 2, 0, 3, 1, 2, 0, 0, 0, 0, 0, 0, 3, 1, 1, )

time 0 = 2539 us

loop counter = (0, 0, 0, 0, 1, 1, 4, 4, 1, 0, 4, 3, 1, 3, 0, 2, 0, 0, 0, 0, 0, 2, 0, 3, 1, 2, 0, 0, 0, 0, 0, 0, 3, 1, 1, )

time 0 = 2698 us

loop counter = (0, 0, 0, 0, 1, 1, 4, 4, 1, 0, 4, 3, 1, 3, 0, 2, 0, 0, 0, 0, 0, 2, 0, 3, 1, 2, 0, 0, 0, 0, 0, 0, 3, 1, 1, )

time 0 = 6158 us

loop counter = (0, 0, 0, 0, 1, 1, 4, 4, 1, 0, 4, 3, 1, 3, 0, 2, 0, 0, 0, 0, 0, 2, 0, 3, 1, 2, 0, 0, 0, 0, 0, 0, 3, 1, 1, )

time 0 = 3568 us

loop counter = (0, 0, 0, 0, 1, 1, 4, 4, 1, 0, 4, 3, 1, 3, 0, 2, 0, 0, 0, 0, 0, 2, 0, 3, 1, 2, 0, 0, 0, 0, 0, 0, 3, 1, 1, )

time 0 = 4166 us

loop counter = (0, 0, 0, 0, 1, 1, 4, 4, 1, 0, 4, 3, 1, 3, 0, 2, 0, 0, 0, 0, 0, 2, 0, 3, 1, 2, 0, 0, 0, 0, 0, 0, 3, 1, 1, )

time 0 = 4736 us

loop counter = (0, 0, 0, 0, 1, 1, 4, 4, 1, 0, 4, 3, 1, 3, 0, 2, 0, 0, 0, 0, 0, 2, 0, 3, 1, 2, 0, 0, 0, 0, 0, 0, 3, 1, 1, )

time 0 = 4127 us

loop counter = (0, 0, 0, 0, 1, 1, 4, 4, 1, 0, 4, 3, 1, 3, 0, 2, 0, 0, 0, 0, 0, 2, 0, 3, 1, 2, 0, 0, 0, 0, 0, 0, 3, 1, 1, )

time 0 = 13369 us

loop counter = (0, 0, 0, 0, 1, 1, 4, 4, 1, 0, 4, 3, 1, 3, 0, 2, 0, 0, 0, 0, 0, 2, 0, 3, 1, 2, 0, 0, 0, 0, 0, 0, 3, 1, 1, )

time 0 = 3165 us

loop counter = (0, 0, 0, 0, 1, 1, 4, 4, 1, 0, 4, 3, 1, 3, 0, 2, 0, 0, 0, 0, 0, 2, 0, 3, 1, 2, 0, 0, 0, 0, 0, 0, 3, 1, 1, )

time 0 = 3506 us

loop counter = (0, 0, 0, 0, 1, 1, 4, 4, 1, 0, 4, 3, 1, 3, 0, 2, 0, 0, 0, 0, 0, 2, 0, 3, 1, 2, 0, 0, 0, 0, 0, 0, 3, 1, 1, )

time 0 = 8883 us

loop counter = (0, 0, 0, 0, 1, 1, 4, 4, 1, 0, 4, 3, 1, 3, 0, 2, 0, 0, 0, 0, 0, 2, 0, 3, 1, 2, 0, 0, 0, 0, 0, 0, 3, 1, 1, )

time 0 = 1195 us

loop counter = (0, 0, 0, 0, 1, 1, 4, 4, 1, 0, 4, 3, 1, 3, 0, 2, 0, 0, 0, 0, 0, 2, 0, 3, 1, 2, 0, 0, 0, 0, 0, 0, 3, 1, 1, )

time 0 = 6839 us

loop counter = (0, 0, 0, 0, 1, 1, 4, 4, 1, 0, 4, 3, 1, 3, 0, 2, 0, 0, 0, 0, 0, 2, 0, 3, 1, 2, 0, 0, 0, 0, 0, 0, 3, 1, 1, )

time 0 = 12305 us

loop counter = (0, 0, 0, 0, 1, 1, 4, 4, 1, 0, 4, 3, 1, 3, 0, 2, 0, 0, 0, 0, 0, 2, 0, 3, 1, 2, 0, 0, 0, 0, 0, 0, 3, 1, 1, )

time 0 = 7984 us

loop counter = (0, 0, 0, 0, 1, 1, 4, 4, 1, 0, 4, 3, 1, 3, 0, 2, 0, 0, 0, 0, 0, 2, 0, 3, 1, 2, 0, 0, 0, 0, 0, 0, 3, 1, 1, )

time 0 = 1002 us

loop counter = (0, 0, 0, 0, 1, 1, 4, 4, 1, 0, 4, 3, 1, 3, 0, 2, 0, 0, 0, 0, 0, 2, 0, 3, 1, 2, 0, 0, 0, 0, 0, 0, 3, 1, 1, )

time 0 = 6232 us

loop counter = (0, 0, 0, 0, 1, 1, 4, 4, 1, 0, 4, 3, 1, 3, 0, 2, 0, 0, 0, 0, 0, 2, 0, 3, 1, 2, 0, 0, 0, 0, 0, 0, 3, 1, 1, )

time 0 = 3753 us

loop counter = (0, 0, 0, 0, 1, 1, 4, 4, 1, 0, 4, 3, 1, 3, 0, 2, 0, 0, 0, 0, 0, 2, 0, 3, 1, 2, 0, 0, 0, 0, 0, 0, 3, 1, 1, )

time 0 = 3482 us

loop counter = (0, 0, 0, 0, 1, 1, 4, 4, 1, 0, 4, 3, 1, 3, 0, 2, 0, 0, 0, 0, 0, 2, 0, 3, 1, 2, 0, 0, 0, 0, 0, 0, 3, 1, 1, )

time 0 = 1885 us

loop counter = (0, 0, 0, 0, 1, 1, 4, 4, 1, 0, 4, 3, 1, 3, 0, 2, 0, 0, 0, 0, 0, 2, 0, 3, 1, 2, 0, 0, 0, 0, 0, 0, 3, 1, 1, )

time 0 = 9683 us

loop counter = (0, 0, 0, 0, 1, 1, 4, 4, 1, 0, 4, 3, 1, 3, 0, 2, 0, 0, 0, 0, 0, 2, 0, 3, 1, 2, 0, 0, 0, 0, 0, 0, 3, 1, 1, )

time 0 = 4695 us

loop counter = (0, 0, 0, 0, 1, 1, 4, 4, 1, 0, 4, 3, 1, 3, 0, 2, 0, 0, 0, 0, 0, 2, 0, 3, 1, 2, 0, 0, 0, 0, 0, 0, 3, 1, 1, )

time 0 = 3512 us

loop counter = (0, 0, 0, 0, 1, 1, 4, 4, 1, 0, 4, 3, 1, 3, 0, 2, 0, 0, 0, 0, 0, 2, 0, 3, 1, 2, 0, 0, 0, 0, 0, 0, 3, 1, 1, )

time 0 = 4673 us

loop counter = (0, 0, 0, 0, 1, 1, 4, 4, 1, 0, 4, 3, 1, 3, 0, 2, 0, 0, 0, 0, 0, 2, 0, 3, 1, 2, 0, 0, 0, 0, 0, 0, 3, 1, 1, )

time 0 = 5839 us

loop counter = (0, 0, 0, 0, 1, 1, 4, 4, 1, 0, 4, 3, 1, 3, 0, 2, 0, 0, 0, 0, 0, 2, 0, 3, 1, 2, 0, 0, 0, 0, 0, 0, 3, 1, 1, )

time 0 = 7832 us

loop counter = (0, 0, 0, 0, 1, 1, 4, 4, 1, 0, 4, 3, 1, 3, 0, 2, 0, 0, 0, 0, 0, 2, 0, 3, 1, 2, 0, 0, 0, 0, 0, 0, 3, 1, 1, )

time 0 = 7042 us

loop counter = (0, 0, 0, 0, 1, 1, 4, 4, 1, 0, 4, 3, 1, 3, 0, 2, 0, 0, 0, 0, 0, 2, 0, 3, 1, 2, 0, 0, 0, 0, 0, 0, 3, 1, 1, )

time 0 = 1538 us

loop counter = (0, 0, 0, 0, 1, 1, 4, 4, 1, 0, 4, 3, 1, 3, 0, 2, 0, 0, 0, 0, 0, 2, 0, 3, 1, 2, 0, 0, 0, 0, 0, 0, 3, 1, 1, )

time 0 = 7542 us

loop counter = (0, 0, 0, 0, 1, 1, 4, 4, 1, 0, 4, 3, 1, 3, 0, 2, 0, 0, 0, 0, 0, 2, 0, 3, 1, 2, 0, 0, 0, 0, 0, 0, 3, 1, 1, )

time 0 = 10436 us

loop counter = (0, 0, 0, 0, 1, 1, 4, 4, 1, 0, 4, 3, 1, 3, 0, 2, 0, 0, 0, 0, 0, 2, 0, 3, 1, 2, 0, 0, 0, 0, 0, 0, 3, 1, 1, )

time 0 = 4669 us

loop counter = (0, 0, 0, 0, 1, 1, 4, 4, 1, 0, 4, 3, 1, 3, 0, 2, 0, 0, 0, 0, 0, 2, 0, 3, 1, 2, 0, 0, 0, 0, 0, 0, 3, 1, 1, )

time 0 = 2653 us

loop counter = (0, 0, 0, 0, 1, 1, 4, 4, 1, 0, 4, 3, 1, 3, 0, 2, 0, 0, 0, 0, 0, 2, 0, 3, 1, 2, 0, 0, 0, 0, 0, 0, 3, 1, 1, )

time 0 = 1755 us

loop counter = (0, 0, 0, 0, 1, 1, 4, 4, 1, 0, 4, 3, 1, 3, 0, 2, 0, 0, 0, 0, 0, 2, 0, 3, 1, 2, 0, 0, 0, 0, 0, 0, 3, 1, 1, )

time 0 = 799 us

loop counter = (0, 0, 0, 0, 1, 1, 4, 4, 1, 0, 4, 3, 1, 3, 0, 2, 0, 0, 0, 0, 0, 2, 0, 3, 1, 2, 0, 0, 0, 0, 0, 0, 3, 1, 1, )

time 0 = 5134 us

loop counter = (0, 0, 0, 0, 1, 1, 4, 4, 1, 0, 4, 3, 1, 3, 0, 2, 0, 0, 0, 0, 0, 2, 0, 3, 1, 2, 0, 0, 0, 0, 0, 0, 3, 1, 1, )

time 0 = 3034 us

loop counter = (0, 0, 0, 0, 1, 1, 4, 4, 1, 0, 4, 3, 1, 3, 0, 2, 0, 0, 0, 0, 0, 2, 0, 3, 1, 2, 0, 0, 0, 0, 0, 0, 3, 1, 1, )

time 0 = 1131 us

loop counter = (0, 0, 0, 0, 1, 1, 4, 4, 1, 0, 4, 3, 1, 3, 0, 2, 0, 0, 0, 0, 0, 2, 0, 3, 1, 2, 0, 0, 0, 0, 0, 0, 3, 1, 1, )

time 0 = 10985 us

loop counter = (0, 0, 0, 0, 1, 1, 4, 4, 1, 0, 4, 3, 1, 3, 0, 2, 0, 0, 0, 0, 0, 2, 0, 3, 1, 2, 0, 0, 0, 0, 0, 0, 3, 1, 1, )

time 0 = 7575 us

loop counter = (0, 0, 0, 0, 1, 1, 4, 4, 1, 0, 4, 3, 1, 3, 0, 2, 0, 0, 0, 0, 0, 2, 0, 3, 1, 2, 0, 0, 0, 0, 0, 0, 3, 1, 1, )

time 0 = 6254 us

loop counter = (0, 0, 0, 0, 1, 1, 4, 4, 1, 0, 4, 3, 1, 3, 0, 2, 0, 0, 0, 0, 0, 2, 0, 3, 1, 2, 0, 0, 0, 0, 0, 0, 3, 1, 1, )

time 0 = 10848 us

loop counter = (0, 0, 0, 0, 1, 1, 4, 4, 1, 0, 4, 3, 1, 3, 0, 2, 0, 0, 0, 0, 0, 2, 0, 3, 1, 2, 0, 0, 0, 0, 0, 0, 3, 1, 1, )

time 0 = 1193 us

loop counter = (0, 0, 0, 0, 1, 1, 4, 4, 1, 0, 4, 3, 1, 3, 0, 2, 0, 0, 0, 0, 0, 2, 0, 3, 1, 2, 0, 0, 0, 0, 0, 0, 3, 1, 1, )

time 0 = 13892 us

loop counter = (0, 0, 0, 0, 1, 1, 4, 4, 1, 0, 4, 3, 1, 3, 0, 2, 0, 0, 0, 0, 0, 2, 0, 3, 1, 2, 0, 0, 0, 0, 0, 0, 3, 1, 1, )

time 0 = 1397 us

loop counter = (0, 0, 0, 0, 1, 1, 4, 4, 1, 0, 4, 3, 1, 3, 0, 2, 0, 0, 0, 0, 0, 2, 0, 3, 1, 2, 0, 0, 0, 0, 0, 0, 3, 1, 1, )

time 0 = 9978 us

loop counter = (0, 0, 0, 0, 1, 1, 4, 4, 1, 0, 4, 3, 1, 3, 0, 2, 0, 0, 0, 0, 0, 2, 0, 3, 1, 2, 0, 0, 0, 0, 0, 0, 3, 1, 1, )

time 0 = 8172 us

loop counter = (0, 0, 0, 0, 1, 1, 4, 4, 1, 0, 4, 3, 1, 3, 0, 2, 0, 0, 0, 0, 0, 2, 0, 3, 1, 2, 0, 0, 0, 0, 0, 0, 3, 1, 1, )

time 0 = 6952 us

loop counter = (0, 0, 0, 0, 1, 1, 4, 4, 1, 0, 4, 3, 1, 3, 0, 2, 0, 0, 0, 0, 0, 2, 0, 3, 1, 2, 0, 0, 0, 0, 0, 0, 3, 1, 1, )

time 0 = 5359 us

loop counter = (0, 0, 0, 0, 1, 1, 4, 4, 1, 0, 4, 3, 1, 3, 0, 2, 0, 0, 0, 0, 0, 2, 0, 3, 1, 2, 0, 0, 0, 0, 0, 0, 3, 1, 1, )

time 0 = 6544 us

loop counter = (0, 0, 0, 0, 1, 1, 4, 4, 1, 0, 4, 3, 1, 3, 0, 2, 0, 0, 0, 0, 0, 2, 0, 3, 1, 2, 0, 0, 0, 0, 0, 0, 3, 1, 1, )

time 0 = 8842 us

loop counter = (0, 0, 0, 0, 1, 1, 4, 4, 1, 0, 4, 3, 1, 3, 0, 2, 0, 0, 0, 0, 0, 2, 0, 3, 1, 2, 0, 0, 0, 0, 0, 0, 3, 1, 1, )

time 0 = 1753 us

loop counter = (0, 0, 0, 0, 1, 1, 4, 4, 1, 0, 4, 3, 1, 3, 0, 2, 0, 0, 0, 0, 0, 2, 0, 3, 1, 2, 0, 0, 0, 0, 0, 0, 3, 1, 1, )

time 0 = 2655 us

loop counter = (0, 0, 0, 0, 1, 1, 4, 4, 1, 0, 4, 3, 1, 3, 0, 2, 0, 0, 0, 0, 0, 2, 0, 3, 1, 2, 0, 0, 0, 0, 0, 0, 3, 1, 1, )

time 0 = 12283 us

loop counter = (0, 0, 0, 0, 1, 1, 4, 4, 1, 0, 4, 3, 1, 3, 0, 2, 0, 0, 0, 0, 0, 2, 0, 3, 1, 2, 0, 0, 0, 0, 0, 0, 3, 1, 1, )

time 0 = 3032 us

loop counter = (0, 0, 0, 0, 1, 1, 4, 4, 1, 0, 4, 3, 1, 3, 0, 2, 0, 0, 0, 0, 0, 2, 0, 3, 1, 2, 0, 0, 0, 0, 0, 0, 3, 1, 1, )

time 0 = 8869 us

loop counter = (0, 0, 0, 0, 1, 1, 4, 4, 1, 0, 4, 3, 1, 3, 0, 2, 0, 0, 0, 0, 0, 2, 0, 3, 1, 2, 0, 0, 0, 0, 0, 0, 3, 1, 1, )

time 0 = 12504 us

loop counter = (0, 0, 0, 0, 1, 1, 4, 4, 1, 0, 4, 3, 1, 3, 0, 2, 0, 0, 0, 0, 0, 2, 0, 3, 1, 2, 0, 0, 0, 0, 0, 0, 3, 1, 1, )

time 0 = 804 us

loop counter = (0, 0, 0, 0, 1, 1, 4, 4, 1, 0, 4, 3, 1, 3, 0, 2, 0, 0, 0, 0, 0, 2, 0, 3, 1, 2, 0, 0, 0, 0, 0, 0, 3, 1, 1, )

time 0 = 813 us

loop counter = (0, 0, 0, 0, 1, 1, 4, 4, 1, 0, 4, 3, 1, 3, 0, 2, 0, 0, 0, 0, 0, 2, 0, 3, 1, 2, 0, 0, 0, 0, 0, 0, 3, 1, 1, )

time 0 = 11978 us

loop counter = (0, 0, 0, 0, 1, 1, 4, 4, 1, 0, 4, 3, 1, 3, 0, 2, 0, 0, 0, 0, 0, 2, 0, 3, 1, 2, 0, 0, 0, 0, 0, 0, 3, 1, 1, )

time 0 = 878 us

loop counter = (0, 0, 0, 0, 1, 1, 4, 4, 1, 0, 4, 3, 1, 3, 0, 2, 0, 0, 0, 0, 0, 2, 0, 3, 1, 2, 0, 0, 0, 0, 0, 0, 3, 1, 1, )

time 0 = 10387 us

loop counter = (0, 0, 0, 0, 1, 1, 4, 4, 1, 0, 4, 3, 1, 3, 0, 2, 0, 0, 0, 0, 0, 2, 0, 3, 1, 2, 0, 0, 0, 0, 0, 0, 3, 1, 1, )

time 0 = 4249 us

loop counter = (0, 0, 0, 0, 1, 1, 4, 4, 1, 0, 4, 3, 1, 3, 0, 2, 0, 0, 0, 0, 0, 2, 0, 3, 1, 2, 0, 0, 0, 0, 0, 0, 3, 1, 1, )

time 0 = 6615 us

loop counter = (0, 0, 0, 0, 1, 1, 4, 4, 1, 0, 4, 3, 1, 3, 0, 2, 0, 0, 0, 0, 0, 2, 0, 3, 1, 2, 0, 0, 0, 0, 0, 0, 3, 1, 1, )

time 0 = 5919 us

loop counter = (0, 0, 0, 0, 1, 1, 4, 4, 1, 0, 4, 3, 1, 3, 0, 2, 0, 0, 0, 0, 0, 2, 0, 3, 1, 2, 0, 0, 0, 0, 0, 0, 3, 1, 1, )

time 0 = 10899 us

loop counter = (0, 0, 0, 0, 1, 1, 4, 4, 1, 0, 4, 3, 1, 3, 0, 2, 0, 0, 0, 0, 0, 2, 0, 3, 1, 2, 0, 0, 0, 0, 0, 0, 3, 1, 1, )

time 0 = 3143 us

loop counter = (0, 0, 0, 0, 1, 1, 4, 4, 1, 0, 4, 3, 1, 3, 0, 2, 0, 0, 0, 0, 0, 2, 0, 3, 1, 2, 0, 0, 0, 0, 0, 0, 3, 1, 1, )

time 0 = 10149 us

loop counter = (0, 0, 0, 0, 1, 1, 4, 4, 1, 0, 4, 3, 1, 3, 0, 2, 0, 0, 0, 0, 0, 2, 0, 3, 1, 2, 0, 0, 0, 0, 0, 0, 3, 1, 1, )

time 0 = 5468 us

loop counter = (0, 0, 0, 0, 1, 1, 4, 4, 1, 0, 4, 3, 1, 3, 0, 2, 0, 0, 0, 0, 0, 2, 0, 3, 1, 2, 0, 0, 0, 0, 0, 0, 3, 1, 1, )

time 0 = 13724 us

loop counter = (0, 0, 0, 0, 1, 1, 4, 4, 1, 0, 4, 3, 1, 3, 0, 2, 0, 0, 0, 0, 0, 2, 0, 3, 1, 2, 0, 0, 0, 0, 0, 0, 3, 1, 1, )

time 0 = 8364 us

loop counter = (0, 0, 0, 0, 1, 1, 4, 4, 1, 0, 4, 3, 1, 3, 0, 2, 0, 0, 0, 0, 0, 2, 0, 3, 1, 2, 0, 0, 0, 0, 0, 0, 3, 1, 1, )

time 0 = 9835 us

loop counter = (0, 0, 0, 0, 1, 1, 4, 4, 1, 0, 4, 3, 1, 3, 0, 2, 0, 0, 0, 0, 0, 2, 0, 3, 1, 2, 0, 0, 0, 0, 0, 0, 3, 1, 1, )

time 0 = 10042 us

loop counter = (0, 0, 0, 0, 1, 1, 4, 4, 1, 0, 4, 3, 1, 3, 0, 2, 0, 0, 0, 0, 0, 2, 0, 3, 1, 2, 0, 0, 0, 0, 0, 0, 3, 1, 1, )

time 0 = 1933 us

loop counter = (0, 0, 0, 0, 1, 1, 4, 4, 1, 0, 4, 3, 1, 3, 0, 2, 0, 0, 0, 0, 0, 2, 0, 3, 1, 2, 0, 0, 0, 0, 0, 0, 3, 1, 1, )

time 0 = 11021 us

loop counter = (0, 0, 0, 0, 1, 1, 4, 4, 1, 0, 4, 3, 1, 3, 0, 2, 0, 0, 0, 0, 0, 2, 0, 3, 1, 2, 0, 0, 0, 0, 0, 0, 3, 1, 1, )

time 0 = 1758 us

loop counter = (0, 0, 0, 0, 1, 1, 4, 4, 1, 0, 4, 3, 1, 3, 0, 2, 0, 0, 0, 0, 0, 2, 0, 3, 1, 2, 0, 0, 0, 0, 0, 0, 3, 1, 1, )

time 0 = 7576 us

loop counter = (0, 0, 0, 0, 1, 1, 4, 4, 1, 0, 4, 3, 1, 3, 0, 2, 0, 0, 0, 0, 0, 2, 0, 3, 1, 2, 0, 0, 0, 0, 0, 0, 3, 1, 1, )

time 0 = 13020 us

loop counter = (0, 0, 0, 0, 1, 1, 4, 4, 1, 0, 4, 3, 1, 3, 0, 2, 0, 0, 0, 0, 0, 2, 0, 3, 1, 2, 0, 0, 0, 0, 0, 0, 3, 1, 1, )

time 0 = 7745 us

loop counter = (0, 0, 0, 0, 1, 1, 4, 4, 1, 0, 4, 3, 1, 3, 0, 2, 0, 0, 0, 0, 0, 2, 0, 3, 1, 2, 0, 0, 0, 0, 0, 0, 3, 1, 1, )

time 0 = 1677 us

