loop counter = (743, 743, 371, 371, 743, 371, 374, 372, 371, 740, 371, 371, 371, 371, 371, 371, 371, 371, 743, 371, 371, 371, )

time 0 = 8514 us

loop counter = (639, 639, 319, 319, 639, 319, 322, 320, 319, 636, 319, 319, 319, 319, 319, 319, 319, 319, 639, 319, 319, 319, )

time 0 = 6693 us

loop counter = (289, 289, 144, 144, 289, 144, 147, 145, 144, 286, 144, 144, 144, 144, 144, 144, 144, 144, 289, 144, 144, 144, )

time 0 = 1876 us

loop counter = (921, 921, 460, 460, 921, 460, 463, 461, 460, 918, 460, 460, 460, 460, 460, 460, 460, 460, 921, 460, 460, 460, )

time 0 = 14434 us

loop counter = (775, 775, 387, 387, 775, 387, 390, 388, 387, 772, 387, 387, 387, 387, 387, 387, 387, 387, 775, 387, 387, 387, )

time 0 = 10044 us

loop counter = (461, 461, 230, 230, 461, 230, 233, 231, 230, 458, 230, 230, 230, 230, 230, 230, 230, 230, 461, 230, 230, 230, )

time 0 = 3844 us

loop counter = (565, 565, 282, 282, 565, 282, 285, 283, 282, 562, 282, 282, 282, 282, 282, 282, 282, 282, 565, 282, 282, 282, )

time 0 = 5139 us

loop counter = (895, 895, 447, 447, 895, 447, 450, 448, 447, 892, 447, 447, 447, 447, 447, 447, 447, 447, 895, 447, 447, 447, )

time 0 = 12956 us

loop counter = (221, 221, 110, 110, 221, 110, 113, 111, 110, 218, 110, 110, 110, 110, 110, 110, 110, 110, 221, 110, 110, 110, )

time 0 = 1389 us

loop counter = (257, 257, 128, 128, 257, 128, 131, 129, 128, 254, 128, 128, 128, 128, 128, 128, 128, 128, 257, 128, 128, 128, )

time 0 = 1454 us

loop counter = (605, 605, 302, 302, 605, 302, 305, 303, 302, 602, 302, 302, 302, 302, 302, 302, 302, 302, 605, 302, 302, 302, )

time 0 = 6069 us

loop counter = (583, 583, 291, 291, 583, 291, 294, 292, 291, 580, 291, 291, 291, 291, 291, 291, 291, 291, 583, 291, 291, 291, )

time 0 = 5563 us

loop counter = (397, 397, 198, 198, 397, 198, 201, 199, 198, 394, 198, 198, 198, 198, 198, 198, 198, 198, 397, 198, 198, 198, )

time 0 = 2868 us

loop counter = (371, 371, 185, 185, 371, 185, 188, 186, 185, 368, 185, 185, 185, 185, 185, 185, 185, 185, 371, 185, 185, 185, )

time 0 = 2970 us

loop counter = (453, 453, 226, 226, 453, 226, 229, 227, 226, 450, 226, 226, 226, 226, 226, 226, 226, 226, 453, 226, 226, 226, )

time 0 = 3834 us

loop counter = (415, 415, 207, 207, 415, 207, 210, 208, 207, 412, 207, 207, 207, 207, 207, 207, 207, 207, 415, 207, 207, 207, )

time 0 = 3268 us

loop counter = (853, 853, 426, 426, 853, 426, 429, 427, 426, 850, 426, 426, 426, 426, 426, 426, 426, 426, 853, 426, 426, 426, )

time 0 = 11287 us

loop counter = (801, 801, 400, 400, 801, 400, 403, 401, 400, 798, 400, 400, 400, 400, 400, 400, 400, 400, 801, 400, 400, 400, )

time 0 = 9947 us

loop counter = (311, 311, 155, 155, 311, 155, 158, 156, 155, 308, 155, 155, 155, 155, 155, 155, 155, 155, 311, 155, 155, 155, )

time 0 = 2301 us

loop counter = (589, 589, 294, 294, 589, 294, 297, 295, 294, 586, 294, 294, 294, 294, 294, 294, 294, 294, 589, 294, 294, 294, )

time 0 = 6067 us

loop counter = (1001, 1001, 500, 500, 1001, 500, 503, 501, 500, 998, 500, 500, 500, 500, 500, 500, 500, 500, 1001, 500, 500, 500, )

time 0 = 13260 us

loop counter = (751, 751, 375, 375, 751, 375, 378, 376, 375, 748, 375, 375, 375, 375, 375, 375, 375, 375, 751, 375, 375, 375, )

time 0 = 9207 us

loop counter = (581, 581, 290, 290, 581, 290, 293, 291, 290, 578, 290, 290, 290, 290, 290, 290, 290, 290, 581, 290, 290, 290, )

time 0 = 5137 us

loop counter = (185, 185, 92, 92, 185, 92, 95, 93, 92, 182, 92, 92, 92, 92, 92, 92, 92, 92, 185, 92, 92, 92, )

time 0 = 1066 us

loop counter = (271, 271, 135, 135, 271, 135, 138, 136, 135, 268, 135, 135, 135, 135, 135, 135, 135, 135, 271, 135, 135, 135, )

time 0 = 1848 us

loop counter = (927, 927, 463, 463, 927, 463, 466, 464, 463, 924, 463, 463, 463, 463, 463, 463, 463, 463, 927, 463, 463, 463, )

time 0 = 12663 us

loop counter = (693, 693, 346, 346, 693, 346, 349, 347, 346, 690, 346, 346, 346, 346, 346, 346, 346, 346, 693, 346, 346, 346, )

time 0 = 7979 us

loop counter = (273, 273, 136, 136, 273, 136, 139, 137, 136, 270, 136, 136, 136, 136, 136, 136, 136, 136, 273, 136, 136, 136, )

time 0 = 1790 us

loop counter = (833, 833, 416, 416, 833, 416, 419, 417, 416, 830, 416, 416, 416, 416, 416, 416, 416, 416, 833, 416, 416, 416, )

time 0 = 10340 us

loop counter = (581, 581, 290, 290, 581, 290, 293, 291, 290, 578, 290, 290, 290, 290, 290, 290, 290, 290, 581, 290, 290, 290, )

time 0 = 5785 us

loop counter = (633, 633, 316, 316, 633, 316, 319, 317, 316, 630, 316, 316, 316, 316, 316, 316, 316, 316, 633, 316, 316, 316, )

time 0 = 6732 us

loop counter = (443, 443, 221, 221, 443, 221, 224, 222, 221, 440, 221, 221, 221, 221, 221, 221, 221, 221, 443, 221, 221, 221, )

time 0 = 2668 us

loop counter = (525, 525, 262, 262, 525, 262, 265, 263, 262, 522, 262, 262, 262, 262, 262, 262, 262, 262, 525, 262, 262, 262, )

time 0 = 4429 us

loop counter = (785, 785, 392, 392, 785, 392, 395, 393, 392, 782, 392, 392, 392, 392, 392, 392, 392, 392, 785, 392, 392, 392, )

time 0 = 8547 us

loop counter = (211, 211, 105, 105, 211, 105, 108, 106, 105, 208, 105, 105, 105, 105, 105, 105, 105, 105, 211, 105, 105, 105, )

time 0 = 1337 us

loop counter = (923, 923, 461, 461, 923, 461, 464, 462, 461, 920, 461, 461, 461, 461, 461, 461, 461, 461, 923, 461, 461, 461, )

time 0 = 13123 us

loop counter = (601, 601, 300, 300, 601, 300, 303, 301, 300, 598, 300, 300, 300, 300, 300, 300, 300, 300, 601, 300, 300, 300, )

time 0 = 5561 us

loop counter = (977, 977, 488, 488, 977, 488, 491, 489, 488, 974, 488, 488, 488, 488, 488, 488, 488, 488, 977, 488, 488, 488, )

time 0 = 13844 us

loop counter = (621, 621, 310, 310, 621, 310, 313, 311, 310, 618, 310, 310, 310, 310, 310, 310, 310, 310, 621, 310, 310, 310, )

time 0 = 8193 us

loop counter = (843, 843, 421, 421, 843, 421, 424, 422, 421, 840, 421, 421, 421, 421, 421, 421, 421, 421, 843, 421, 421, 421, )

time 0 = 10218 us

loop counter = (955, 955, 477, 477, 955, 477, 480, 478, 477, 952, 477, 477, 477, 477, 477, 477, 477, 477, 955, 477, 477, 477, )

time 0 = 13813 us

loop counter = (475, 475, 237, 237, 475, 237, 240, 238, 237, 472, 237, 237, 237, 237, 237, 237, 237, 237, 475, 237, 237, 237, )

time 0 = 4258 us

loop counter = (843, 843, 421, 421, 843, 421, 424, 422, 421, 840, 421, 421, 421, 421, 421, 421, 421, 421, 843, 421, 421, 421, )

time 0 = 10467 us

loop counter = (847, 847, 423, 423, 847, 423, 426, 424, 423, 844, 423, 423, 423, 423, 423, 423, 423, 423, 847, 423, 423, 423, )

time 0 = 10857 us

loop counter = (609, 609, 304, 304, 609, 304, 307, 305, 304, 606, 304, 304, 304, 304, 304, 304, 304, 304, 609, 304, 304, 304, )

time 0 = 7514 us

loop counter = (581, 581, 290, 290, 581, 290, 293, 291, 290, 578, 290, 290, 290, 290, 290, 290, 290, 290, 581, 290, 290, 290, )

time 0 = 5388 us

loop counter = (211, 211, 105, 105, 211, 105, 108, 106, 105, 208, 105, 105, 105, 105, 105, 105, 105, 105, 211, 105, 105, 105, )

time 0 = 1337 us

loop counter = (581, 581, 290, 290, 581, 290, 293, 291, 290, 578, 290, 290, 290, 290, 290, 290, 290, 290, 581, 290, 290, 290, )

time 0 = 5322 us

loop counter = (363, 363, 181, 181, 363, 181, 184, 182, 181, 360, 181, 181, 181, 181, 181, 181, 181, 181, 363, 181, 181, 181, )

time 0 = 2476 us

loop counter = (849, 849, 424, 424, 849, 424, 427, 425, 424, 846, 424, 424, 424, 424, 424, 424, 424, 424, 849, 424, 424, 424, )

time 0 = 12582 us

loop counter = (509, 509, 254, 254, 509, 254, 257, 255, 254, 506, 254, 254, 254, 254, 254, 254, 254, 254, 509, 254, 254, 254, )

time 0 = 4052 us

loop counter = (709, 709, 354, 354, 709, 354, 357, 355, 354, 706, 354, 354, 354, 354, 354, 354, 354, 354, 709, 354, 354, 354, )

time 0 = 7940 us

loop counter = (185, 185, 92, 92, 185, 92, 95, 93, 92, 182, 92, 92, 92, 92, 92, 92, 92, 92, 185, 92, 92, 92, )

time 0 = 1364 us

loop counter = (689, 689, 344, 344, 689, 344, 347, 345, 344, 686, 344, 344, 344, 344, 344, 344, 344, 344, 689, 344, 344, 344, )

time 0 = 7381 us

loop counter = (863, 863, 431, 431, 863, 431, 434, 432, 431, 860, 431, 431, 431, 431, 431, 431, 431, 431, 863, 431, 431, 431, )

time 0 = 11477 us

loop counter = (317, 317, 158, 158, 317, 158, 161, 159, 158, 314, 158, 158, 158, 158, 158, 158, 158, 158, 317, 158, 158, 158, )

time 0 = 2187 us

loop counter = (211, 211, 105, 105, 211, 105, 108, 106, 105, 208, 105, 105, 105, 105, 105, 105, 105, 105, 211, 105, 105, 105, )

time 0 = 1433 us

loop counter = (303, 303, 151, 151, 303, 151, 154, 152, 151, 300, 151, 151, 151, 151, 151, 151, 151, 151, 303, 151, 151, 151, )

time 0 = 2150 us

loop counter = (935, 935, 467, 467, 935, 467, 470, 468, 467, 932, 467, 467, 467, 467, 467, 467, 467, 467, 935, 467, 467, 467, )

time 0 = 20961 us

loop counter = (209, 209, 104, 104, 209, 104, 107, 105, 104, 206, 104, 104, 104, 104, 104, 104, 104, 104, 209, 104, 104, 104, )

time 0 = 2434 us

loop counter = (895, 895, 447, 447, 895, 447, 450, 448, 447, 892, 447, 447, 447, 447, 447, 447, 447, 447, 895, 447, 447, 447, )

time 0 = 13119 us

loop counter = (527, 527, 263, 263, 527, 263, 266, 264, 263, 524, 263, 263, 263, 263, 263, 263, 263, 263, 527, 263, 263, 263, )

time 0 = 4792 us

loop counter = (981, 981, 490, 490, 981, 490, 493, 491, 490, 978, 490, 490, 490, 490, 490, 490, 490, 490, 981, 490, 490, 490, )

time 0 = 14084 us

loop counter = (859, 859, 429, 429, 859, 429, 432, 430, 429, 856, 429, 429, 429, 429, 429, 429, 429, 429, 859, 429, 429, 429, )

time 0 = 9978 us

loop counter = (399, 399, 199, 199, 399, 199, 202, 200, 199, 396, 199, 199, 199, 199, 199, 199, 199, 199, 399, 199, 199, 199, )

time 0 = 3684 us

loop counter = (595, 595, 297, 297, 595, 297, 300, 298, 297, 592, 297, 297, 297, 297, 297, 297, 297, 297, 595, 297, 297, 297, )

time 0 = 5783 us

loop counter = (291, 291, 145, 145, 291, 145, 148, 146, 145, 288, 145, 145, 145, 145, 145, 145, 145, 145, 291, 145, 145, 145, )

time 0 = 2008 us

loop counter = (475, 475, 237, 237, 475, 237, 240, 238, 237, 472, 237, 237, 237, 237, 237, 237, 237, 237, 475, 237, 237, 237, )

time 0 = 3526 us

loop counter = (759, 759, 379, 379, 759, 379, 382, 380, 379, 756, 379, 379, 379, 379, 379, 379, 379, 379, 759, 379, 379, 379, )

time 0 = 8696 us

loop counter = (273, 273, 136, 136, 273, 136, 139, 137, 136, 270, 136, 136, 136, 136, 136, 136, 136, 136, 273, 136, 136, 136, )

time 0 = 1956 us

loop counter = (903, 903, 451, 451, 903, 451, 454, 452, 451, 900, 451, 451, 451, 451, 451, 451, 451, 451, 903, 451, 451, 451, )

time 0 = 14246 us

loop counter = (629, 629, 314, 314, 629, 314, 317, 315, 314, 626, 314, 314, 314, 314, 314, 314, 314, 314, 629, 314, 314, 314, )

time 0 = 4630 us

loop counter = (925, 925, 462, 462, 925, 462, 465, 463, 462, 922, 462, 462, 462, 462, 462, 462, 462, 462, 925, 462, 462, 462, )

time 0 = 13006 us

loop counter = (841, 841, 420, 420, 841, 420, 423, 421, 420, 838, 420, 420, 420, 420, 420, 420, 420, 420, 841, 420, 420, 420, )

time 0 = 10549 us

loop counter = (347, 347, 173, 173, 347, 173, 176, 174, 173, 344, 173, 173, 173, 173, 173, 173, 173, 173, 347, 173, 173, 173, )

time 0 = 2620 us

loop counter = (915, 915, 457, 457, 915, 457, 460, 458, 457, 912, 457, 457, 457, 457, 457, 457, 457, 457, 915, 457, 457, 457, )

time 0 = 11817 us

loop counter = (815, 815, 407, 407, 815, 407, 410, 408, 407, 812, 407, 407, 407, 407, 407, 407, 407, 407, 815, 407, 407, 407, )

time 0 = 12536 us

loop counter = (845, 845, 422, 422, 845, 422, 425, 423, 422, 842, 422, 422, 422, 422, 422, 422, 422, 422, 845, 422, 422, 422, )

time 0 = 10303 us

loop counter = (311, 311, 155, 155, 311, 155, 158, 156, 155, 308, 155, 155, 155, 155, 155, 155, 155, 155, 311, 155, 155, 155, )

time 0 = 1884 us

loop counter = (487, 487, 243, 243, 487, 243, 246, 244, 243, 484, 243, 243, 243, 243, 243, 243, 243, 243, 487, 243, 243, 243, )

time 0 = 3906 us

loop counter = (557, 557, 278, 278, 557, 278, 281, 279, 278, 554, 278, 278, 278, 278, 278, 278, 278, 278, 557, 278, 278, 278, )

time 0 = 5386 us

loop counter = (385, 385, 192, 192, 385, 192, 195, 193, 192, 382, 192, 192, 192, 192, 192, 192, 192, 192, 385, 192, 192, 192, )

time 0 = 2927 us

loop counter = (631, 631, 315, 315, 631, 315, 318, 316, 315, 628, 315, 315, 315, 315, 315, 315, 315, 315, 631, 315, 315, 315, )

time 0 = 6694 us

loop counter = (887, 887, 443, 443, 887, 443, 446, 444, 443, 884, 443, 443, 443, 443, 443, 443, 443, 443, 887, 443, 443, 443, )

time 0 = 12350 us

loop counter = (669, 669, 334, 334, 669, 334, 337, 335, 334, 666, 334, 334, 334, 334, 334, 334, 334, 334, 669, 334, 334, 334, )

time 0 = 6634 us

loop counter = (763, 763, 381, 381, 763, 381, 384, 382, 381, 760, 381, 381, 381, 381, 381, 381, 381, 381, 763, 381, 381, 381, )

time 0 = 8297 us

loop counter = (185, 185, 92, 92, 185, 92, 95, 93, 92, 182, 92, 92, 92, 92, 92, 92, 92, 92, 185, 92, 92, 92, )

time 0 = 1380 us

loop counter = (747, 747, 373, 373, 747, 373, 376, 374, 373, 744, 373, 373, 373, 373, 373, 373, 373, 373, 747, 373, 373, 373, )

time 0 = 8303 us

loop counter = (933, 933, 466, 466, 933, 466, 469, 467, 466, 930, 466, 466, 466, 466, 466, 466, 466, 466, 933, 466, 466, 466, )

time 0 = 13028 us

loop counter = (485, 485, 242, 242, 485, 242, 245, 243, 242, 482, 242, 242, 242, 242, 242, 242, 242, 242, 485, 242, 242, 242, )

time 0 = 4151 us

loop counter = (391, 391, 195, 195, 391, 195, 198, 196, 195, 388, 195, 195, 195, 195, 195, 195, 195, 195, 391, 195, 195, 195, )

time 0 = 2590 us

loop counter = (549, 549, 274, 274, 549, 274, 277, 275, 274, 546, 274, 274, 274, 274, 274, 274, 274, 274, 549, 274, 274, 274, )

time 0 = 5204 us

loop counter = (313, 313, 156, 156, 313, 156, 159, 157, 156, 310, 156, 156, 156, 156, 156, 156, 156, 156, 313, 156, 156, 156, )

time 0 = 2156 us

loop counter = (283, 283, 141, 141, 283, 141, 144, 142, 141, 280, 141, 141, 141, 141, 141, 141, 141, 141, 283, 141, 141, 141, )

time 0 = 1993 us

loop counter = (447, 447, 223, 223, 447, 223, 226, 224, 223, 444, 223, 223, 223, 223, 223, 223, 223, 223, 447, 223, 223, 223, )

time 0 = 3785 us

loop counter = (647, 647, 323, 323, 647, 323, 326, 324, 323, 644, 323, 323, 323, 323, 323, 323, 323, 323, 647, 323, 323, 323, )

time 0 = 6704 us

loop counter = (363, 363, 181, 181, 363, 181, 184, 182, 181, 360, 181, 181, 181, 181, 181, 181, 181, 181, 363, 181, 181, 181, )

time 0 = 2635 us

loop counter = (387, 387, 193, 193, 387, 193, 196, 194, 193, 384, 193, 193, 193, 193, 193, 193, 193, 193, 387, 193, 193, 193, )

time 0 = 2870 us

loop counter = (321, 321, 160, 160, 321, 160, 163, 161, 160, 318, 160, 160, 160, 160, 160, 160, 160, 160, 321, 160, 160, 160, )

time 0 = 2072 us

loop counter = (799, 799, 399, 399, 799, 399, 402, 400, 399, 796, 399, 399, 399, 399, 399, 399, 399, 399, 799, 399, 399, 399, )

time 0 = 9727 us

loop counter = (931, 931, 465, 465, 931, 465, 468, 466, 465, 928, 465, 465, 465, 465, 465, 465, 465, 465, 931, 465, 465, 465, )

time 0 = 12684 us

loop counter = (873, 873, 436, 436, 873, 436, 439, 437, 436, 870, 436, 436, 436, 436, 436, 436, 436, 436, 873, 436, 436, 436, )

time 0 = 13157 us

loop counter = (387, 387, 193, 193, 387, 193, 196, 194, 193, 384, 193, 193, 193, 193, 193, 193, 193, 193, 387, 193, 193, 193, )

time 0 = 2702 us

loop counter = (299, 299, 149, 149, 299, 149, 152, 150, 149, 296, 149, 149, 149, 149, 149, 149, 149, 149, 299, 149, 149, 149, )

time 0 = 1581 us

loop counter = (469, 469, 234, 234, 469, 234, 237, 235, 234, 466, 234, 234, 234, 234, 234, 234, 234, 234, 469, 234, 234, 234, )

time 0 = 7589 us

loop counter = (535, 535, 267, 267, 535, 267, 270, 268, 267, 532, 267, 267, 267, 267, 267, 267, 267, 267, 535, 267, 267, 267, )

time 0 = 4966 us

loop counter = (793, 793, 396, 396, 793, 396, 399, 397, 396, 790, 396, 396, 396, 396, 396, 396, 396, 396, 793, 396, 396, 396, )

time 0 = 9580 us

loop counter = (953, 953, 476, 476, 953, 476, 479, 477, 476, 950, 476, 476, 476, 476, 476, 476, 476, 476, 953, 476, 476, 476, )

time 0 = 13521 us

loop counter = (379, 379, 189, 189, 379, 189, 192, 190, 189, 376, 189, 189, 189, 189, 189, 189, 189, 189, 379, 189, 189, 189, )

time 0 = 2894 us

loop counter = (693, 693, 346, 346, 693, 346, 349, 347, 346, 690, 346, 346, 346, 346, 346, 346, 346, 346, 693, 346, 346, 346, )

time 0 = 10051 us

loop counter = (449, 449, 224, 224, 449, 224, 227, 225, 224, 446, 224, 224, 224, 224, 224, 224, 224, 224, 449, 224, 224, 224, )

time 0 = 4538 us

loop counter = (869, 869, 434, 434, 869, 434, 437, 435, 434, 866, 434, 434, 434, 434, 434, 434, 434, 434, 869, 434, 434, 434, )

time 0 = 11502 us

loop counter = (223, 223, 111, 111, 223, 111, 114, 112, 111, 220, 111, 111, 111, 111, 111, 111, 111, 111, 223, 111, 111, 111, )

time 0 = 1296 us

loop counter = (1019, 1019, 509, 509, 1019, 509, 512, 510, 509, 1016, 509, 509, 509, 509, 509, 509, 509, 509, 1019, 509, 509, 509, )

time 0 = 14427 us

loop counter = (409, 409, 204, 204, 409, 204, 207, 205, 204, 406, 204, 204, 204, 204, 204, 204, 204, 204, 409, 204, 204, 204, )

time 0 = 4204 us

loop counter = (803, 803, 401, 401, 803, 401, 404, 402, 401, 800, 401, 401, 401, 401, 401, 401, 401, 401, 803, 401, 401, 401, )

time 0 = 9122 us

loop counter = (687, 687, 343, 343, 687, 343, 346, 344, 343, 684, 343, 343, 343, 343, 343, 343, 343, 343, 687, 343, 343, 343, )

time 0 = 8772 us

loop counter = (695, 695, 347, 347, 695, 347, 350, 348, 347, 692, 347, 347, 347, 347, 347, 347, 347, 347, 695, 347, 347, 347, )

time 0 = 6458 us

loop counter = (209, 209, 104, 104, 209, 104, 107, 105, 104, 206, 104, 104, 104, 104, 104, 104, 104, 104, 209, 104, 104, 104, )

time 0 = 2423 us

loop counter = (487, 487, 243, 243, 487, 243, 246, 244, 243, 484, 243, 243, 243, 243, 243, 243, 243, 243, 487, 243, 243, 243, )

time 0 = 4028 us

loop counter = (225, 225, 112, 112, 225, 112, 115, 113, 112, 222, 112, 112, 112, 112, 112, 112, 112, 112, 225, 112, 112, 112, )

time 0 = 1484 us

loop counter = (867, 867, 433, 433, 867, 433, 436, 434, 433, 864, 433, 433, 433, 433, 433, 433, 433, 433, 867, 433, 433, 433, )

time 0 = 11102 us

loop counter = (543, 543, 271, 271, 543, 271, 274, 272, 271, 540, 271, 271, 271, 271, 271, 271, 271, 271, 543, 271, 271, 271, )

time 0 = 5310 us

loop counter = (937, 937, 468, 468, 937, 468, 471, 469, 468, 934, 468, 468, 468, 468, 468, 468, 468, 468, 937, 468, 468, 468, )

time 0 = 12764 us

loop counter = (499, 499, 249, 249, 499, 249, 252, 250, 249, 496, 249, 249, 249, 249, 249, 249, 249, 249, 499, 249, 249, 249, )

time 0 = 4581 us

loop counter = (483, 483, 241, 241, 483, 241, 244, 242, 241, 480, 241, 241, 241, 241, 241, 241, 241, 241, 483, 241, 241, 241, )

time 0 = 4223 us

loop counter = (451, 451, 225, 225, 451, 225, 228, 226, 225, 448, 225, 225, 225, 225, 225, 225, 225, 225, 451, 225, 225, 225, )

time 0 = 3409 us

loop counter = (203, 203, 101, 101, 203, 101, 104, 102, 101, 200, 101, 101, 101, 101, 101, 101, 101, 101, 203, 101, 101, 101, )

time 0 = 1132 us

loop counter = (783, 783, 391, 391, 783, 391, 394, 392, 391, 780, 391, 391, 391, 391, 391, 391, 391, 391, 783, 391, 391, 391, )

time 0 = 8498 us

loop counter = (211, 211, 105, 105, 211, 105, 108, 106, 105, 208, 105, 105, 105, 105, 105, 105, 105, 105, 211, 105, 105, 105, )

time 0 = 1329 us

loop counter = (921, 921, 460, 460, 921, 460, 463, 461, 460, 918, 460, 460, 460, 460, 460, 460, 460, 460, 921, 460, 460, 460, )

time 0 = 13067 us

loop counter = (619, 619, 309, 309, 619, 309, 312, 310, 309, 616, 309, 309, 309, 309, 309, 309, 309, 309, 619, 309, 309, 309, )

time 0 = 5943 us

loop counter = (309, 309, 154, 154, 309, 154, 157, 155, 154, 306, 154, 154, 154, 154, 154, 154, 154, 154, 309, 154, 154, 154, )

time 0 = 2200 us

loop counter = (185, 185, 92, 92, 185, 92, 95, 93, 92, 182, 92, 92, 92, 92, 92, 92, 92, 92, 185, 92, 92, 92, )

time 0 = 1361 us

loop counter = (323, 323, 161, 161, 323, 161, 164, 162, 161, 320, 161, 161, 161, 161, 161, 161, 161, 161, 323, 161, 161, 161, )

time 0 = 2237 us

loop counter = (967, 967, 483, 483, 967, 483, 486, 484, 483, 964, 483, 483, 483, 483, 483, 483, 483, 483, 967, 483, 483, 483, )

time 0 = 14566 us

loop counter = (295, 295, 147, 147, 295, 147, 150, 148, 147, 292, 147, 147, 147, 147, 147, 147, 147, 147, 295, 147, 147, 147, )

time 0 = 1642 us

loop counter = (789, 789, 394, 394, 789, 394, 397, 395, 394, 786, 394, 394, 394, 394, 394, 394, 394, 394, 789, 394, 394, 394, )

time 0 = 8271 us

loop counter = (313, 313, 156, 156, 313, 156, 159, 157, 156, 310, 156, 156, 156, 156, 156, 156, 156, 156, 313, 156, 156, 156, )

time 0 = 2131 us

loop counter = (547, 547, 273, 273, 547, 273, 276, 274, 273, 544, 273, 273, 273, 273, 273, 273, 273, 273, 547, 273, 273, 273, )

time 0 = 5638 us

loop counter = (341, 341, 170, 170, 341, 170, 173, 171, 170, 338, 170, 170, 170, 170, 170, 170, 170, 170, 341, 170, 170, 170, )

time 0 = 2568 us

loop counter = (361, 361, 180, 180, 361, 180, 183, 181, 180, 358, 180, 180, 180, 180, 180, 180, 180, 180, 361, 180, 180, 180, )

time 0 = 2999 us

loop counter = (879, 879, 439, 439, 879, 439, 442, 440, 439, 876, 439, 439, 439, 439, 439, 439, 439, 439, 879, 439, 439, 439, )

time 0 = 12890 us

loop counter = (771, 771, 385, 385, 771, 385, 388, 386, 385, 768, 385, 385, 385, 385, 385, 385, 385, 385, 771, 385, 385, 385, )

time 0 = 9716 us

loop counter = (223, 223, 111, 111, 223, 111, 114, 112, 111, 220, 111, 111, 111, 111, 111, 111, 111, 111, 223, 111, 111, 111, )

time 0 = 1276 us

loop counter = (623, 623, 311, 311, 623, 311, 314, 312, 311, 620, 311, 311, 311, 311, 311, 311, 311, 311, 623, 311, 311, 311, )

time 0 = 6487 us

loop counter = (475, 475, 237, 237, 475, 237, 240, 238, 237, 472, 237, 237, 237, 237, 237, 237, 237, 237, 475, 237, 237, 237, )

time 0 = 4740 us

loop counter = (301, 301, 150, 150, 301, 150, 153, 151, 150, 298, 150, 150, 150, 150, 150, 150, 150, 150, 301, 150, 150, 150, )

time 0 = 2095 us

loop counter = (437, 437, 218, 218, 437, 218, 221, 219, 218, 434, 218, 218, 218, 218, 218, 218, 218, 218, 437, 218, 218, 218, )

time 0 = 2878 us

loop counter = (631, 631, 315, 315, 631, 315, 318, 316, 315, 628, 315, 315, 315, 315, 315, 315, 315, 315, 631, 315, 315, 315, )

time 0 = 5747 us

loop counter = (223, 223, 111, 111, 223, 111, 114, 112, 111, 220, 111, 111, 111, 111, 111, 111, 111, 111, 223, 111, 111, 111, )

time 0 = 1308 us

loop counter = (453, 453, 226, 226, 453, 226, 229, 227, 226, 450, 226, 226, 226, 226, 226, 226, 226, 226, 453, 226, 226, 226, )

time 0 = 4380 us

loop counter = (637, 637, 318, 318, 637, 318, 321, 319, 318, 634, 318, 318, 318, 318, 318, 318, 318, 318, 637, 318, 318, 318, )

time 0 = 6337 us

loop counter = (559, 559, 279, 279, 559, 279, 282, 280, 279, 556, 279, 279, 279, 279, 279, 279, 279, 279, 559, 279, 279, 279, )

time 0 = 5334 us

loop counter = (287, 287, 143, 143, 287, 143, 146, 144, 143, 284, 143, 143, 143, 143, 143, 143, 143, 143, 287, 143, 143, 143, )

time 0 = 1642 us

loop counter = (387, 387, 193, 193, 387, 193, 196, 194, 193, 384, 193, 193, 193, 193, 193, 193, 193, 193, 387, 193, 193, 193, )

time 0 = 3050 us

loop counter = (741, 741, 370, 370, 741, 370, 373, 371, 370, 738, 370, 370, 370, 370, 370, 370, 370, 370, 741, 370, 370, 370, )

time 0 = 7349 us

loop counter = (417, 417, 208, 208, 417, 208, 211, 209, 208, 414, 208, 208, 208, 208, 208, 208, 208, 208, 417, 208, 208, 208, )

time 0 = 3285 us

loop counter = (725, 725, 362, 362, 725, 362, 365, 363, 362, 722, 362, 362, 362, 362, 362, 362, 362, 362, 725, 362, 362, 362, )

time 0 = 7723 us

loop counter = (205, 205, 102, 102, 205, 102, 105, 103, 102, 202, 102, 102, 102, 102, 102, 102, 102, 102, 205, 102, 102, 102, )

time 0 = 1156 us

loop counter = (403, 403, 201, 201, 403, 201, 204, 202, 201, 400, 201, 201, 201, 201, 201, 201, 201, 201, 403, 201, 201, 201, )

time 0 = 2338 us

loop counter = (751, 751, 375, 375, 751, 375, 378, 376, 375, 748, 375, 375, 375, 375, 375, 375, 375, 375, 751, 375, 375, 375, )

time 0 = 8070 us

loop counter = (901, 901, 450, 450, 901, 450, 453, 451, 450, 898, 450, 450, 450, 450, 450, 450, 450, 450, 901, 450, 450, 450, )

time 0 = 11317 us

loop counter = (173, 173, 86, 86, 173, 86, 89, 87, 86, 170, 86, 86, 86, 86, 86, 86, 86, 86, 173, 86, 86, 86, )

time 0 = 1020 us

loop counter = (911, 911, 455, 455, 911, 455, 458, 456, 455, 908, 455, 455, 455, 455, 455, 455, 455, 455, 911, 455, 455, 455, )

time 0 = 11804 us

loop counter = (299, 299, 149, 149, 299, 149, 152, 150, 149, 296, 149, 149, 149, 149, 149, 149, 149, 149, 299, 149, 149, 149, )

time 0 = 2094 us

loop counter = (905, 905, 452, 452, 905, 452, 455, 453, 452, 902, 452, 452, 452, 452, 452, 452, 452, 452, 905, 452, 452, 452, )

time 0 = 11874 us

loop counter = (893, 893, 446, 446, 893, 446, 449, 447, 446, 890, 446, 446, 446, 446, 446, 446, 446, 446, 893, 446, 446, 446, )

time 0 = 12273 us

loop counter = (727, 727, 363, 363, 727, 363, 366, 364, 363, 724, 363, 363, 363, 363, 363, 363, 363, 363, 727, 363, 363, 363, )

time 0 = 9149 us

loop counter = (391, 391, 195, 195, 391, 195, 198, 196, 195, 388, 195, 195, 195, 195, 195, 195, 195, 195, 391, 195, 195, 195, )

time 0 = 3474 us

loop counter = (699, 699, 349, 349, 699, 349, 352, 350, 349, 696, 349, 349, 349, 349, 349, 349, 349, 349, 699, 349, 349, 349, )

time 0 = 7313 us

loop counter = (223, 223, 111, 111, 223, 111, 114, 112, 111, 220, 111, 111, 111, 111, 111, 111, 111, 111, 223, 111, 111, 111, )

time 0 = 1434 us

loop counter = (225, 225, 112, 112, 225, 112, 115, 113, 112, 222, 112, 112, 112, 112, 112, 112, 112, 112, 225, 112, 112, 112, )

time 0 = 1520 us

loop counter = (561, 561, 280, 280, 561, 280, 283, 281, 280, 558, 280, 280, 280, 280, 280, 280, 280, 280, 561, 280, 280, 280, )

time 0 = 5285 us

loop counter = (929, 929, 464, 464, 929, 464, 467, 465, 464, 926, 464, 464, 464, 464, 464, 464, 464, 464, 929, 464, 464, 464, )

time 0 = 13049 us

loop counter = (939, 939, 469, 469, 939, 469, 472, 470, 469, 936, 469, 469, 469, 469, 469, 469, 469, 469, 939, 469, 469, 469, )

time 0 = 13793 us

loop counter = (749, 749, 374, 374, 749, 374, 377, 375, 374, 746, 374, 374, 374, 374, 374, 374, 374, 374, 749, 374, 374, 374, )

time 0 = 9268 us

loop counter = (613, 613, 306, 306, 613, 306, 309, 307, 306, 610, 306, 306, 306, 306, 306, 306, 306, 306, 613, 306, 306, 306, )

time 0 = 6394 us

loop counter = (235, 235, 117, 117, 235, 117, 120, 118, 117, 232, 117, 117, 117, 117, 117, 117, 117, 117, 235, 117, 117, 117, )

time 0 = 1848 us

loop counter = (387, 387, 193, 193, 387, 193, 196, 194, 193, 384, 193, 193, 193, 193, 193, 193, 193, 193, 387, 193, 193, 193, )

time 0 = 3335 us

loop counter = (711, 711, 355, 355, 711, 355, 358, 356, 355, 708, 355, 355, 355, 355, 355, 355, 355, 355, 711, 355, 355, 355, )

time 0 = 8035 us

loop counter = (779, 779, 389, 389, 779, 389, 392, 390, 389, 776, 389, 389, 389, 389, 389, 389, 389, 389, 779, 389, 389, 389, )

time 0 = 9597 us

loop counter = (819, 819, 409, 409, 819, 409, 412, 410, 409, 816, 409, 409, 409, 409, 409, 409, 409, 409, 819, 409, 409, 409, )

time 0 = 11429 us

loop counter = (505, 505, 252, 252, 505, 252, 255, 253, 252, 502, 252, 252, 252, 252, 252, 252, 252, 252, 505, 252, 252, 252, )

time 0 = 3785 us

loop counter = (461, 461, 230, 230, 461, 230, 233, 231, 230, 458, 230, 230, 230, 230, 230, 230, 230, 230, 461, 230, 230, 230, )

time 0 = 3964 us

loop counter = (903, 903, 451, 451, 903, 451, 454, 452, 451, 900, 451, 451, 451, 451, 451, 451, 451, 451, 903, 451, 451, 451, )

time 0 = 13083 us

loop counter = (759, 759, 379, 379, 759, 379, 382, 380, 379, 756, 379, 379, 379, 379, 379, 379, 379, 379, 759, 379, 379, 379, )

time 0 = 8995 us

loop counter = (777, 777, 388, 388, 777, 388, 391, 389, 388, 774, 388, 388, 388, 388, 388, 388, 388, 388, 777, 388, 388, 388, )

time 0 = 8836 us

loop counter = (861, 861, 430, 430, 861, 430, 433, 431, 430, 858, 430, 430, 430, 430, 430, 430, 430, 430, 861, 430, 430, 430, )

time 0 = 11080 us

loop counter = (807, 807, 403, 403, 807, 403, 406, 404, 403, 804, 403, 403, 403, 403, 403, 403, 403, 403, 807, 403, 403, 403, )

time 0 = 11366 us

loop counter = (533, 533, 266, 266, 533, 266, 269, 267, 266, 530, 266, 266, 266, 266, 266, 266, 266, 266, 533, 266, 266, 266, )

time 0 = 4824 us

loop counter = (553, 553, 276, 276, 553, 276, 279, 277, 276, 550, 276, 276, 276, 276, 276, 276, 276, 276, 553, 276, 276, 276, )

time 0 = 5378 us

loop counter = (369, 369, 184, 184, 369, 184, 187, 185, 184, 366, 184, 184, 184, 184, 184, 184, 184, 184, 369, 184, 184, 184, )

time 0 = 2369 us

loop counter = (205, 205, 102, 102, 205, 102, 105, 103, 102, 202, 102, 102, 102, 102, 102, 102, 102, 102, 205, 102, 102, 102, )

time 0 = 1144 us

loop counter = (827, 827, 413, 413, 827, 413, 416, 414, 413, 824, 413, 413, 413, 413, 413, 413, 413, 413, 827, 413, 413, 413, )

time 0 = 10311 us

loop counter = (653, 653, 326, 326, 653, 326, 329, 327, 326, 650, 326, 326, 326, 326, 326, 326, 326, 326, 653, 326, 326, 326, )

time 0 = 7026 us

loop counter = (723, 723, 361, 361, 723, 361, 364, 362, 361, 720, 361, 361, 361, 361, 361, 361, 361, 361, 723, 361, 361, 361, )

time 0 = 8016 us

loop counter = (225, 225, 112, 112, 225, 112, 115, 113, 112, 222, 112, 112, 112, 112, 112, 112, 112, 112, 225, 112, 112, 112, )

time 0 = 1447 us

loop counter = (753, 753, 376, 376, 753, 376, 379, 377, 376, 750, 376, 376, 376, 376, 376, 376, 376, 376, 753, 376, 376, 376, )

time 0 = 8767 us

loop counter = (567, 567, 283, 283, 567, 283, 286, 284, 283, 564, 283, 283, 283, 283, 283, 283, 283, 283, 567, 283, 283, 283, )

time 0 = 5533 us

loop counter = (515, 515, 257, 257, 515, 257, 260, 258, 257, 512, 257, 257, 257, 257, 257, 257, 257, 257, 515, 257, 257, 257, )

time 0 = 3550 us

loop counter = (919, 919, 459, 459, 919, 459, 462, 460, 459, 916, 459, 459, 459, 459, 459, 459, 459, 459, 919, 459, 459, 459, )

time 0 = 13099 us

loop counter = (889, 889, 444, 444, 889, 444, 447, 445, 444, 886, 444, 444, 444, 444, 444, 444, 444, 444, 889, 444, 444, 444, )

time 0 = 27178 us

loop counter = (273, 273, 136, 136, 273, 136, 139, 137, 136, 270, 136, 136, 136, 136, 136, 136, 136, 136, 273, 136, 136, 136, )

time 0 = 1799 us

loop counter = (985, 985, 492, 492, 985, 492, 495, 493, 492, 982, 492, 492, 492, 492, 492, 492, 492, 492, 985, 492, 492, 492, )

time 0 = 14029 us

loop counter = (185, 185, 92, 92, 185, 92, 95, 93, 92, 182, 92, 92, 92, 92, 92, 92, 92, 92, 185, 92, 92, 92, )

time 0 = 1069 us

loop counter = (673, 673, 336, 336, 673, 336, 339, 337, 336, 670, 336, 336, 336, 336, 336, 336, 336, 336, 673, 336, 336, 336, )

time 0 = 7297 us

loop counter = (815, 815, 407, 407, 815, 407, 410, 408, 407, 812, 407, 407, 407, 407, 407, 407, 407, 407, 815, 407, 407, 407, )

time 0 = 11255 us

loop counter = (225, 225, 112, 112, 225, 112, 115, 113, 112, 222, 112, 112, 112, 112, 112, 112, 112, 112, 225, 112, 112, 112, )

time 0 = 1451 us

loop counter = (831, 831, 415, 415, 831, 415, 418, 416, 415, 828, 415, 415, 415, 415, 415, 415, 415, 415, 831, 415, 415, 415, )

time 0 = 10434 us

loop counter = (965, 965, 482, 482, 965, 482, 485, 483, 482, 962, 482, 482, 482, 482, 482, 482, 482, 482, 965, 482, 482, 482, )

time 0 = 13327 us

loop counter = (869, 869, 434, 434, 869, 434, 437, 435, 434, 866, 434, 434, 434, 434, 434, 434, 434, 434, 869, 434, 434, 434, )

time 0 = 12847 us

loop counter = (433, 433, 216, 216, 433, 216, 219, 217, 216, 430, 216, 216, 216, 216, 216, 216, 216, 216, 433, 216, 216, 216, )

time 0 = 3551 us

loop counter = (389, 389, 194, 194, 389, 194, 197, 195, 194, 386, 194, 194, 194, 194, 194, 194, 194, 194, 389, 194, 194, 194, )

time 0 = 2725 us

loop counter = (241, 241, 120, 120, 241, 120, 123, 121, 120, 238, 120, 120, 120, 120, 120, 120, 120, 120, 241, 120, 120, 120, )

time 0 = 1582 us

loop counter = (683, 683, 341, 341, 683, 341, 344, 342, 341, 680, 341, 341, 341, 341, 341, 341, 341, 341, 683, 341, 341, 341, )

time 0 = 10050 us

loop counter = (911, 911, 455, 455, 911, 455, 458, 456, 455, 908, 455, 455, 455, 455, 455, 455, 455, 455, 911, 455, 455, 455, )

time 0 = 18564 us

loop counter = (357, 357, 178, 178, 357, 178, 181, 179, 178, 354, 178, 178, 178, 178, 178, 178, 178, 178, 357, 178, 178, 178, )

time 0 = 3077 us

loop counter = (655, 655, 327, 327, 655, 327, 330, 328, 327, 652, 327, 327, 327, 327, 327, 327, 327, 327, 655, 327, 327, 327, )

time 0 = 7405 us

loop counter = (327, 327, 163, 163, 327, 163, 166, 164, 163, 324, 163, 163, 163, 163, 163, 163, 163, 163, 327, 163, 163, 163, )

time 0 = 2228 us

loop counter = (799, 799, 399, 399, 799, 399, 402, 400, 399, 796, 399, 399, 399, 399, 399, 399, 399, 399, 799, 399, 399, 399, )

time 0 = 9069 us

loop counter = (427, 427, 213, 213, 427, 213, 216, 214, 213, 424, 213, 213, 213, 213, 213, 213, 213, 213, 427, 213, 213, 213, )

time 0 = 3905 us

loop counter = (633, 633, 316, 316, 633, 316, 319, 317, 316, 630, 316, 316, 316, 316, 316, 316, 316, 316, 633, 316, 316, 316, )

time 0 = 7226 us

loop counter = (605, 605, 302, 302, 605, 302, 305, 303, 302, 602, 302, 302, 302, 302, 302, 302, 302, 302, 605, 302, 302, 302, )

time 0 = 7093 us

loop counter = (287, 287, 143, 143, 287, 143, 146, 144, 143, 284, 143, 143, 143, 143, 143, 143, 143, 143, 287, 143, 143, 143, )

time 0 = 1938 us

loop counter = (791, 791, 395, 395, 791, 395, 398, 396, 395, 788, 395, 395, 395, 395, 395, 395, 395, 395, 791, 395, 395, 395, )

time 0 = 9296 us

loop counter = (285, 285, 142, 142, 285, 142, 145, 143, 142, 282, 142, 142, 142, 142, 142, 142, 142, 142, 285, 142, 142, 142, )

time 0 = 2209 us

loop counter = (845, 845, 422, 422, 845, 422, 425, 423, 422, 842, 422, 422, 422, 422, 422, 422, 422, 422, 845, 422, 422, 422, )

time 0 = 9785 us

loop counter = (743, 743, 371, 371, 743, 371, 374, 372, 371, 740, 371, 371, 371, 371, 371, 371, 371, 371, 743, 371, 371, 371, )

time 0 = 9080 us

loop counter = (445, 445, 222, 222, 445, 222, 225, 223, 222, 442, 222, 222, 222, 222, 222, 222, 222, 222, 445, 222, 222, 222, )

time 0 = 4199 us

loop counter = (971, 971, 485, 485, 971, 485, 488, 486, 485, 968, 485, 485, 485, 485, 485, 485, 485, 485, 971, 485, 485, 485, )

time 0 = 12820 us

loop counter = (613, 613, 306, 306, 613, 306, 309, 307, 306, 610, 306, 306, 306, 306, 306, 306, 306, 306, 613, 306, 306, 306, )

time 0 = 5997 us

loop counter = (751, 751, 375, 375, 751, 375, 378, 376, 375, 748, 375, 375, 375, 375, 375, 375, 375, 375, 751, 375, 375, 375, )

time 0 = 8699 us

loop counter = (249, 249, 124, 124, 249, 124, 127, 125, 124, 246, 124, 124, 124, 124, 124, 124, 124, 124, 249, 124, 124, 124, )

time 0 = 1833 us

loop counter = (749, 749, 374, 374, 749, 374, 377, 375, 374, 746, 374, 374, 374, 374, 374, 374, 374, 374, 749, 374, 374, 374, )

time 0 = 7944 us

loop counter = (601, 601, 300, 300, 601, 300, 303, 301, 300, 598, 300, 300, 300, 300, 300, 300, 300, 300, 601, 300, 300, 300, )

time 0 = 5494 us

loop counter = (501, 501, 250, 250, 501, 250, 253, 251, 250, 498, 250, 250, 250, 250, 250, 250, 250, 250, 501, 250, 250, 250, )

time 0 = 5880 us

loop counter = (421, 421, 210, 210, 421, 210, 213, 211, 210, 418, 210, 210, 210, 210, 210, 210, 210, 210, 421, 210, 210, 210, )

time 0 = 3490 us

loop counter = (351, 351, 175, 175, 351, 175, 178, 176, 175, 348, 175, 175, 175, 175, 175, 175, 175, 175, 351, 175, 175, 175, )

time 0 = 3240 us

loop counter = (913, 913, 456, 456, 913, 456, 459, 457, 456, 910, 456, 456, 456, 456, 456, 456, 456, 456, 913, 456, 456, 456, )

time 0 = 12213 us

loop counter = (405, 405, 202, 202, 405, 202, 205, 203, 202, 402, 202, 202, 202, 202, 202, 202, 202, 202, 405, 202, 202, 202, )

time 0 = 2781 us

loop counter = (557, 557, 278, 278, 557, 278, 281, 279, 278, 554, 278, 278, 278, 278, 278, 278, 278, 278, 557, 278, 278, 278, )

time 0 = 4916 us

loop counter = (877, 877, 438, 438, 877, 438, 441, 439, 438, 874, 438, 438, 438, 438, 438, 438, 438, 438, 877, 438, 438, 438, )

time 0 = 12632 us

loop counter = (475, 475, 237, 237, 475, 237, 240, 238, 237, 472, 237, 237, 237, 237, 237, 237, 237, 237, 475, 237, 237, 237, )

time 0 = 3959 us

loop counter = (263, 263, 131, 131, 263, 131, 134, 132, 131, 260, 131, 131, 131, 131, 131, 131, 131, 131, 263, 131, 131, 131, )

time 0 = 1841 us

loop counter = (729, 729, 364, 364, 729, 364, 367, 365, 364, 726, 364, 364, 364, 364, 364, 364, 364, 364, 729, 364, 364, 364, )

time 0 = 8559 us

loop counter = (383, 383, 191, 191, 383, 191, 194, 192, 191, 380, 191, 191, 191, 191, 191, 191, 191, 191, 383, 191, 191, 191, )

time 0 = 2703 us

loop counter = (759, 759, 379, 379, 759, 379, 382, 380, 379, 756, 379, 379, 379, 379, 379, 379, 379, 379, 759, 379, 379, 379, )

time 0 = 8474 us

loop counter = (299, 299, 149, 149, 299, 149, 152, 150, 149, 296, 149, 149, 149, 149, 149, 149, 149, 149, 299, 149, 149, 149, )

time 0 = 1581 us

loop counter = (853, 853, 426, 426, 853, 426, 429, 427, 426, 850, 426, 426, 426, 426, 426, 426, 426, 426, 853, 426, 426, 426, )

time 0 = 12018 us

loop counter = (379, 379, 189, 189, 379, 189, 192, 190, 189, 376, 189, 189, 189, 189, 189, 189, 189, 189, 379, 189, 189, 189, )

time 0 = 2635 us

loop counter = (479, 479, 239, 239, 479, 239, 242, 240, 239, 476, 239, 239, 239, 239, 239, 239, 239, 239, 479, 239, 239, 239, )

time 0 = 3843 us

loop counter = (387, 387, 193, 193, 387, 193, 196, 194, 193, 384, 193, 193, 193, 193, 193, 193, 193, 193, 387, 193, 193, 193, )

time 0 = 2997 us

loop counter = (389, 389, 194, 194, 389, 194, 197, 195, 194, 386, 194, 194, 194, 194, 194, 194, 194, 194, 389, 194, 194, 194, )

time 0 = 3077 us

loop counter = (295, 295, 147, 147, 295, 147, 150, 148, 147, 292, 147, 147, 147, 147, 147, 147, 147, 147, 295, 147, 147, 147, )

time 0 = 1959 us

loop counter = (761, 761, 380, 380, 761, 380, 383, 381, 380, 758, 380, 380, 380, 380, 380, 380, 380, 380, 761, 380, 380, 380, )

time 0 = 7907 us

loop counter = (389, 389, 194, 194, 389, 194, 197, 195, 194, 386, 194, 194, 194, 194, 194, 194, 194, 194, 389, 194, 194, 194, )

time 0 = 3001 us

loop counter = (575, 575, 287, 287, 575, 287, 290, 288, 287, 572, 287, 287, 287, 287, 287, 287, 287, 287, 575, 287, 287, 287, )

time 0 = 5274 us

loop counter = (783, 783, 391, 391, 783, 391, 394, 392, 391, 780, 391, 391, 391, 391, 391, 391, 391, 391, 783, 391, 391, 391, )

time 0 = 9623 us

loop counter = (781, 781, 390, 390, 781, 390, 393, 391, 390, 778, 390, 390, 390, 390, 390, 390, 390, 390, 781, 390, 390, 390, )

time 0 = 9495 us

loop counter = (811, 811, 405, 405, 811, 405, 408, 406, 405, 808, 405, 405, 405, 405, 405, 405, 405, 405, 811, 405, 405, 405, )

time 0 = 10150 us

loop counter = (243, 243, 121, 121, 243, 121, 124, 122, 121, 240, 121, 121, 121, 121, 121, 121, 121, 121, 243, 121, 121, 121, )

time 0 = 1593 us

loop counter = (725, 725, 362, 362, 725, 362, 365, 363, 362, 722, 362, 362, 362, 362, 362, 362, 362, 362, 725, 362, 362, 362, )

time 0 = 17002 us

loop counter = (721, 721, 360, 360, 721, 360, 363, 361, 360, 718, 360, 360, 360, 360, 360, 360, 360, 360, 721, 360, 360, 360, )

time 0 = 7651 us

loop counter = (829, 829, 414, 414, 829, 414, 417, 415, 414, 826, 414, 414, 414, 414, 414, 414, 414, 414, 829, 414, 414, 414, )

time 0 = 10837 us

loop counter = (525, 525, 262, 262, 525, 262, 265, 263, 262, 522, 262, 262, 262, 262, 262, 262, 262, 262, 525, 262, 262, 262, )

time 0 = 4532 us

loop counter = (651, 651, 325, 325, 651, 325, 328, 326, 325, 648, 325, 325, 325, 325, 325, 325, 325, 325, 651, 325, 325, 325, )

time 0 = 5843 us

loop counter = (465, 465, 232, 232, 465, 232, 235, 233, 232, 462, 232, 232, 232, 232, 232, 232, 232, 232, 465, 232, 232, 232, )

time 0 = 4668 us

loop counter = (305, 305, 152, 152, 305, 152, 155, 153, 152, 302, 152, 152, 152, 152, 152, 152, 152, 152, 305, 152, 152, 152, )

time 0 = 2035 us

loop counter = (977, 977, 488, 488, 977, 488, 491, 489, 488, 974, 488, 488, 488, 488, 488, 488, 488, 488, 977, 488, 488, 488, )

time 0 = 14136 us

loop counter = (569, 569, 284, 284, 569, 284, 287, 285, 284, 566, 284, 284, 284, 284, 284, 284, 284, 284, 569, 284, 284, 284, )

time 0 = 5232 us

loop counter = (915, 915, 457, 457, 915, 457, 460, 458, 457, 912, 457, 457, 457, 457, 457, 457, 457, 457, 915, 457, 457, 457, )

time 0 = 11761 us

loop counter = (703, 703, 351, 351, 703, 351, 354, 352, 351, 700, 351, 351, 351, 351, 351, 351, 351, 351, 703, 351, 351, 351, )

time 0 = 7638 us

loop counter = (901, 901, 450, 450, 901, 450, 453, 451, 450, 898, 450, 450, 450, 450, 450, 450, 450, 450, 901, 450, 450, 450, )

time 0 = 11866 us

loop counter = (585, 585, 292, 292, 585, 292, 295, 293, 292, 582, 292, 292, 292, 292, 292, 292, 292, 292, 585, 292, 292, 292, )

time 0 = 4764 us

loop counter = (833, 833, 416, 416, 833, 416, 419, 417, 416, 830, 416, 416, 416, 416, 416, 416, 416, 416, 833, 416, 416, 416, )

time 0 = 11133 us

loop counter = (851, 851, 425, 425, 851, 425, 428, 426, 425, 848, 425, 425, 425, 425, 425, 425, 425, 425, 851, 425, 425, 425, )

time 0 = 10824 us

loop counter = (209, 209, 104, 104, 209, 104, 107, 105, 104, 206, 104, 104, 104, 104, 104, 104, 104, 104, 209, 104, 104, 104, )

time 0 = 2313 us

loop counter = (857, 857, 428, 428, 857, 428, 431, 429, 428, 854, 428, 428, 428, 428, 428, 428, 428, 428, 857, 428, 428, 428, )

time 0 = 10350 us

loop counter = (923, 923, 461, 461, 923, 461, 464, 462, 461, 920, 461, 461, 461, 461, 461, 461, 461, 461, 923, 461, 461, 461, )

time 0 = 12235 us

loop counter = (767, 767, 383, 383, 767, 383, 386, 384, 383, 764, 383, 383, 383, 383, 383, 383, 383, 383, 767, 383, 383, 383, )

time 0 = 10157 us

loop counter = (807, 807, 403, 403, 807, 403, 406, 404, 403, 804, 403, 403, 403, 403, 403, 403, 403, 403, 807, 403, 403, 403, )

time 0 = 10724 us

loop counter = (567, 567, 283, 283, 567, 283, 286, 284, 283, 564, 283, 283, 283, 283, 283, 283, 283, 283, 567, 283, 283, 283, )

time 0 = 5045 us

loop counter = (803, 803, 401, 401, 803, 401, 404, 402, 401, 800, 401, 401, 401, 401, 401, 401, 401, 401, 803, 401, 401, 401, )

time 0 = 9924 us

loop counter = (371, 371, 185, 185, 371, 185, 188, 186, 185, 368, 185, 185, 185, 185, 185, 185, 185, 185, 371, 185, 185, 185, )

time 0 = 2850 us

loop counter = (665, 665, 332, 332, 665, 332, 335, 333, 332, 662, 332, 332, 332, 332, 332, 332, 332, 332, 665, 332, 332, 332, )

time 0 = 6240 us

loop counter = (343, 343, 171, 171, 343, 171, 174, 172, 171, 340, 171, 171, 171, 171, 171, 171, 171, 171, 343, 171, 171, 171, )

time 0 = 2621 us

loop counter = (785, 785, 392, 392, 785, 392, 395, 393, 392, 782, 392, 392, 392, 392, 392, 392, 392, 392, 785, 392, 392, 392, )

time 0 = 9019 us

loop counter = (737, 737, 368, 368, 737, 368, 371, 369, 368, 734, 368, 368, 368, 368, 368, 368, 368, 368, 737, 368, 368, 368, )

time 0 = 8386 us

loop counter = (765, 765, 382, 382, 765, 382, 385, 383, 382, 762, 382, 382, 382, 382, 382, 382, 382, 382, 765, 382, 382, 382, )

time 0 = 8431 us

loop counter = (375, 375, 187, 187, 375, 187, 190, 188, 187, 372, 187, 187, 187, 187, 187, 187, 187, 187, 375, 187, 187, 187, )

time 0 = 2380 us

loop counter = (785, 785, 392, 392, 785, 392, 395, 393, 392, 782, 392, 392, 392, 392, 392, 392, 392, 392, 785, 392, 392, 392, )

time 0 = 9909 us

loop counter = (543, 543, 271, 271, 543, 271, 274, 272, 271, 540, 271, 271, 271, 271, 271, 271, 271, 271, 543, 271, 271, 271, )

time 0 = 6228 us

loop counter = (173, 173, 86, 86, 173, 86, 89, 87, 86, 170, 86, 86, 86, 86, 86, 86, 86, 86, 173, 86, 86, 86, )

time 0 = 1041 us

loop counter = (751, 751, 375, 375, 751, 375, 378, 376, 375, 748, 375, 375, 375, 375, 375, 375, 375, 375, 751, 375, 375, 375, )

time 0 = 11773 us

loop counter = (311, 311, 155, 155, 311, 155, 158, 156, 155, 308, 155, 155, 155, 155, 155, 155, 155, 155, 311, 155, 155, 155, )

time 0 = 1978 us

loop counter = (645, 645, 322, 322, 645, 322, 325, 323, 322, 642, 322, 322, 322, 322, 322, 322, 322, 322, 645, 322, 322, 322, )

time 0 = 6491 us

loop counter = (763, 763, 381, 381, 763, 381, 384, 382, 381, 760, 381, 381, 381, 381, 381, 381, 381, 381, 763, 381, 381, 381, )

time 0 = 10582 us

loop counter = (363, 363, 181, 181, 363, 181, 184, 182, 181, 360, 181, 181, 181, 181, 181, 181, 181, 181, 363, 181, 181, 181, )

time 0 = 3045 us

loop counter = (863, 863, 431, 431, 863, 431, 434, 432, 431, 860, 431, 431, 431, 431, 431, 431, 431, 431, 863, 431, 431, 431, )

time 0 = 14342 us

loop counter = (385, 385, 192, 192, 385, 192, 195, 193, 192, 382, 192, 192, 192, 192, 192, 192, 192, 192, 385, 192, 192, 192, )

time 0 = 2837 us

loop counter = (863, 863, 431, 431, 863, 431, 434, 432, 431, 860, 431, 431, 431, 431, 431, 431, 431, 431, 863, 431, 431, 431, )

time 0 = 12290 us

loop counter = (539, 539, 269, 269, 539, 269, 272, 270, 269, 536, 269, 269, 269, 269, 269, 269, 269, 269, 539, 269, 269, 269, )

time 0 = 5447 us

loop counter = (211, 211, 105, 105, 211, 105, 108, 106, 105, 208, 105, 105, 105, 105, 105, 105, 105, 105, 211, 105, 105, 105, )

time 0 = 1334 us

loop counter = (975, 975, 487, 487, 975, 487, 490, 488, 487, 972, 487, 487, 487, 487, 487, 487, 487, 487, 975, 487, 487, 487, )

time 0 = 13912 us

loop counter = (405, 405, 202, 202, 405, 202, 205, 203, 202, 402, 202, 202, 202, 202, 202, 202, 202, 202, 405, 202, 202, 202, )

time 0 = 3048 us

loop counter = (853, 853, 426, 426, 853, 426, 429, 427, 426, 850, 426, 426, 426, 426, 426, 426, 426, 426, 853, 426, 426, 426, )

time 0 = 10752 us

loop counter = (223, 223, 111, 111, 223, 111, 114, 112, 111, 220, 111, 111, 111, 111, 111, 111, 111, 111, 223, 111, 111, 111, )

time 0 = 1298 us

loop counter = (649, 649, 324, 324, 649, 324, 327, 325, 324, 646, 324, 324, 324, 324, 324, 324, 324, 324, 649, 324, 324, 324, )

time 0 = 9558 us

loop counter = (821, 821, 410, 410, 821, 410, 413, 411, 410, 818, 410, 410, 410, 410, 410, 410, 410, 410, 821, 410, 410, 410, )

time 0 = 9797 us

loop counter = (815, 815, 407, 407, 815, 407, 410, 408, 407, 812, 407, 407, 407, 407, 407, 407, 407, 407, 815, 407, 407, 407, )

time 0 = 10575 us

loop counter = (225, 225, 112, 112, 225, 112, 115, 113, 112, 222, 112, 112, 112, 112, 112, 112, 112, 112, 225, 112, 112, 112, )

time 0 = 1511 us

loop counter = (913, 913, 456, 456, 913, 456, 459, 457, 456, 910, 456, 456, 456, 456, 456, 456, 456, 456, 913, 456, 456, 456, )

time 0 = 12207 us

loop counter = (651, 651, 325, 325, 651, 325, 328, 326, 325, 648, 325, 325, 325, 325, 325, 325, 325, 325, 651, 325, 325, 325, )

time 0 = 6545 us

loop counter = (643, 643, 321, 321, 643, 321, 324, 322, 321, 640, 321, 321, 321, 321, 321, 321, 321, 321, 643, 321, 321, 321, )

time 0 = 6304 us

loop counter = (223, 223, 111, 111, 223, 111, 114, 112, 111, 220, 111, 111, 111, 111, 111, 111, 111, 111, 223, 111, 111, 111, )

time 0 = 1292 us

loop counter = (617, 617, 308, 308, 617, 308, 311, 309, 308, 614, 308, 308, 308, 308, 308, 308, 308, 308, 617, 308, 308, 308, )

time 0 = 7616 us

loop counter = (1005, 1005, 502, 502, 1005, 502, 505, 503, 502, 1002, 502, 502, 502, 502, 502, 502, 502, 502, 1005, 502, 502, 502, )

time 0 = 15072 us

loop counter = (283, 283, 141, 141, 283, 141, 144, 142, 141, 280, 141, 141, 141, 141, 141, 141, 141, 141, 283, 141, 141, 141, )

time 0 = 1999 us

loop counter = (257, 257, 128, 128, 257, 128, 131, 129, 128, 254, 128, 128, 128, 128, 128, 128, 128, 128, 257, 128, 128, 128, )

time 0 = 1419 us

loop counter = (807, 807, 403, 403, 807, 403, 406, 404, 403, 804, 403, 403, 403, 403, 403, 403, 403, 403, 807, 403, 403, 403, )

time 0 = 11133 us

loop counter = (451, 451, 225, 225, 451, 225, 228, 226, 225, 448, 225, 225, 225, 225, 225, 225, 225, 225, 451, 225, 225, 225, )

time 0 = 3814 us

loop counter = (951, 951, 475, 475, 951, 475, 478, 476, 475, 948, 475, 475, 475, 475, 475, 475, 475, 475, 951, 475, 475, 475, )

time 0 = 12634 us

loop counter = (789, 789, 394, 394, 789, 394, 397, 395, 394, 786, 394, 394, 394, 394, 394, 394, 394, 394, 789, 394, 394, 394, )

time 0 = 9666 us

loop counter = (841, 841, 420, 420, 841, 420, 423, 421, 420, 838, 420, 420, 420, 420, 420, 420, 420, 420, 841, 420, 420, 420, )

time 0 = 11112 us

loop counter = (201, 201, 100, 100, 201, 100, 103, 101, 100, 198, 100, 100, 100, 100, 100, 100, 100, 100, 201, 100, 100, 100, )

time 0 = 1136 us

loop counter = (211, 211, 105, 105, 211, 105, 108, 106, 105, 208, 105, 105, 105, 105, 105, 105, 105, 105, 211, 105, 105, 105, )

time 0 = 1329 us

loop counter = (387, 387, 193, 193, 387, 193, 196, 194, 193, 384, 193, 193, 193, 193, 193, 193, 193, 193, 387, 193, 193, 193, )

time 0 = 3278 us

loop counter = (633, 633, 316, 316, 633, 316, 319, 317, 316, 630, 316, 316, 316, 316, 316, 316, 316, 316, 633, 316, 316, 316, )

time 0 = 6483 us

loop counter = (357, 357, 178, 178, 357, 178, 181, 179, 178, 354, 178, 178, 178, 178, 178, 178, 178, 178, 357, 178, 178, 178, )

time 0 = 2532 us

loop counter = (609, 609, 304, 304, 609, 304, 307, 305, 304, 606, 304, 304, 304, 304, 304, 304, 304, 304, 609, 304, 304, 304, )

time 0 = 6919 us

loop counter = (173, 173, 86, 86, 173, 86, 89, 87, 86, 170, 86, 86, 86, 86, 86, 86, 86, 86, 173, 86, 86, 86, )

time 0 = 1011 us

loop counter = (293, 293, 146, 146, 293, 146, 149, 147, 146, 290, 146, 146, 146, 146, 146, 146, 146, 146, 293, 146, 146, 146, )

time 0 = 1795 us

loop counter = (711, 711, 355, 355, 711, 355, 358, 356, 355, 708, 355, 355, 355, 355, 355, 355, 355, 355, 711, 355, 355, 355, )

time 0 = 7768 us

loop counter = (851, 851, 425, 425, 851, 425, 428, 426, 425, 848, 425, 425, 425, 425, 425, 425, 425, 425, 851, 425, 425, 425, )

time 0 = 11175 us

loop counter = (873, 873, 436, 436, 873, 436, 439, 437, 436, 870, 436, 436, 436, 436, 436, 436, 436, 436, 873, 436, 436, 436, )

time 0 = 10460 us

loop counter = (223, 223, 111, 111, 223, 111, 114, 112, 111, 220, 111, 111, 111, 111, 111, 111, 111, 111, 223, 111, 111, 111, )

time 0 = 1357 us

loop counter = (395, 395, 197, 197, 395, 197, 200, 198, 197, 392, 197, 197, 197, 197, 197, 197, 197, 197, 395, 197, 197, 197, )

time 0 = 2916 us

loop counter = (847, 847, 423, 423, 847, 423, 426, 424, 423, 844, 423, 423, 423, 423, 423, 423, 423, 423, 847, 423, 423, 423, )

time 0 = 9969 us

loop counter = (209, 209, 104, 104, 209, 104, 107, 105, 104, 206, 104, 104, 104, 104, 104, 104, 104, 104, 209, 104, 104, 104, )

time 0 = 2408 us

loop counter = (849, 849, 424, 424, 849, 424, 427, 425, 424, 846, 424, 424, 424, 424, 424, 424, 424, 424, 849, 424, 424, 424, )

time 0 = 10455 us

loop counter = (903, 903, 451, 451, 903, 451, 454, 452, 451, 900, 451, 451, 451, 451, 451, 451, 451, 451, 903, 451, 451, 451, )

time 0 = 10930 us

loop counter = (747, 747, 373, 373, 747, 373, 376, 374, 373, 744, 373, 373, 373, 373, 373, 373, 373, 373, 747, 373, 373, 373, )

time 0 = 8068 us

loop counter = (249, 249, 124, 124, 249, 124, 127, 125, 124, 246, 124, 124, 124, 124, 124, 124, 124, 124, 249, 124, 124, 124, )

time 0 = 1711 us

loop counter = (223, 223, 111, 111, 223, 111, 114, 112, 111, 220, 111, 111, 111, 111, 111, 111, 111, 111, 223, 111, 111, 111, )

time 0 = 1506 us

loop counter = (531, 531, 265, 265, 531, 265, 268, 266, 265, 528, 265, 265, 265, 265, 265, 265, 265, 265, 531, 265, 265, 265, )

time 0 = 5154 us

loop counter = (271, 271, 135, 135, 271, 135, 138, 136, 135, 268, 135, 135, 135, 135, 135, 135, 135, 135, 271, 135, 135, 135, )

time 0 = 2644 us

loop counter = (283, 283, 141, 141, 283, 141, 144, 142, 141, 280, 141, 141, 141, 141, 141, 141, 141, 141, 283, 141, 141, 141, )

time 0 = 1521 us

loop counter = (247, 247, 123, 123, 247, 123, 126, 124, 123, 244, 123, 123, 123, 123, 123, 123, 123, 123, 247, 123, 123, 123, )

time 0 = 1693 us

loop counter = (725, 725, 362, 362, 725, 362, 365, 363, 362, 722, 362, 362, 362, 362, 362, 362, 362, 362, 725, 362, 362, 362, )

time 0 = 8056 us

loop counter = (377, 377, 188, 188, 377, 188, 191, 189, 188, 374, 188, 188, 188, 188, 188, 188, 188, 188, 377, 188, 188, 188, )

time 0 = 2891 us

loop counter = (499, 499, 249, 249, 499, 249, 252, 250, 249, 496, 249, 249, 249, 249, 249, 249, 249, 249, 499, 249, 249, 249, )

time 0 = 3578 us

loop counter = (443, 443, 221, 221, 443, 221, 224, 222, 221, 440, 221, 221, 221, 221, 221, 221, 221, 221, 443, 221, 221, 221, )

time 0 = 3456 us

loop counter = (645, 645, 322, 322, 645, 322, 325, 323, 322, 642, 322, 322, 322, 322, 322, 322, 322, 322, 645, 322, 322, 322, )

time 0 = 7219 us

loop counter = (1001, 1001, 500, 500, 1001, 500, 503, 501, 500, 998, 500, 500, 500, 500, 500, 500, 500, 500, 1001, 500, 500, 500, )

time 0 = 16216 us

loop counter = (945, 945, 472, 472, 945, 472, 475, 473, 472, 942, 472, 472, 472, 472, 472, 472, 472, 472, 945, 472, 472, 472, )

time 0 = 12643 us

loop counter = (453, 453, 226, 226, 453, 226, 229, 227, 226, 450, 226, 226, 226, 226, 226, 226, 226, 226, 453, 226, 226, 226, )

time 0 = 3921 us

loop counter = (657, 657, 328, 328, 657, 328, 331, 329, 328, 654, 328, 328, 328, 328, 328, 328, 328, 328, 657, 328, 328, 328, )

time 0 = 7380 us

loop counter = (551, 551, 275, 275, 551, 275, 278, 276, 275, 548, 275, 275, 275, 275, 275, 275, 275, 275, 551, 275, 275, 275, )

time 0 = 5195 us

loop counter = (423, 423, 211, 211, 423, 211, 214, 212, 211, 420, 211, 211, 211, 211, 211, 211, 211, 211, 423, 211, 211, 211, )

time 0 = 3648 us

loop counter = (205, 205, 102, 102, 205, 102, 105, 103, 102, 202, 102, 102, 102, 102, 102, 102, 102, 102, 205, 102, 102, 102, )

time 0 = 1149 us

loop counter = (977, 977, 488, 488, 977, 488, 491, 489, 488, 974, 488, 488, 488, 488, 488, 488, 488, 488, 977, 488, 488, 488, )

time 0 = 13377 us

loop counter = (595, 595, 297, 297, 595, 297, 300, 298, 297, 592, 297, 297, 297, 297, 297, 297, 297, 297, 595, 297, 297, 297, )

time 0 = 6218 us

loop counter = (1003, 1003, 501, 501, 1003, 501, 504, 502, 501, 1000, 501, 501, 501, 501, 501, 501, 501, 501, 1003, 501, 501, 501, )

time 0 = 14405 us

loop counter = (287, 287, 143, 143, 287, 143, 146, 144, 143, 284, 143, 143, 143, 143, 143, 143, 143, 143, 287, 143, 143, 143, )

time 0 = 1930 us

loop counter = (855, 855, 427, 427, 855, 427, 430, 428, 427, 852, 427, 427, 427, 427, 427, 427, 427, 427, 855, 427, 427, 427, )

time 0 = 12490 us

loop counter = (687, 687, 343, 343, 687, 343, 346, 344, 343, 684, 343, 343, 343, 343, 343, 343, 343, 343, 687, 343, 343, 343, )

time 0 = 7123 us

loop counter = (253, 253, 126, 126, 253, 126, 129, 127, 126, 250, 126, 126, 126, 126, 126, 126, 126, 126, 253, 126, 126, 126, )

time 0 = 1413 us

loop counter = (593, 593, 296, 296, 593, 296, 299, 297, 296, 590, 296, 296, 296, 296, 296, 296, 296, 296, 593, 296, 296, 296, )

time 0 = 5005 us

loop counter = (557, 557, 278, 278, 557, 278, 281, 279, 278, 554, 278, 278, 278, 278, 278, 278, 278, 278, 557, 278, 278, 278, )

time 0 = 5006 us

loop counter = (781, 781, 390, 390, 781, 390, 393, 391, 390, 778, 390, 390, 390, 390, 390, 390, 390, 390, 781, 390, 390, 390, )

time 0 = 11078 us

loop counter = (915, 915, 457, 457, 915, 457, 460, 458, 457, 912, 457, 457, 457, 457, 457, 457, 457, 457, 915, 457, 457, 457, )

time 0 = 12180 us

loop counter = (687, 687, 343, 343, 687, 343, 346, 344, 343, 684, 343, 343, 343, 343, 343, 343, 343, 343, 687, 343, 343, 343, )

time 0 = 6317 us

loop counter = (669, 669, 334, 334, 669, 334, 337, 335, 334, 666, 334, 334, 334, 334, 334, 334, 334, 334, 669, 334, 334, 334, )

time 0 = 7624 us

loop counter = (621, 621, 310, 310, 621, 310, 313, 311, 310, 618, 310, 310, 310, 310, 310, 310, 310, 310, 621, 310, 310, 310, )

time 0 = 5715 us

loop counter = (573, 573, 286, 286, 573, 286, 289, 287, 286, 570, 286, 286, 286, 286, 286, 286, 286, 286, 573, 286, 286, 286, )

time 0 = 5291 us

loop counter = (793, 793, 396, 396, 793, 396, 399, 397, 396, 790, 396, 396, 396, 396, 396, 396, 396, 396, 793, 396, 396, 396, )

time 0 = 9801 us

loop counter = (723, 723, 361, 361, 723, 361, 364, 362, 361, 720, 361, 361, 361, 361, 361, 361, 361, 361, 723, 361, 361, 361, )

time 0 = 7845 us

loop counter = (539, 539, 269, 269, 539, 269, 272, 270, 269, 536, 269, 269, 269, 269, 269, 269, 269, 269, 539, 269, 269, 269, )

time 0 = 5104 us

loop counter = (503, 503, 251, 251, 503, 251, 254, 252, 251, 500, 251, 251, 251, 251, 251, 251, 251, 251, 503, 251, 251, 251, )

time 0 = 4180 us

loop counter = (647, 647, 323, 323, 647, 323, 326, 324, 323, 644, 323, 323, 323, 323, 323, 323, 323, 323, 647, 323, 323, 323, )

time 0 = 6683 us

loop counter = (847, 847, 423, 423, 847, 423, 426, 424, 423, 844, 423, 423, 423, 423, 423, 423, 423, 423, 847, 423, 423, 423, )

time 0 = 10832 us

loop counter = (223, 223, 111, 111, 223, 111, 114, 112, 111, 220, 111, 111, 111, 111, 111, 111, 111, 111, 223, 111, 111, 111, )

time 0 = 1404 us

loop counter = (455, 455, 227, 227, 455, 227, 230, 228, 227, 452, 227, 227, 227, 227, 227, 227, 227, 227, 455, 227, 227, 227, )

time 0 = 4160 us

loop counter = (389, 389, 194, 194, 389, 194, 197, 195, 194, 386, 194, 194, 194, 194, 194, 194, 194, 194, 389, 194, 194, 194, )

time 0 = 2923 us

loop counter = (417, 417, 208, 208, 417, 208, 211, 209, 208, 414, 208, 208, 208, 208, 208, 208, 208, 208, 417, 208, 208, 208, )

time 0 = 3623 us

loop counter = (963, 963, 481, 481, 963, 481, 484, 482, 481, 960, 481, 481, 481, 481, 481, 481, 481, 481, 963, 481, 481, 481, )

time 0 = 13392 us

loop counter = (537, 537, 268, 268, 537, 268, 271, 269, 268, 534, 268, 268, 268, 268, 268, 268, 268, 268, 537, 268, 268, 268, )

time 0 = 5183 us

loop counter = (339, 339, 169, 169, 339, 169, 172, 170, 169, 336, 169, 169, 169, 169, 169, 169, 169, 169, 339, 169, 169, 169, )

time 0 = 2479 us

loop counter = (973, 973, 486, 486, 973, 486, 489, 487, 486, 970, 486, 486, 486, 486, 486, 486, 486, 486, 973, 486, 486, 486, )

time 0 = 13259 us

loop counter = (283, 283, 141, 141, 283, 141, 144, 142, 141, 280, 141, 141, 141, 141, 141, 141, 141, 141, 283, 141, 141, 141, )

time 0 = 1976 us

loop counter = (839, 839, 419, 419, 839, 419, 422, 420, 419, 836, 419, 419, 419, 419, 419, 419, 419, 419, 839, 419, 419, 419, )

time 0 = 11046 us

loop counter = (211, 211, 105, 105, 211, 105, 108, 106, 105, 208, 105, 105, 105, 105, 105, 105, 105, 105, 211, 105, 105, 105, )

time 0 = 1309 us

loop counter = (389, 389, 194, 194, 389, 194, 197, 195, 194, 386, 194, 194, 194, 194, 194, 194, 194, 194, 389, 194, 194, 194, )

time 0 = 3045 us

loop counter = (567, 567, 283, 283, 567, 283, 286, 284, 283, 564, 283, 283, 283, 283, 283, 283, 283, 283, 567, 283, 283, 283, )

time 0 = 5961 us

loop counter = (859, 859, 429, 429, 859, 429, 432, 430, 429, 856, 429, 429, 429, 429, 429, 429, 429, 429, 859, 429, 429, 429, )

time 0 = 11577 us

loop counter = (201, 201, 100, 100, 201, 100, 103, 101, 100, 198, 100, 100, 100, 100, 100, 100, 100, 100, 201, 100, 100, 100, )

time 0 = 1140 us

loop counter = (223, 223, 111, 111, 223, 111, 114, 112, 111, 220, 111, 111, 111, 111, 111, 111, 111, 111, 223, 111, 111, 111, )

time 0 = 1288 us

loop counter = (607, 607, 303, 303, 607, 303, 306, 304, 303, 604, 303, 303, 303, 303, 303, 303, 303, 303, 607, 303, 303, 303, )

time 0 = 6339 us

loop counter = (1025, 1025, 512, 512, 1025, 512, 515, 513, 512, 1022, 512, 512, 512, 512, 512, 512, 512, 512, 1025, 512, 512, 512, )

time 0 = 14753 us

loop counter = (549, 549, 274, 274, 549, 274, 277, 275, 274, 546, 274, 274, 274, 274, 274, 274, 274, 274, 549, 274, 274, 274, )

time 0 = 4058 us

loop counter = (533, 533, 266, 266, 533, 266, 269, 267, 266, 530, 266, 266, 266, 266, 266, 266, 266, 266, 533, 266, 266, 266, )

time 0 = 4945 us

loop counter = (1015, 1015, 507, 507, 1015, 507, 510, 508, 507, 1012, 507, 507, 507, 507, 507, 507, 507, 507, 1015, 507, 507, 507, )

time 0 = 14808 us

loop counter = (377, 377, 188, 188, 377, 188, 191, 189, 188, 374, 188, 188, 188, 188, 188, 188, 188, 188, 377, 188, 188, 188, )

time 0 = 2453 us

loop counter = (485, 485, 242, 242, 485, 242, 245, 243, 242, 482, 242, 242, 242, 242, 242, 242, 242, 242, 485, 242, 242, 242, )

time 0 = 4113 us

loop counter = (977, 977, 488, 488, 977, 488, 491, 489, 488, 974, 488, 488, 488, 488, 488, 488, 488, 488, 977, 488, 488, 488, )

time 0 = 14110 us

loop counter = (211, 211, 105, 105, 211, 105, 108, 106, 105, 208, 105, 105, 105, 105, 105, 105, 105, 105, 211, 105, 105, 105, )

time 0 = 1462 us

loop counter = (861, 861, 430, 430, 861, 430, 433, 431, 430, 858, 430, 430, 430, 430, 430, 430, 430, 430, 861, 430, 430, 430, )

time 0 = 11156 us

loop counter = (541, 541, 270, 270, 541, 270, 273, 271, 270, 538, 270, 270, 270, 270, 270, 270, 270, 270, 541, 270, 270, 270, )

time 0 = 4558 us

loop counter = (297, 297, 148, 148, 297, 148, 151, 149, 148, 294, 148, 148, 148, 148, 148, 148, 148, 148, 297, 148, 148, 148, )

time 0 = 1965 us

loop counter = (517, 517, 258, 258, 517, 258, 261, 259, 258, 514, 258, 258, 258, 258, 258, 258, 258, 258, 517, 258, 258, 258, )

time 0 = 4566 us

loop counter = (495, 495, 247, 247, 495, 247, 250, 248, 247, 492, 247, 247, 247, 247, 247, 247, 247, 247, 495, 247, 247, 247, )

time 0 = 4353 us

loop counter = (311, 311, 155, 155, 311, 155, 158, 156, 155, 308, 155, 155, 155, 155, 155, 155, 155, 155, 311, 155, 155, 155, )

time 0 = 2223 us

loop counter = (637, 637, 318, 318, 637, 318, 321, 319, 318, 634, 318, 318, 318, 318, 318, 318, 318, 318, 637, 318, 318, 318, )

time 0 = 8502 us

loop counter = (655, 655, 327, 327, 655, 327, 330, 328, 327, 652, 327, 327, 327, 327, 327, 327, 327, 327, 655, 327, 327, 327, )

time 0 = 8261 us

loop counter = (611, 611, 305, 305, 611, 305, 308, 306, 305, 608, 305, 305, 305, 305, 305, 305, 305, 305, 611, 305, 305, 305, )

time 0 = 5745 us

loop counter = (719, 719, 359, 359, 719, 359, 362, 360, 359, 716, 359, 359, 359, 359, 359, 359, 359, 359, 719, 359, 359, 359, )

time 0 = 8027 us

loop counter = (347, 347, 173, 173, 347, 173, 176, 174, 173, 344, 173, 173, 173, 173, 173, 173, 173, 173, 347, 173, 173, 173, )

time 0 = 3303 us

loop counter = (613, 613, 306, 306, 613, 306, 309, 307, 306, 610, 306, 306, 306, 306, 306, 306, 306, 306, 613, 306, 306, 306, )

time 0 = 6813 us

loop counter = (359, 359, 179, 179, 359, 179, 182, 180, 179, 356, 179, 179, 179, 179, 179, 179, 179, 179, 359, 179, 179, 179, )

time 0 = 2567 us

loop counter = (407, 407, 203, 203, 407, 203, 206, 204, 203, 404, 203, 203, 203, 203, 203, 203, 203, 203, 407, 203, 203, 203, )

time 0 = 4058 us

loop counter = (243, 243, 121, 121, 243, 121, 124, 122, 121, 240, 121, 121, 121, 121, 121, 121, 121, 121, 243, 121, 121, 121, )

time 0 = 1605 us

loop counter = (295, 295, 147, 147, 295, 147, 150, 148, 147, 292, 147, 147, 147, 147, 147, 147, 147, 147, 295, 147, 147, 147, )

time 0 = 2012 us

loop counter = (209, 209, 104, 104, 209, 104, 107, 105, 104, 206, 104, 104, 104, 104, 104, 104, 104, 104, 209, 104, 104, 104, )

time 0 = 2467 us

loop counter = (905, 905, 452, 452, 905, 452, 455, 453, 452, 902, 452, 452, 452, 452, 452, 452, 452, 452, 905, 452, 452, 452, )

time 0 = 12493 us

loop counter = (563, 563, 281, 281, 563, 281, 284, 282, 281, 560, 281, 281, 281, 281, 281, 281, 281, 281, 563, 281, 281, 281, )

time 0 = 5716 us

loop counter = (613, 613, 306, 306, 613, 306, 309, 307, 306, 610, 306, 306, 306, 306, 306, 306, 306, 306, 613, 306, 306, 306, )

time 0 = 5688 us

loop counter = (591, 591, 295, 295, 591, 295, 298, 296, 295, 588, 295, 295, 295, 295, 295, 295, 295, 295, 591, 295, 295, 295, )

time 0 = 5548 us

loop counter = (477, 477, 238, 238, 477, 238, 241, 239, 238, 474, 238, 238, 238, 238, 238, 238, 238, 238, 477, 238, 238, 238, )

time 0 = 4220 us

loop counter = (623, 623, 311, 311, 623, 311, 314, 312, 311, 620, 311, 311, 311, 311, 311, 311, 311, 311, 623, 311, 311, 311, )

time 0 = 6611 us

loop counter = (297, 297, 148, 148, 297, 148, 151, 149, 148, 294, 148, 148, 148, 148, 148, 148, 148, 148, 297, 148, 148, 148, )

time 0 = 1966 us

loop counter = (995, 995, 497, 497, 995, 497, 500, 498, 497, 992, 497, 497, 497, 497, 497, 497, 497, 497, 995, 497, 497, 497, )

time 0 = 14627 us

loop counter = (1009, 1009, 504, 504, 1009, 504, 507, 505, 504, 1006, 504, 504, 504, 504, 504, 504, 504, 504, 1009, 504, 504, 504, )

time 0 = 15888 us

loop counter = (221, 221, 110, 110, 221, 110, 113, 111, 110, 218, 110, 110, 110, 110, 110, 110, 110, 110, 221, 110, 110, 110, )

time 0 = 1409 us

loop counter = (313, 313, 156, 156, 313, 156, 159, 157, 156, 310, 156, 156, 156, 156, 156, 156, 156, 156, 313, 156, 156, 156, )

time 0 = 2223 us

loop counter = (909, 909, 454, 454, 909, 454, 457, 455, 454, 906, 454, 454, 454, 454, 454, 454, 454, 454, 909, 454, 454, 454, )

time 0 = 12090 us

loop counter = (485, 485, 242, 242, 485, 242, 245, 243, 242, 482, 242, 242, 242, 242, 242, 242, 242, 242, 485, 242, 242, 242, )

time 0 = 3751 us

loop counter = (225, 225, 112, 112, 225, 112, 115, 113, 112, 222, 112, 112, 112, 112, 112, 112, 112, 112, 225, 112, 112, 112, )

time 0 = 1461 us

loop counter = (353, 353, 176, 176, 353, 176, 179, 177, 176, 350, 176, 176, 176, 176, 176, 176, 176, 176, 353, 176, 176, 176, )

time 0 = 2641 us

loop counter = (877, 877, 438, 438, 877, 438, 441, 439, 438, 874, 438, 438, 438, 438, 438, 438, 438, 438, 877, 438, 438, 438, )

time 0 = 11773 us

loop counter = (815, 815, 407, 407, 815, 407, 410, 408, 407, 812, 407, 407, 407, 407, 407, 407, 407, 407, 815, 407, 407, 407, )

time 0 = 9550 us

loop counter = (703, 703, 351, 351, 703, 351, 354, 352, 351, 700, 351, 351, 351, 351, 351, 351, 351, 351, 703, 351, 351, 351, )

time 0 = 8471 us

loop counter = (779, 779, 389, 389, 779, 389, 392, 390, 389, 776, 389, 389, 389, 389, 389, 389, 389, 389, 779, 389, 389, 389, )

time 0 = 10275 us

loop counter = (311, 311, 155, 155, 311, 155, 158, 156, 155, 308, 155, 155, 155, 155, 155, 155, 155, 155, 311, 155, 155, 155, )

time 0 = 1947 us

loop counter = (353, 353, 176, 176, 353, 176, 179, 177, 176, 350, 176, 176, 176, 176, 176, 176, 176, 176, 353, 176, 176, 176, )

time 0 = 2457 us

loop counter = (569, 569, 284, 284, 569, 284, 287, 285, 284, 566, 284, 284, 284, 284, 284, 284, 284, 284, 569, 284, 284, 284, )

time 0 = 5618 us

loop counter = (499, 499, 249, 249, 499, 249, 252, 250, 249, 496, 249, 249, 249, 249, 249, 249, 249, 249, 499, 249, 249, 249, )

time 0 = 4743 us

loop counter = (745, 745, 372, 372, 745, 372, 375, 373, 372, 742, 372, 372, 372, 372, 372, 372, 372, 372, 745, 372, 372, 372, )

time 0 = 9438 us

loop counter = (393, 393, 196, 196, 393, 196, 199, 197, 196, 390, 196, 196, 196, 196, 196, 196, 196, 196, 393, 196, 196, 196, )

time 0 = 2842 us

loop counter = (575, 575, 287, 287, 575, 287, 290, 288, 287, 572, 287, 287, 287, 287, 287, 287, 287, 287, 575, 287, 287, 287, )

time 0 = 5154 us

loop counter = (605, 605, 302, 302, 605, 302, 305, 303, 302, 602, 302, 302, 302, 302, 302, 302, 302, 302, 605, 302, 302, 302, )

time 0 = 4796 us

loop counter = (827, 827, 413, 413, 827, 413, 416, 414, 413, 824, 413, 413, 413, 413, 413, 413, 413, 413, 827, 413, 413, 413, )

time 0 = 10370 us

loop counter = (829, 829, 414, 414, 829, 414, 417, 415, 414, 826, 414, 414, 414, 414, 414, 414, 414, 414, 829, 414, 414, 414, )

time 0 = 10587 us

loop counter = (743, 743, 371, 371, 743, 371, 374, 372, 371, 740, 371, 371, 371, 371, 371, 371, 371, 371, 743, 371, 371, 371, )

time 0 = 8607 us

loop counter = (887, 887, 443, 443, 887, 443, 446, 444, 443, 884, 443, 443, 443, 443, 443, 443, 443, 443, 887, 443, 443, 443, )

time 0 = 9137 us

loop counter = (483, 483, 241, 241, 483, 241, 244, 242, 241, 480, 241, 241, 241, 241, 241, 241, 241, 241, 483, 241, 241, 241, )

time 0 = 4812 us

loop counter = (505, 505, 252, 252, 505, 252, 255, 253, 252, 502, 252, 252, 252, 252, 252, 252, 252, 252, 505, 252, 252, 252, )

time 0 = 4370 us

loop counter = (867, 867, 433, 433, 867, 433, 436, 434, 433, 864, 433, 433, 433, 433, 433, 433, 433, 433, 867, 433, 433, 433, )

time 0 = 11990 us

loop counter = (451, 451, 225, 225, 451, 225, 228, 226, 225, 448, 225, 225, 225, 225, 225, 225, 225, 225, 451, 225, 225, 225, )

time 0 = 3255 us

loop counter = (841, 841, 420, 420, 841, 420, 423, 421, 420, 838, 420, 420, 420, 420, 420, 420, 420, 420, 841, 420, 420, 420, )

time 0 = 10603 us

loop counter = (533, 533, 266, 266, 533, 266, 269, 267, 266, 530, 266, 266, 266, 266, 266, 266, 266, 266, 533, 266, 266, 266, )

time 0 = 5065 us

loop counter = (455, 455, 227, 227, 455, 227, 230, 228, 227, 452, 227, 227, 227, 227, 227, 227, 227, 227, 455, 227, 227, 227, )

time 0 = 2916 us

loop counter = (209, 209, 104, 104, 209, 104, 107, 105, 104, 206, 104, 104, 104, 104, 104, 104, 104, 104, 209, 104, 104, 104, )

time 0 = 2308 us

loop counter = (999, 999, 499, 499, 999, 499, 502, 500, 499, 996, 499, 499, 499, 499, 499, 499, 499, 499, 999, 499, 499, 499, )

time 0 = 13938 us

loop counter = (735, 735, 367, 367, 735, 367, 370, 368, 367, 732, 367, 367, 367, 367, 367, 367, 367, 367, 735, 367, 367, 367, )

time 0 = 8038 us

loop counter = (469, 469, 234, 234, 469, 234, 237, 235, 234, 466, 234, 234, 234, 234, 234, 234, 234, 234, 469, 234, 234, 234, )

time 0 = 4296 us

loop counter = (509, 509, 254, 254, 509, 254, 257, 255, 254, 506, 254, 254, 254, 254, 254, 254, 254, 254, 509, 254, 254, 254, )

time 0 = 4378 us

loop counter = (359, 359, 179, 179, 359, 179, 182, 180, 179, 356, 179, 179, 179, 179, 179, 179, 179, 179, 359, 179, 179, 179, )

time 0 = 3119 us

loop counter = (585, 585, 292, 292, 585, 292, 295, 293, 292, 582, 292, 292, 292, 292, 292, 292, 292, 292, 585, 292, 292, 292, )

time 0 = 4072 us

loop counter = (305, 305, 152, 152, 305, 152, 155, 153, 152, 302, 152, 152, 152, 152, 152, 152, 152, 152, 305, 152, 152, 152, )

time 0 = 2087 us

loop counter = (223, 223, 111, 111, 223, 111, 114, 112, 111, 220, 111, 111, 111, 111, 111, 111, 111, 111, 223, 111, 111, 111, )

time 0 = 1306 us

loop counter = (719, 719, 359, 359, 719, 359, 362, 360, 359, 716, 359, 359, 359, 359, 359, 359, 359, 359, 719, 359, 359, 359, )

time 0 = 9022 us

loop counter = (201, 201, 100, 100, 201, 100, 103, 101, 100, 198, 100, 100, 100, 100, 100, 100, 100, 100, 201, 100, 100, 100, )

time 0 = 1138 us

loop counter = (941, 941, 470, 470, 941, 470, 473, 471, 470, 938, 470, 470, 470, 470, 470, 470, 470, 470, 941, 470, 470, 470, )

time 0 = 13194 us

loop counter = (273, 273, 136, 136, 273, 136, 139, 137, 136, 270, 136, 136, 136, 136, 136, 136, 136, 136, 273, 136, 136, 136, )

time 0 = 1983 us

loop counter = (645, 645, 322, 322, 645, 322, 325, 323, 322, 642, 322, 322, 322, 322, 322, 322, 322, 322, 645, 322, 322, 322, )

time 0 = 6938 us

loop counter = (291, 291, 145, 145, 291, 145, 148, 146, 145, 288, 145, 145, 145, 145, 145, 145, 145, 145, 291, 145, 145, 145, )

time 0 = 1995 us

loop counter = (461, 461, 230, 230, 461, 230, 233, 231, 230, 458, 230, 230, 230, 230, 230, 230, 230, 230, 461, 230, 230, 230, )

time 0 = 3345 us

loop counter = (883, 883, 441, 441, 883, 441, 444, 442, 441, 880, 441, 441, 441, 441, 441, 441, 441, 441, 883, 441, 441, 441, )

time 0 = 10328 us

loop counter = (201, 201, 100, 100, 201, 100, 103, 101, 100, 198, 100, 100, 100, 100, 100, 100, 100, 100, 201, 100, 100, 100, )

time 0 = 1125 us

loop counter = (273, 273, 136, 136, 273, 136, 139, 137, 136, 270, 136, 136, 136, 136, 136, 136, 136, 136, 273, 136, 136, 136, )

time 0 = 1776 us

loop counter = (737, 737, 368, 368, 737, 368, 371, 369, 368, 734, 368, 368, 368, 368, 368, 368, 368, 368, 737, 368, 368, 368, )

time 0 = 7623 us

loop counter = (817, 817, 408, 408, 817, 408, 411, 409, 408, 814, 408, 408, 408, 408, 408, 408, 408, 408, 817, 408, 408, 408, )

time 0 = 10098 us

loop counter = (485, 485, 242, 242, 485, 242, 245, 243, 242, 482, 242, 242, 242, 242, 242, 242, 242, 242, 485, 242, 242, 242, )

time 0 = 5060 us

loop counter = (733, 733, 366, 366, 733, 366, 369, 367, 366, 730, 366, 366, 366, 366, 366, 366, 366, 366, 733, 366, 366, 366, )

time 0 = 8144 us

loop counter = (293, 293, 146, 146, 293, 146, 149, 147, 146, 290, 146, 146, 146, 146, 146, 146, 146, 146, 293, 146, 146, 146, )

time 0 = 1867 us

loop counter = (303, 303, 151, 151, 303, 151, 154, 152, 151, 300, 151, 151, 151, 151, 151, 151, 151, 151, 303, 151, 151, 151, )

time 0 = 2036 us

loop counter = (625, 625, 312, 312, 625, 312, 315, 313, 312, 622, 312, 312, 312, 312, 312, 312, 312, 312, 625, 312, 312, 312, )

time 0 = 7407 us

loop counter = (953, 953, 476, 476, 953, 476, 479, 477, 476, 950, 476, 476, 476, 476, 476, 476, 476, 476, 953, 476, 476, 476, )

time 0 = 15599 us

loop counter = (223, 223, 111, 111, 223, 111, 114, 112, 111, 220, 111, 111, 111, 111, 111, 111, 111, 111, 223, 111, 111, 111, )

time 0 = 1277 us

loop counter = (271, 271, 135, 135, 271, 135, 138, 136, 135, 268, 135, 135, 135, 135, 135, 135, 135, 135, 271, 135, 135, 135, )

time 0 = 1870 us

loop counter = (639, 639, 319, 319, 639, 319, 322, 320, 319, 636, 319, 319, 319, 319, 319, 319, 319, 319, 639, 319, 319, 319, )

time 0 = 7337 us

loop counter = (691, 691, 345, 345, 691, 345, 348, 346, 345, 688, 345, 345, 345, 345, 345, 345, 345, 345, 691, 345, 345, 345, )

time 0 = 9385 us

loop counter = (427, 427, 213, 213, 427, 213, 216, 214, 213, 424, 213, 213, 213, 213, 213, 213, 213, 213, 427, 213, 213, 213, )

time 0 = 3418 us

loop counter = (1015, 1015, 507, 507, 1015, 507, 510, 508, 507, 1012, 507, 507, 507, 507, 507, 507, 507, 507, 1015, 507, 507, 507, )

time 0 = 14695 us

loop counter = (425, 425, 212, 212, 425, 212, 215, 213, 212, 422, 212, 212, 212, 212, 212, 212, 212, 212, 425, 212, 212, 212, )

time 0 = 3585 us

loop counter = (891, 891, 445, 445, 891, 445, 448, 446, 445, 888, 445, 445, 445, 445, 445, 445, 445, 445, 891, 445, 445, 445, )

time 0 = 12737 us

loop counter = (699, 699, 349, 349, 699, 349, 352, 350, 349, 696, 349, 349, 349, 349, 349, 349, 349, 349, 699, 349, 349, 349, )

time 0 = 7330 us

loop counter = (295, 295, 147, 147, 295, 147, 150, 148, 147, 292, 147, 147, 147, 147, 147, 147, 147, 147, 295, 147, 147, 147, )

time 0 = 1638 us

loop counter = (735, 735, 367, 367, 735, 367, 370, 368, 367, 732, 367, 367, 367, 367, 367, 367, 367, 367, 735, 367, 367, 367, )

time 0 = 9150 us

