loop counter = (823, 823, 411, 411, 823, 411, 414, 412, 411, 820, 411, 411, 411, 411, 411, 411, 411, 411, 823, 411, 411, 411, )

time 0 = 33785 us

loop counter = (375, 375, 187, 187, 375, 187, 190, 188, 187, 372, 187, 187, 187, 187, 187, 187, 187, 187, 375, 187, 187, 187, )

time 0 = 2736 us

loop counter = (551, 551, 275, 275, 551, 275, 278, 276, 275, 548, 275, 275, 275, 275, 275, 275, 275, 275, 551, 275, 275, 275, )

time 0 = 5292 us

loop counter = (295, 295, 147, 147, 295, 147, 150, 148, 147, 292, 147, 147, 147, 147, 147, 147, 147, 147, 295, 147, 147, 147, )

time 0 = 1626 us

loop counter = (975, 975, 487, 487, 975, 487, 490, 488, 487, 972, 487, 487, 487, 487, 487, 487, 487, 487, 975, 487, 487, 487, )

time 0 = 13691 us

loop counter = (761, 761, 380, 380, 761, 380, 383, 381, 380, 758, 380, 380, 380, 380, 380, 380, 380, 380, 761, 380, 380, 380, )

time 0 = 8531 us

loop counter = (697, 697, 348, 348, 697, 348, 351, 349, 348, 694, 348, 348, 348, 348, 348, 348, 348, 348, 697, 348, 348, 348, )

time 0 = 8196 us

loop counter = (809, 809, 404, 404, 809, 404, 407, 405, 404, 806, 404, 404, 404, 404, 404, 404, 404, 404, 809, 404, 404, 404, )

time 0 = 11067 us

loop counter = (835, 835, 417, 417, 835, 417, 420, 418, 417, 832, 417, 417, 417, 417, 417, 417, 417, 417, 835, 417, 417, 417, )

time 0 = 10639 us

loop counter = (309, 309, 154, 154, 309, 154, 157, 155, 154, 306, 154, 154, 154, 154, 154, 154, 154, 154, 309, 154, 154, 154, )

time 0 = 1981 us

loop counter = (585, 585, 292, 292, 585, 292, 295, 293, 292, 582, 292, 292, 292, 292, 292, 292, 292, 292, 585, 292, 292, 292, )

time 0 = 5566 us

loop counter = (779, 779, 389, 389, 779, 389, 392, 390, 389, 776, 389, 389, 389, 389, 389, 389, 389, 389, 779, 389, 389, 389, )

time 0 = 10277 us

loop counter = (637, 637, 318, 318, 637, 318, 321, 319, 318, 634, 318, 318, 318, 318, 318, 318, 318, 318, 637, 318, 318, 318, )

time 0 = 6598 us

loop counter = (281, 281, 140, 140, 281, 140, 143, 141, 140, 278, 140, 140, 140, 140, 140, 140, 140, 140, 281, 140, 140, 140, )

time 0 = 1576 us

loop counter = (629, 629, 314, 314, 629, 314, 317, 315, 314, 626, 314, 314, 314, 314, 314, 314, 314, 314, 629, 314, 314, 314, )

time 0 = 5252 us

loop counter = (313, 313, 156, 156, 313, 156, 159, 157, 156, 310, 156, 156, 156, 156, 156, 156, 156, 156, 313, 156, 156, 156, )

time 0 = 2187 us

loop counter = (703, 703, 351, 351, 703, 351, 354, 352, 351, 700, 351, 351, 351, 351, 351, 351, 351, 351, 703, 351, 351, 351, )

time 0 = 8260 us

loop counter = (569, 569, 284, 284, 569, 284, 287, 285, 284, 566, 284, 284, 284, 284, 284, 284, 284, 284, 569, 284, 284, 284, )

time 0 = 4274 us

loop counter = (439, 439, 219, 219, 439, 219, 222, 220, 219, 436, 219, 219, 219, 219, 219, 219, 219, 219, 439, 219, 219, 219, )

time 0 = 3529 us

loop counter = (295, 295, 147, 147, 295, 147, 150, 148, 147, 292, 147, 147, 147, 147, 147, 147, 147, 147, 295, 147, 147, 147, )

time 0 = 1666 us

loop counter = (275, 275, 137, 137, 275, 137, 140, 138, 137, 272, 137, 137, 137, 137, 137, 137, 137, 137, 275, 137, 137, 137, )

time 0 = 2096 us

loop counter = (519, 519, 259, 259, 519, 259, 262, 260, 259, 516, 259, 259, 259, 259, 259, 259, 259, 259, 519, 259, 259, 259, )

time 0 = 4876 us

loop counter = (675, 675, 337, 337, 675, 337, 340, 338, 337, 672, 337, 337, 337, 337, 337, 337, 337, 337, 675, 337, 337, 337, )

time 0 = 6439 us

loop counter = (959, 959, 479, 479, 959, 479, 482, 480, 479, 956, 479, 479, 479, 479, 479, 479, 479, 479, 959, 479, 479, 479, )

time 0 = 12362 us

loop counter = (547, 547, 273, 273, 547, 273, 276, 274, 273, 544, 273, 273, 273, 273, 273, 273, 273, 273, 547, 273, 273, 273, )

time 0 = 6036 us

loop counter = (309, 309, 154, 154, 309, 154, 157, 155, 154, 306, 154, 154, 154, 154, 154, 154, 154, 154, 309, 154, 154, 154, )

time 0 = 2262 us

loop counter = (517, 517, 258, 258, 517, 258, 261, 259, 258, 514, 258, 258, 258, 258, 258, 258, 258, 258, 517, 258, 258, 258, )

time 0 = 4260 us

loop counter = (511, 511, 255, 255, 511, 255, 258, 256, 255, 508, 255, 255, 255, 255, 255, 255, 255, 255, 511, 255, 255, 255, )

time 0 = 4922 us

loop counter = (361, 361, 180, 180, 361, 180, 183, 181, 180, 358, 180, 180, 180, 180, 180, 180, 180, 180, 361, 180, 180, 180, )

time 0 = 2567 us

loop counter = (945, 945, 472, 472, 945, 472, 475, 473, 472, 942, 472, 472, 472, 472, 472, 472, 472, 472, 945, 472, 472, 472, )

time 0 = 13230 us

loop counter = (641, 641, 320, 320, 641, 320, 323, 321, 320, 638, 320, 320, 320, 320, 320, 320, 320, 320, 641, 320, 320, 320, )

time 0 = 7394 us

loop counter = (705, 705, 352, 352, 705, 352, 355, 353, 352, 702, 352, 352, 352, 352, 352, 352, 352, 352, 705, 352, 352, 352, )

time 0 = 8452 us

loop counter = (403, 403, 201, 201, 403, 201, 204, 202, 201, 400, 201, 201, 201, 201, 201, 201, 201, 201, 403, 201, 201, 201, )

time 0 = 2907 us

loop counter = (223, 223, 111, 111, 223, 111, 114, 112, 111, 220, 111, 111, 111, 111, 111, 111, 111, 111, 223, 111, 111, 111, )

time 0 = 1438 us

loop counter = (725, 725, 362, 362, 725, 362, 365, 363, 362, 722, 362, 362, 362, 362, 362, 362, 362, 362, 725, 362, 362, 362, )

time 0 = 7804 us

loop counter = (315, 315, 157, 157, 315, 157, 160, 158, 157, 312, 157, 157, 157, 157, 157, 157, 157, 157, 315, 157, 157, 157, )

time 0 = 2148 us

loop counter = (559, 559, 279, 279, 559, 279, 282, 280, 279, 556, 279, 279, 279, 279, 279, 279, 279, 279, 559, 279, 279, 279, )

time 0 = 5094 us

loop counter = (855, 855, 427, 427, 855, 427, 430, 428, 427, 852, 427, 427, 427, 427, 427, 427, 427, 427, 855, 427, 427, 427, )

time 0 = 10645 us

loop counter = (893, 893, 446, 446, 893, 446, 449, 447, 446, 890, 446, 446, 446, 446, 446, 446, 446, 446, 893, 446, 446, 446, )

time 0 = 11808 us

loop counter = (907, 907, 453, 453, 907, 453, 456, 454, 453, 904, 453, 453, 453, 453, 453, 453, 453, 453, 907, 453, 453, 453, )

time 0 = 11465 us

loop counter = (783, 783, 391, 391, 783, 391, 394, 392, 391, 780, 391, 391, 391, 391, 391, 391, 391, 391, 783, 391, 391, 391, )

time 0 = 8991 us

loop counter = (225, 225, 112, 112, 225, 112, 115, 113, 112, 222, 112, 112, 112, 112, 112, 112, 112, 112, 225, 112, 112, 112, )

time 0 = 1454 us

loop counter = (387, 387, 193, 193, 387, 193, 196, 194, 193, 384, 193, 193, 193, 193, 193, 193, 193, 193, 387, 193, 193, 193, )

time 0 = 2549 us

loop counter = (503, 503, 251, 251, 503, 251, 254, 252, 251, 500, 251, 251, 251, 251, 251, 251, 251, 251, 503, 251, 251, 251, )

time 0 = 4143 us

loop counter = (373, 373, 186, 186, 373, 186, 189, 187, 186, 370, 186, 186, 186, 186, 186, 186, 186, 186, 373, 186, 186, 186, )

time 0 = 2898 us

loop counter = (205, 205, 102, 102, 205, 102, 105, 103, 102, 202, 102, 102, 102, 102, 102, 102, 102, 102, 205, 102, 102, 102, )

time 0 = 1167 us

loop counter = (211, 211, 105, 105, 211, 105, 108, 106, 105, 208, 105, 105, 105, 105, 105, 105, 105, 105, 211, 105, 105, 105, )

time 0 = 1338 us

loop counter = (383, 383, 191, 191, 383, 191, 194, 192, 191, 380, 191, 191, 191, 191, 191, 191, 191, 191, 383, 191, 191, 191, )

time 0 = 2857 us

loop counter = (301, 301, 150, 150, 301, 150, 153, 151, 150, 298, 150, 150, 150, 150, 150, 150, 150, 150, 301, 150, 150, 150, )

time 0 = 2042 us

loop counter = (853, 853, 426, 426, 853, 426, 429, 427, 426, 850, 426, 426, 426, 426, 426, 426, 426, 426, 853, 426, 426, 426, )

time 0 = 11286 us

loop counter = (637, 637, 318, 318, 637, 318, 321, 319, 318, 634, 318, 318, 318, 318, 318, 318, 318, 318, 637, 318, 318, 318, )

time 0 = 6702 us

loop counter = (887, 887, 443, 443, 887, 443, 446, 444, 443, 884, 443, 443, 443, 443, 443, 443, 443, 443, 887, 443, 443, 443, )

time 0 = 12458 us

loop counter = (283, 283, 141, 141, 283, 141, 144, 142, 141, 280, 141, 141, 141, 141, 141, 141, 141, 141, 283, 141, 141, 141, )

time 0 = 1533 us

loop counter = (961, 961, 480, 480, 961, 480, 483, 481, 480, 958, 480, 480, 480, 480, 480, 480, 480, 480, 961, 480, 480, 480, )

time 0 = 13090 us

loop counter = (489, 489, 244, 244, 489, 244, 247, 245, 244, 486, 244, 244, 244, 244, 244, 244, 244, 244, 489, 244, 244, 244, )

time 0 = 4200 us

loop counter = (223, 223, 111, 111, 223, 111, 114, 112, 111, 220, 111, 111, 111, 111, 111, 111, 111, 111, 223, 111, 111, 111, )

time 0 = 1311 us

loop counter = (611, 611, 305, 305, 611, 305, 308, 306, 305, 608, 305, 305, 305, 305, 305, 305, 305, 305, 611, 305, 305, 305, )

time 0 = 8922 us

loop counter = (771, 771, 385, 385, 771, 385, 388, 386, 385, 768, 385, 385, 385, 385, 385, 385, 385, 385, 771, 385, 385, 385, )

time 0 = 8936 us

loop counter = (391, 391, 195, 195, 391, 195, 198, 196, 195, 388, 195, 195, 195, 195, 195, 195, 195, 195, 391, 195, 195, 195, )

time 0 = 2677 us

loop counter = (297, 297, 148, 148, 297, 148, 151, 149, 148, 294, 148, 148, 148, 148, 148, 148, 148, 148, 297, 148, 148, 148, )

time 0 = 1731 us

loop counter = (297, 297, 148, 148, 297, 148, 151, 149, 148, 294, 148, 148, 148, 148, 148, 148, 148, 148, 297, 148, 148, 148, )

time 0 = 2014 us

loop counter = (583, 583, 291, 291, 583, 291, 294, 292, 291, 580, 291, 291, 291, 291, 291, 291, 291, 291, 583, 291, 291, 291, )

time 0 = 5580 us

loop counter = (939, 939, 469, 469, 939, 469, 472, 470, 469, 936, 469, 469, 469, 469, 469, 469, 469, 469, 939, 469, 469, 469, )

time 0 = 11820 us

loop counter = (185, 185, 92, 92, 185, 92, 95, 93, 92, 182, 92, 92, 92, 92, 92, 92, 92, 92, 185, 92, 92, 92, )

time 0 = 1492 us

loop counter = (621, 621, 310, 310, 621, 310, 313, 311, 310, 618, 310, 310, 310, 310, 310, 310, 310, 310, 621, 310, 310, 310, )

time 0 = 6583 us

loop counter = (607, 607, 303, 303, 607, 303, 306, 304, 303, 604, 303, 303, 303, 303, 303, 303, 303, 303, 607, 303, 303, 303, )

time 0 = 8822 us

loop counter = (407, 407, 203, 203, 407, 203, 206, 204, 203, 404, 203, 203, 203, 203, 203, 203, 203, 203, 407, 203, 203, 203, )

time 0 = 5236 us

loop counter = (839, 839, 419, 419, 839, 419, 422, 420, 419, 836, 419, 419, 419, 419, 419, 419, 419, 419, 839, 419, 419, 419, )

time 0 = 25005 us

loop counter = (879, 879, 439, 439, 879, 439, 442, 440, 439, 876, 439, 439, 439, 439, 439, 439, 439, 439, 879, 439, 439, 439, )

time 0 = 11738 us

loop counter = (467, 467, 233, 233, 467, 233, 236, 234, 233, 464, 233, 233, 233, 233, 233, 233, 233, 233, 467, 233, 233, 233, )

time 0 = 4197 us

loop counter = (641, 641, 320, 320, 641, 320, 323, 321, 320, 638, 320, 320, 320, 320, 320, 320, 320, 320, 641, 320, 320, 320, )

time 0 = 6708 us

loop counter = (201, 201, 100, 100, 201, 100, 103, 101, 100, 198, 100, 100, 100, 100, 100, 100, 100, 100, 201, 100, 100, 100, )

time 0 = 1164 us

loop counter = (593, 593, 296, 296, 593, 296, 299, 297, 296, 590, 296, 296, 296, 296, 296, 296, 296, 296, 593, 296, 296, 296, )

time 0 = 5163 us

loop counter = (901, 901, 450, 450, 901, 450, 453, 451, 450, 898, 450, 450, 450, 450, 450, 450, 450, 450, 901, 450, 450, 450, )

time 0 = 11972 us

loop counter = (541, 541, 270, 270, 541, 270, 273, 271, 270, 538, 270, 270, 270, 270, 270, 270, 270, 270, 541, 270, 270, 270, )

time 0 = 9107 us

loop counter = (243, 243, 121, 121, 243, 121, 124, 122, 121, 240, 121, 121, 121, 121, 121, 121, 121, 121, 243, 121, 121, 121, )

time 0 = 1596 us

loop counter = (743, 743, 371, 371, 743, 371, 374, 372, 371, 740, 371, 371, 371, 371, 371, 371, 371, 371, 743, 371, 371, 371, )

time 0 = 8065 us

loop counter = (561, 561, 280, 280, 561, 280, 283, 281, 280, 558, 280, 280, 280, 280, 280, 280, 280, 280, 561, 280, 280, 280, )

time 0 = 5544 us

loop counter = (389, 389, 194, 194, 389, 194, 197, 195, 194, 386, 194, 194, 194, 194, 194, 194, 194, 194, 389, 194, 194, 194, )

time 0 = 2923 us

loop counter = (711, 711, 355, 355, 711, 355, 358, 356, 355, 708, 355, 355, 355, 355, 355, 355, 355, 355, 711, 355, 355, 355, )

time 0 = 7930 us

loop counter = (459, 459, 229, 229, 459, 229, 232, 230, 229, 456, 229, 229, 229, 229, 229, 229, 229, 229, 459, 229, 229, 229, )

time 0 = 4168 us

loop counter = (393, 393, 196, 196, 393, 196, 199, 197, 196, 390, 196, 196, 196, 196, 196, 196, 196, 196, 393, 196, 196, 196, )

time 0 = 3060 us

loop counter = (515, 515, 257, 257, 515, 257, 260, 258, 257, 512, 257, 257, 257, 257, 257, 257, 257, 257, 515, 257, 257, 257, )

time 0 = 3502 us

loop counter = (697, 697, 348, 348, 697, 348, 351, 349, 348, 694, 348, 348, 348, 348, 348, 348, 348, 348, 697, 348, 348, 348, )

time 0 = 15008 us

loop counter = (737, 737, 368, 368, 737, 368, 371, 369, 368, 734, 368, 368, 368, 368, 368, 368, 368, 368, 737, 368, 368, 368, )

time 0 = 21880 us

loop counter = (295, 295, 147, 147, 295, 147, 150, 148, 147, 292, 147, 147, 147, 147, 147, 147, 147, 147, 295, 147, 147, 147, )

time 0 = 1634 us

loop counter = (295, 295, 147, 147, 295, 147, 150, 148, 147, 292, 147, 147, 147, 147, 147, 147, 147, 147, 295, 147, 147, 147, )

time 0 = 1913 us

loop counter = (607, 607, 303, 303, 607, 303, 306, 304, 303, 604, 303, 303, 303, 303, 303, 303, 303, 303, 607, 303, 303, 303, )

time 0 = 8396 us

loop counter = (893, 893, 446, 446, 893, 446, 449, 447, 446, 890, 446, 446, 446, 446, 446, 446, 446, 446, 893, 446, 446, 446, )

time 0 = 11348 us

loop counter = (391, 391, 195, 195, 391, 195, 198, 196, 195, 388, 195, 195, 195, 195, 195, 195, 195, 195, 391, 195, 195, 195, )

time 0 = 2850 us

loop counter = (647, 647, 323, 323, 647, 323, 326, 324, 323, 644, 323, 323, 323, 323, 323, 323, 323, 323, 647, 323, 323, 323, )

time 0 = 5969 us

loop counter = (377, 377, 188, 188, 377, 188, 191, 189, 188, 374, 188, 188, 188, 188, 188, 188, 188, 188, 377, 188, 188, 188, )

time 0 = 2428 us

loop counter = (603, 603, 301, 301, 603, 301, 304, 302, 301, 600, 301, 301, 301, 301, 301, 301, 301, 301, 603, 301, 301, 301, )

time 0 = 5119 us

loop counter = (225, 225, 112, 112, 225, 112, 115, 113, 112, 222, 112, 112, 112, 112, 112, 112, 112, 112, 225, 112, 112, 112, )

time 0 = 1571 us

loop counter = (615, 615, 307, 307, 615, 307, 310, 308, 307, 612, 307, 307, 307, 307, 307, 307, 307, 307, 615, 307, 307, 307, )

time 0 = 6239 us

loop counter = (775, 775, 387, 387, 775, 387, 390, 388, 387, 772, 387, 387, 387, 387, 387, 387, 387, 387, 775, 387, 387, 387, )

time 0 = 8506 us

loop counter = (465, 465, 232, 232, 465, 232, 235, 233, 232, 462, 232, 232, 232, 232, 232, 232, 232, 232, 465, 232, 232, 232, )

time 0 = 4834 us

loop counter = (295, 295, 147, 147, 295, 147, 150, 148, 147, 292, 147, 147, 147, 147, 147, 147, 147, 147, 295, 147, 147, 147, )

time 0 = 1969 us

loop counter = (705, 705, 352, 352, 705, 352, 355, 353, 352, 702, 352, 352, 352, 352, 352, 352, 352, 352, 705, 352, 352, 352, )

time 0 = 7672 us

loop counter = (429, 429, 214, 214, 429, 214, 217, 215, 214, 426, 214, 214, 214, 214, 214, 214, 214, 214, 429, 214, 214, 214, )

time 0 = 3526 us

loop counter = (693, 693, 346, 346, 693, 346, 349, 347, 346, 690, 346, 346, 346, 346, 346, 346, 346, 346, 693, 346, 346, 346, )

time 0 = 7491 us

loop counter = (201, 201, 100, 100, 201, 100, 103, 101, 100, 198, 100, 100, 100, 100, 100, 100, 100, 100, 201, 100, 100, 100, )

time 0 = 1144 us

loop counter = (295, 295, 147, 147, 295, 147, 150, 148, 147, 292, 147, 147, 147, 147, 147, 147, 147, 147, 295, 147, 147, 147, )

time 0 = 1636 us

loop counter = (411, 411, 205, 205, 411, 205, 208, 206, 205, 408, 205, 205, 205, 205, 205, 205, 205, 205, 411, 205, 205, 205, )

time 0 = 2948 us

loop counter = (209, 209, 104, 104, 209, 104, 107, 105, 104, 206, 104, 104, 104, 104, 104, 104, 104, 104, 209, 104, 104, 104, )

time 0 = 2484 us

loop counter = (747, 747, 373, 373, 747, 373, 376, 374, 373, 744, 373, 373, 373, 373, 373, 373, 373, 373, 747, 373, 373, 373, )

time 0 = 8449 us

loop counter = (387, 387, 193, 193, 387, 193, 196, 194, 193, 384, 193, 193, 193, 193, 193, 193, 193, 193, 387, 193, 193, 193, )

time 0 = 2384 us

loop counter = (185, 185, 92, 92, 185, 92, 95, 93, 92, 182, 92, 92, 92, 92, 92, 92, 92, 92, 185, 92, 92, 92, )

time 0 = 1363 us

loop counter = (477, 477, 238, 238, 477, 238, 241, 239, 238, 474, 238, 238, 238, 238, 238, 238, 238, 238, 477, 238, 238, 238, )

time 0 = 4047 us

loop counter = (281, 281, 140, 140, 281, 140, 143, 141, 140, 278, 140, 140, 140, 140, 140, 140, 140, 140, 281, 140, 140, 140, )

time 0 = 1600 us

loop counter = (295, 295, 147, 147, 295, 147, 150, 148, 147, 292, 147, 147, 147, 147, 147, 147, 147, 147, 295, 147, 147, 147, )

time 0 = 1706 us

loop counter = (203, 203, 101, 101, 203, 101, 104, 102, 101, 200, 101, 101, 101, 101, 101, 101, 101, 101, 203, 101, 101, 101, )

time 0 = 1147 us

loop counter = (559, 559, 279, 279, 559, 279, 282, 280, 279, 556, 279, 279, 279, 279, 279, 279, 279, 279, 559, 279, 279, 279, )

time 0 = 4638 us

loop counter = (805, 805, 402, 402, 805, 402, 405, 403, 402, 802, 402, 402, 402, 402, 402, 402, 402, 402, 805, 402, 402, 402, )

time 0 = 8776 us

loop counter = (793, 793, 396, 396, 793, 396, 399, 397, 396, 790, 396, 396, 396, 396, 396, 396, 396, 396, 793, 396, 396, 396, )

time 0 = 9274 us

loop counter = (861, 861, 430, 430, 861, 430, 433, 431, 430, 858, 430, 430, 430, 430, 430, 430, 430, 430, 861, 430, 430, 430, )

time 0 = 11769 us

loop counter = (955, 955, 477, 477, 955, 477, 480, 478, 477, 952, 477, 477, 477, 477, 477, 477, 477, 477, 955, 477, 477, 477, )

time 0 = 13145 us

loop counter = (185, 185, 92, 92, 185, 92, 95, 93, 92, 182, 92, 92, 92, 92, 92, 92, 92, 92, 185, 92, 92, 92, )

time 0 = 1369 us

loop counter = (639, 639, 319, 319, 639, 319, 322, 320, 319, 636, 319, 319, 319, 319, 319, 319, 319, 319, 639, 319, 319, 319, )

time 0 = 6761 us

loop counter = (815, 815, 407, 407, 815, 407, 410, 408, 407, 812, 407, 407, 407, 407, 407, 407, 407, 407, 815, 407, 407, 407, )

time 0 = 10204 us

loop counter = (717, 717, 358, 358, 717, 358, 361, 359, 358, 714, 358, 358, 358, 358, 358, 358, 358, 358, 717, 358, 358, 358, )

time 0 = 7963 us

loop counter = (443, 443, 221, 221, 443, 221, 224, 222, 221, 440, 221, 221, 221, 221, 221, 221, 221, 221, 443, 221, 221, 221, )

time 0 = 3298 us

loop counter = (733, 733, 366, 366, 733, 366, 369, 367, 366, 730, 366, 366, 366, 366, 366, 366, 366, 366, 733, 366, 366, 366, )

time 0 = 8737 us

loop counter = (869, 869, 434, 434, 869, 434, 437, 435, 434, 866, 434, 434, 434, 434, 434, 434, 434, 434, 869, 434, 434, 434, )

time 0 = 12345 us

loop counter = (683, 683, 341, 341, 683, 341, 344, 342, 341, 680, 341, 341, 341, 341, 341, 341, 341, 341, 683, 341, 341, 341, )

time 0 = 7156 us

loop counter = (769, 769, 384, 384, 769, 384, 387, 385, 384, 766, 384, 384, 384, 384, 384, 384, 384, 384, 769, 384, 384, 384, )

time 0 = 8183 us

loop counter = (753, 753, 376, 376, 753, 376, 379, 377, 376, 750, 376, 376, 376, 376, 376, 376, 376, 376, 753, 376, 376, 376, )

time 0 = 7658 us

loop counter = (235, 235, 117, 117, 235, 117, 120, 118, 117, 232, 117, 117, 117, 117, 117, 117, 117, 117, 235, 117, 117, 117, )

time 0 = 1834 us

loop counter = (669, 669, 334, 334, 669, 334, 337, 335, 334, 666, 334, 334, 334, 334, 334, 334, 334, 334, 669, 334, 334, 334, )

time 0 = 6974 us

loop counter = (315, 315, 157, 157, 315, 157, 160, 158, 157, 312, 157, 157, 157, 157, 157, 157, 157, 157, 315, 157, 157, 157, )

time 0 = 2203 us

loop counter = (977, 977, 488, 488, 977, 488, 491, 489, 488, 974, 488, 488, 488, 488, 488, 488, 488, 488, 977, 488, 488, 488, )

time 0 = 13183 us

loop counter = (527, 527, 263, 263, 527, 263, 266, 264, 263, 524, 263, 263, 263, 263, 263, 263, 263, 263, 527, 263, 263, 263, )

time 0 = 4295 us

loop counter = (685, 685, 342, 342, 685, 342, 345, 343, 342, 682, 342, 342, 342, 342, 342, 342, 342, 342, 685, 342, 342, 342, )

time 0 = 8227 us

loop counter = (559, 559, 279, 279, 559, 279, 282, 280, 279, 556, 279, 279, 279, 279, 279, 279, 279, 279, 559, 279, 279, 279, )

time 0 = 5289 us

loop counter = (897, 897, 448, 448, 897, 448, 451, 449, 448, 894, 448, 448, 448, 448, 448, 448, 448, 448, 897, 448, 448, 448, )

time 0 = 11759 us

loop counter = (817, 817, 408, 408, 817, 408, 411, 409, 408, 814, 408, 408, 408, 408, 408, 408, 408, 408, 817, 408, 408, 408, )

time 0 = 9727 us

loop counter = (731, 731, 365, 365, 731, 365, 368, 366, 365, 728, 365, 365, 365, 365, 365, 365, 365, 365, 731, 365, 365, 365, )

time 0 = 8634 us

loop counter = (537, 537, 268, 268, 537, 268, 271, 269, 268, 534, 268, 268, 268, 268, 268, 268, 268, 268, 537, 268, 268, 268, )

time 0 = 4981 us

loop counter = (409, 409, 204, 204, 409, 204, 207, 205, 204, 406, 204, 204, 204, 204, 204, 204, 204, 204, 409, 204, 204, 204, )

time 0 = 4293 us

loop counter = (901, 901, 450, 450, 901, 450, 453, 451, 450, 898, 450, 450, 450, 450, 450, 450, 450, 450, 901, 450, 450, 450, )

time 0 = 16057 us

loop counter = (309, 309, 154, 154, 309, 154, 157, 155, 154, 306, 154, 154, 154, 154, 154, 154, 154, 154, 309, 154, 154, 154, )

time 0 = 2249 us

loop counter = (811, 811, 405, 405, 811, 405, 408, 406, 405, 808, 405, 405, 405, 405, 405, 405, 405, 405, 811, 405, 405, 405, )

time 0 = 13201 us

loop counter = (781, 781, 390, 390, 781, 390, 393, 391, 390, 778, 390, 390, 390, 390, 390, 390, 390, 390, 781, 390, 390, 390, )

time 0 = 9525 us

loop counter = (819, 819, 409, 409, 819, 409, 412, 410, 409, 816, 409, 409, 409, 409, 409, 409, 409, 409, 819, 409, 409, 409, )

time 0 = 9959 us

loop counter = (687, 687, 343, 343, 687, 343, 346, 344, 343, 684, 343, 343, 343, 343, 343, 343, 343, 343, 687, 343, 343, 343, )

time 0 = 8065 us

loop counter = (901, 901, 450, 450, 901, 450, 453, 451, 450, 898, 450, 450, 450, 450, 450, 450, 450, 450, 901, 450, 450, 450, )

time 0 = 11880 us

loop counter = (927, 927, 463, 463, 927, 463, 466, 464, 463, 924, 463, 463, 463, 463, 463, 463, 463, 463, 927, 463, 463, 463, )

time 0 = 14369 us

loop counter = (735, 735, 367, 367, 735, 367, 370, 368, 367, 732, 367, 367, 367, 367, 367, 367, 367, 367, 735, 367, 367, 367, )

time 0 = 8157 us

loop counter = (223, 223, 111, 111, 223, 111, 114, 112, 111, 220, 111, 111, 111, 111, 111, 111, 111, 111, 223, 111, 111, 111, )

time 0 = 1299 us

loop counter = (973, 973, 486, 486, 973, 486, 489, 487, 486, 970, 486, 486, 486, 486, 486, 486, 486, 486, 973, 486, 486, 486, )

time 0 = 13789 us

loop counter = (603, 603, 301, 301, 603, 301, 304, 302, 301, 600, 301, 301, 301, 301, 301, 301, 301, 301, 603, 301, 301, 301, )

time 0 = 5961 us

loop counter = (819, 819, 409, 409, 819, 409, 412, 410, 409, 816, 409, 409, 409, 409, 409, 409, 409, 409, 819, 409, 409, 409, )

time 0 = 10474 us

loop counter = (225, 225, 112, 112, 225, 112, 115, 113, 112, 222, 112, 112, 112, 112, 112, 112, 112, 112, 225, 112, 112, 112, )

time 0 = 1469 us

loop counter = (695, 695, 347, 347, 695, 347, 350, 348, 347, 692, 347, 347, 347, 347, 347, 347, 347, 347, 695, 347, 347, 347, )

time 0 = 7819 us

loop counter = (423, 423, 211, 211, 423, 211, 214, 212, 211, 420, 211, 211, 211, 211, 211, 211, 211, 211, 423, 211, 211, 211, )

time 0 = 3277 us

loop counter = (343, 343, 171, 171, 343, 171, 174, 172, 171, 340, 171, 171, 171, 171, 171, 171, 171, 171, 343, 171, 171, 171, )

time 0 = 2856 us

loop counter = (283, 283, 141, 141, 283, 141, 144, 142, 141, 280, 141, 141, 141, 141, 141, 141, 141, 141, 283, 141, 141, 141, )

time 0 = 1989 us

loop counter = (225, 225, 112, 112, 225, 112, 115, 113, 112, 222, 112, 112, 112, 112, 112, 112, 112, 112, 225, 112, 112, 112, )

time 0 = 1481 us

loop counter = (951, 951, 475, 475, 951, 475, 478, 476, 475, 948, 475, 475, 475, 475, 475, 475, 475, 475, 951, 475, 475, 475, )

time 0 = 11866 us

loop counter = (695, 695, 347, 347, 695, 347, 350, 348, 347, 692, 347, 347, 347, 347, 347, 347, 347, 347, 695, 347, 347, 347, )

time 0 = 8074 us

loop counter = (1047, 1047, 523, 523, 1047, 523, 526, 524, 523, 1044, 523, 523, 523, 523, 523, 523, 523, 523, 1047, 523, 523, 523, )

time 0 = 14605 us

loop counter = (479, 479, 239, 239, 479, 239, 242, 240, 239, 476, 239, 239, 239, 239, 239, 239, 239, 239, 479, 239, 239, 239, )

time 0 = 4390 us

loop counter = (411, 411, 205, 205, 411, 205, 208, 206, 205, 408, 205, 205, 205, 205, 205, 205, 205, 205, 411, 205, 205, 205, )

time 0 = 2965 us

loop counter = (683, 683, 341, 341, 683, 341, 344, 342, 341, 680, 341, 341, 341, 341, 341, 341, 341, 341, 683, 341, 341, 341, )

time 0 = 8543 us

loop counter = (407, 407, 203, 203, 407, 203, 206, 204, 203, 404, 203, 203, 203, 203, 203, 203, 203, 203, 407, 203, 203, 203, )

time 0 = 4681 us

loop counter = (729, 729, 364, 364, 729, 364, 367, 365, 364, 726, 364, 364, 364, 364, 364, 364, 364, 364, 729, 364, 364, 364, )

time 0 = 7735 us

loop counter = (185, 185, 92, 92, 185, 92, 95, 93, 92, 182, 92, 92, 92, 92, 92, 92, 92, 92, 185, 92, 92, 92, )

time 0 = 1378 us

loop counter = (379, 379, 189, 189, 379, 189, 192, 190, 189, 376, 189, 189, 189, 189, 189, 189, 189, 189, 379, 189, 189, 189, )

time 0 = 2928 us

loop counter = (441, 441, 220, 220, 441, 220, 223, 221, 220, 438, 220, 220, 220, 220, 220, 220, 220, 220, 441, 220, 220, 220, )

time 0 = 2748 us

loop counter = (559, 559, 279, 279, 559, 279, 282, 280, 279, 556, 279, 279, 279, 279, 279, 279, 279, 279, 559, 279, 279, 279, )

time 0 = 5323 us

loop counter = (747, 747, 373, 373, 747, 373, 376, 374, 373, 744, 373, 373, 373, 373, 373, 373, 373, 373, 747, 373, 373, 373, )

time 0 = 6952 us

loop counter = (379, 379, 189, 189, 379, 189, 192, 190, 189, 376, 189, 189, 189, 189, 189, 189, 189, 189, 379, 189, 189, 189, )

time 0 = 2745 us

loop counter = (919, 919, 459, 459, 919, 459, 462, 460, 459, 916, 459, 459, 459, 459, 459, 459, 459, 459, 919, 459, 459, 459, )

time 0 = 13551 us

loop counter = (201, 201, 100, 100, 201, 100, 103, 101, 100, 198, 100, 100, 100, 100, 100, 100, 100, 100, 201, 100, 100, 100, )

time 0 = 1151 us

loop counter = (477, 477, 238, 238, 477, 238, 241, 239, 238, 474, 238, 238, 238, 238, 238, 238, 238, 238, 477, 238, 238, 238, )

time 0 = 4284 us

loop counter = (583, 583, 291, 291, 583, 291, 294, 292, 291, 580, 291, 291, 291, 291, 291, 291, 291, 291, 583, 291, 291, 291, )

time 0 = 5300 us

loop counter = (539, 539, 269, 269, 539, 269, 272, 270, 269, 536, 269, 269, 269, 269, 269, 269, 269, 269, 539, 269, 269, 269, )

time 0 = 4819 us

loop counter = (381, 381, 190, 190, 381, 190, 193, 191, 190, 378, 190, 190, 190, 190, 190, 190, 190, 190, 381, 190, 190, 190, )

time 0 = 2527 us

loop counter = (629, 629, 314, 314, 629, 314, 317, 315, 314, 626, 314, 314, 314, 314, 314, 314, 314, 314, 629, 314, 314, 314, )

time 0 = 9585 us

loop counter = (855, 855, 427, 427, 855, 427, 430, 428, 427, 852, 427, 427, 427, 427, 427, 427, 427, 427, 855, 427, 427, 427, )

time 0 = 12735 us

loop counter = (777, 777, 388, 388, 777, 388, 391, 389, 388, 774, 388, 388, 388, 388, 388, 388, 388, 388, 777, 388, 388, 388, )

time 0 = 8560 us

loop counter = (497, 497, 248, 248, 497, 248, 251, 249, 248, 494, 248, 248, 248, 248, 248, 248, 248, 248, 497, 248, 248, 248, )

time 0 = 4128 us

loop counter = (921, 921, 460, 460, 921, 460, 463, 461, 460, 918, 460, 460, 460, 460, 460, 460, 460, 460, 921, 460, 460, 460, )

time 0 = 13857 us

loop counter = (933, 933, 466, 466, 933, 466, 469, 467, 466, 930, 466, 466, 466, 466, 466, 466, 466, 466, 933, 466, 466, 466, )

time 0 = 12080 us

loop counter = (365, 365, 182, 182, 365, 182, 185, 183, 182, 362, 182, 182, 182, 182, 182, 182, 182, 182, 365, 182, 182, 182, )

time 0 = 2742 us

loop counter = (573, 573, 286, 286, 573, 286, 289, 287, 286, 570, 286, 286, 286, 286, 286, 286, 286, 286, 573, 286, 286, 286, )

time 0 = 5632 us

loop counter = (689, 689, 344, 344, 689, 344, 347, 345, 344, 686, 344, 344, 344, 344, 344, 344, 344, 344, 689, 344, 344, 344, )

time 0 = 7299 us

loop counter = (669, 669, 334, 334, 669, 334, 337, 335, 334, 666, 334, 334, 334, 334, 334, 334, 334, 334, 669, 334, 334, 334, )

time 0 = 6519 us

loop counter = (211, 211, 105, 105, 211, 105, 108, 106, 105, 208, 105, 105, 105, 105, 105, 105, 105, 105, 211, 105, 105, 105, )

time 0 = 1409 us

loop counter = (861, 861, 430, 430, 861, 430, 433, 431, 430, 858, 430, 430, 430, 430, 430, 430, 430, 430, 861, 430, 430, 430, )

time 0 = 12567 us

loop counter = (577, 577, 288, 288, 577, 288, 291, 289, 288, 574, 288, 288, 288, 288, 288, 288, 288, 288, 577, 288, 288, 288, )

time 0 = 5406 us

loop counter = (455, 455, 227, 227, 455, 227, 230, 228, 227, 452, 227, 227, 227, 227, 227, 227, 227, 227, 455, 227, 227, 227, )

time 0 = 4406 us

loop counter = (205, 205, 102, 102, 205, 102, 105, 103, 102, 202, 102, 102, 102, 102, 102, 102, 102, 102, 205, 102, 102, 102, )

time 0 = 1148 us

loop counter = (539, 539, 269, 269, 539, 269, 272, 270, 269, 536, 269, 269, 269, 269, 269, 269, 269, 269, 539, 269, 269, 269, )

time 0 = 4515 us

loop counter = (173, 173, 86, 86, 173, 86, 89, 87, 86, 170, 86, 86, 86, 86, 86, 86, 86, 86, 173, 86, 86, 86, )

time 0 = 1014 us

loop counter = (991, 991, 495, 495, 991, 495, 498, 496, 495, 988, 495, 495, 495, 495, 495, 495, 495, 495, 991, 495, 495, 495, )

time 0 = 14635 us

loop counter = (613, 613, 306, 306, 613, 306, 309, 307, 306, 610, 306, 306, 306, 306, 306, 306, 306, 306, 613, 306, 306, 306, )

time 0 = 6210 us

loop counter = (865, 865, 432, 432, 865, 432, 435, 433, 432, 862, 432, 432, 432, 432, 432, 432, 432, 432, 865, 432, 432, 432, )

time 0 = 10609 us

loop counter = (685, 685, 342, 342, 685, 342, 345, 343, 342, 682, 342, 342, 342, 342, 342, 342, 342, 342, 685, 342, 342, 342, )

time 0 = 8579 us

loop counter = (669, 669, 334, 334, 669, 334, 337, 335, 334, 666, 334, 334, 334, 334, 334, 334, 334, 334, 669, 334, 334, 334, )

time 0 = 8061 us

loop counter = (249, 249, 124, 124, 249, 124, 127, 125, 124, 246, 124, 124, 124, 124, 124, 124, 124, 124, 249, 124, 124, 124, )

time 0 = 1701 us

loop counter = (781, 781, 390, 390, 781, 390, 393, 391, 390, 778, 390, 390, 390, 390, 390, 390, 390, 390, 781, 390, 390, 390, )

time 0 = 10083 us

loop counter = (547, 547, 273, 273, 547, 273, 276, 274, 273, 544, 273, 273, 273, 273, 273, 273, 273, 273, 547, 273, 273, 273, )

time 0 = 4602 us

loop counter = (223, 223, 111, 111, 223, 111, 114, 112, 111, 220, 111, 111, 111, 111, 111, 111, 111, 111, 223, 111, 111, 111, )

time 0 = 1412 us

loop counter = (991, 991, 495, 495, 991, 495, 498, 496, 495, 988, 495, 495, 495, 495, 495, 495, 495, 495, 991, 495, 495, 495, )

time 0 = 14046 us

loop counter = (435, 435, 217, 217, 435, 217, 220, 218, 217, 432, 217, 217, 217, 217, 217, 217, 217, 217, 435, 217, 217, 217, )

time 0 = 3469 us

loop counter = (281, 281, 140, 140, 281, 140, 143, 141, 140, 278, 140, 140, 140, 140, 140, 140, 140, 140, 281, 140, 140, 140, )

time 0 = 1861 us

loop counter = (387, 387, 193, 193, 387, 193, 196, 194, 193, 384, 193, 193, 193, 193, 193, 193, 193, 193, 387, 193, 193, 193, )

time 0 = 3483 us

loop counter = (425, 425, 212, 212, 425, 212, 215, 213, 212, 422, 212, 212, 212, 212, 212, 212, 212, 212, 425, 212, 212, 212, )

time 0 = 3629 us

loop counter = (819, 819, 409, 409, 819, 409, 412, 410, 409, 816, 409, 409, 409, 409, 409, 409, 409, 409, 819, 409, 409, 409, )

time 0 = 11549 us

loop counter = (513, 513, 256, 256, 513, 256, 259, 257, 256, 510, 256, 256, 256, 256, 256, 256, 256, 256, 513, 256, 256, 256, )

time 0 = 4676 us

loop counter = (299, 299, 149, 149, 299, 149, 152, 150, 149, 296, 149, 149, 149, 149, 149, 149, 149, 149, 299, 149, 149, 149, )

time 0 = 1906 us

loop counter = (725, 725, 362, 362, 725, 362, 365, 363, 362, 722, 362, 362, 362, 362, 362, 362, 362, 362, 725, 362, 362, 362, )

time 0 = 8967 us

loop counter = (519, 519, 259, 259, 519, 259, 262, 260, 259, 516, 259, 259, 259, 259, 259, 259, 259, 259, 519, 259, 259, 259, )

time 0 = 5156 us

loop counter = (201, 201, 100, 100, 201, 100, 103, 101, 100, 198, 100, 100, 100, 100, 100, 100, 100, 100, 201, 100, 100, 100, )

time 0 = 1147 us

loop counter = (861, 861, 430, 430, 861, 430, 433, 431, 430, 858, 430, 430, 430, 430, 430, 430, 430, 430, 861, 430, 430, 430, )

time 0 = 11410 us

loop counter = (769, 769, 384, 384, 769, 384, 387, 385, 384, 766, 384, 384, 384, 384, 384, 384, 384, 384, 769, 384, 384, 384, )

time 0 = 8861 us

loop counter = (515, 515, 257, 257, 515, 257, 260, 258, 257, 512, 257, 257, 257, 257, 257, 257, 257, 257, 515, 257, 257, 257, )

time 0 = 4050 us

loop counter = (735, 735, 367, 367, 735, 367, 370, 368, 367, 732, 367, 367, 367, 367, 367, 367, 367, 367, 735, 367, 367, 367, )

time 0 = 9242 us

loop counter = (669, 669, 334, 334, 669, 334, 337, 335, 334, 666, 334, 334, 334, 334, 334, 334, 334, 334, 669, 334, 334, 334, )

time 0 = 9617 us

loop counter = (265, 265, 132, 132, 265, 132, 135, 133, 132, 262, 132, 132, 132, 132, 132, 132, 132, 132, 265, 132, 132, 132, )

time 0 = 1841 us

loop counter = (591, 591, 295, 295, 591, 295, 298, 296, 295, 588, 295, 295, 295, 295, 295, 295, 295, 295, 591, 295, 295, 295, )

time 0 = 5699 us

loop counter = (291, 291, 145, 145, 291, 145, 148, 146, 145, 288, 145, 145, 145, 145, 145, 145, 145, 145, 291, 145, 145, 145, )

time 0 = 1925 us

loop counter = (471, 471, 235, 235, 471, 235, 238, 236, 235, 468, 235, 235, 235, 235, 235, 235, 235, 235, 471, 235, 235, 235, )

time 0 = 4278 us

loop counter = (379, 379, 189, 189, 379, 189, 192, 190, 189, 376, 189, 189, 189, 189, 189, 189, 189, 189, 379, 189, 189, 189, )

time 0 = 2695 us

loop counter = (589, 589, 294, 294, 589, 294, 297, 295, 294, 586, 294, 294, 294, 294, 294, 294, 294, 294, 589, 294, 294, 294, )

time 0 = 5235 us

loop counter = (553, 553, 276, 276, 553, 276, 279, 277, 276, 550, 276, 276, 276, 276, 276, 276, 276, 276, 553, 276, 276, 276, )

time 0 = 5485 us

loop counter = (857, 857, 428, 428, 857, 428, 431, 429, 428, 854, 428, 428, 428, 428, 428, 428, 428, 428, 857, 428, 428, 428, )

time 0 = 10582 us

loop counter = (877, 877, 438, 438, 877, 438, 441, 439, 438, 874, 438, 438, 438, 438, 438, 438, 438, 438, 877, 438, 438, 438, )

time 0 = 10489 us

loop counter = (947, 947, 473, 473, 947, 473, 476, 474, 473, 944, 473, 473, 473, 473, 473, 473, 473, 473, 947, 473, 473, 473, )

time 0 = 12677 us

loop counter = (223, 223, 111, 111, 223, 111, 114, 112, 111, 220, 111, 111, 111, 111, 111, 111, 111, 111, 223, 111, 111, 111, )

time 0 = 1283 us

loop counter = (665, 665, 332, 332, 665, 332, 335, 333, 332, 662, 332, 332, 332, 332, 332, 332, 332, 332, 665, 332, 332, 332, )

time 0 = 6441 us

loop counter = (987, 987, 493, 493, 987, 493, 496, 494, 493, 984, 493, 493, 493, 493, 493, 493, 493, 493, 987, 493, 493, 493, )

time 0 = 12879 us

loop counter = (955, 955, 477, 477, 955, 477, 480, 478, 477, 952, 477, 477, 477, 477, 477, 477, 477, 477, 955, 477, 477, 477, )

time 0 = 12878 us

loop counter = (287, 287, 143, 143, 287, 143, 146, 144, 143, 284, 143, 143, 143, 143, 143, 143, 143, 143, 287, 143, 143, 143, )

time 0 = 1915 us

loop counter = (205, 205, 102, 102, 205, 102, 105, 103, 102, 202, 102, 102, 102, 102, 102, 102, 102, 102, 205, 102, 102, 102, )

time 0 = 1154 us

loop counter = (607, 607, 303, 303, 607, 303, 306, 304, 303, 604, 303, 303, 303, 303, 303, 303, 303, 303, 607, 303, 303, 303, )

time 0 = 7376 us

loop counter = (577, 577, 288, 288, 577, 288, 291, 289, 288, 574, 288, 288, 288, 288, 288, 288, 288, 288, 577, 288, 288, 288, )

time 0 = 5021 us

loop counter = (933, 933, 466, 466, 933, 466, 469, 467, 466, 930, 466, 466, 466, 466, 466, 466, 466, 466, 933, 466, 466, 466, )

time 0 = 12225 us

loop counter = (589, 589, 294, 294, 589, 294, 297, 295, 294, 586, 294, 294, 294, 294, 294, 294, 294, 294, 589, 294, 294, 294, )

time 0 = 5849 us

loop counter = (283, 283, 141, 141, 283, 141, 144, 142, 141, 280, 141, 141, 141, 141, 141, 141, 141, 141, 283, 141, 141, 141, )

time 0 = 1978 us

loop counter = (311, 311, 155, 155, 311, 155, 158, 156, 155, 308, 155, 155, 155, 155, 155, 155, 155, 155, 311, 155, 155, 155, )

time 0 = 1949 us

loop counter = (867, 867, 433, 433, 867, 433, 436, 434, 433, 864, 433, 433, 433, 433, 433, 433, 433, 433, 867, 433, 433, 433, )

time 0 = 10777 us

loop counter = (647, 647, 323, 323, 647, 323, 326, 324, 323, 644, 323, 323, 323, 323, 323, 323, 323, 323, 647, 323, 323, 323, )

time 0 = 7031 us

loop counter = (715, 715, 357, 357, 715, 357, 360, 358, 357, 712, 357, 357, 357, 357, 357, 357, 357, 357, 715, 357, 357, 357, )

time 0 = 7490 us

loop counter = (561, 561, 280, 280, 561, 280, 283, 281, 280, 558, 280, 280, 280, 280, 280, 280, 280, 280, 561, 280, 280, 280, )

time 0 = 5450 us

loop counter = (605, 605, 302, 302, 605, 302, 305, 303, 302, 602, 302, 302, 302, 302, 302, 302, 302, 302, 605, 302, 302, 302, )

time 0 = 5736 us

loop counter = (725, 725, 362, 362, 725, 362, 365, 363, 362, 722, 362, 362, 362, 362, 362, 362, 362, 362, 725, 362, 362, 362, )

time 0 = 8674 us

loop counter = (445, 445, 222, 222, 445, 222, 225, 223, 222, 442, 222, 222, 222, 222, 222, 222, 222, 222, 445, 222, 222, 222, )

time 0 = 3955 us

loop counter = (597, 597, 298, 298, 597, 298, 301, 299, 298, 594, 298, 298, 298, 298, 298, 298, 298, 298, 597, 298, 298, 298, )

time 0 = 6718 us

loop counter = (249, 249, 124, 124, 249, 124, 127, 125, 124, 246, 124, 124, 124, 124, 124, 124, 124, 124, 249, 124, 124, 124, )

time 0 = 1924 us

loop counter = (211, 211, 105, 105, 211, 105, 108, 106, 105, 208, 105, 105, 105, 105, 105, 105, 105, 105, 211, 105, 105, 105, )

time 0 = 1324 us

loop counter = (815, 815, 407, 407, 815, 407, 410, 408, 407, 812, 407, 407, 407, 407, 407, 407, 407, 407, 815, 407, 407, 407, )

time 0 = 10518 us

loop counter = (647, 647, 323, 323, 647, 323, 326, 324, 323, 644, 323, 323, 323, 323, 323, 323, 323, 323, 647, 323, 323, 323, )

time 0 = 8575 us

loop counter = (953, 953, 476, 476, 953, 476, 479, 477, 476, 950, 476, 476, 476, 476, 476, 476, 476, 476, 953, 476, 476, 476, )

time 0 = 11666 us

loop counter = (489, 489, 244, 244, 489, 244, 247, 245, 244, 486, 244, 244, 244, 244, 244, 244, 244, 244, 489, 244, 244, 244, )

time 0 = 3617 us

loop counter = (537, 537, 268, 268, 537, 268, 271, 269, 268, 534, 268, 268, 268, 268, 268, 268, 268, 268, 537, 268, 268, 268, )

time 0 = 4935 us

loop counter = (637, 637, 318, 318, 637, 318, 321, 319, 318, 634, 318, 318, 318, 318, 318, 318, 318, 318, 637, 318, 318, 318, )

time 0 = 7349 us

loop counter = (173, 173, 86, 86, 173, 86, 89, 87, 86, 170, 86, 86, 86, 86, 86, 86, 86, 86, 173, 86, 86, 86, )

time 0 = 1016 us

loop counter = (283, 283, 141, 141, 283, 141, 144, 142, 141, 280, 141, 141, 141, 141, 141, 141, 141, 141, 283, 141, 141, 141, )

time 0 = 1967 us

loop counter = (455, 455, 227, 227, 455, 227, 230, 228, 227, 452, 227, 227, 227, 227, 227, 227, 227, 227, 455, 227, 227, 227, )

time 0 = 4125 us

loop counter = (387, 387, 193, 193, 387, 193, 196, 194, 193, 384, 193, 193, 193, 193, 193, 193, 193, 193, 387, 193, 193, 193, )

time 0 = 2744 us

loop counter = (611, 611, 305, 305, 611, 305, 308, 306, 305, 608, 305, 305, 305, 305, 305, 305, 305, 305, 611, 305, 305, 305, )

time 0 = 6016 us

loop counter = (697, 697, 348, 348, 697, 348, 351, 349, 348, 694, 348, 348, 348, 348, 348, 348, 348, 348, 697, 348, 348, 348, )

time 0 = 7882 us

loop counter = (583, 583, 291, 291, 583, 291, 294, 292, 291, 580, 291, 291, 291, 291, 291, 291, 291, 291, 583, 291, 291, 291, )

time 0 = 5593 us

loop counter = (591, 591, 295, 295, 591, 295, 298, 296, 295, 588, 295, 295, 295, 295, 295, 295, 295, 295, 591, 295, 295, 295, )

time 0 = 6228 us

loop counter = (475, 475, 237, 237, 475, 237, 240, 238, 237, 472, 237, 237, 237, 237, 237, 237, 237, 237, 475, 237, 237, 237, )

time 0 = 4026 us

loop counter = (663, 663, 331, 331, 663, 331, 334, 332, 331, 660, 331, 331, 331, 331, 331, 331, 331, 331, 663, 331, 331, 331, )

time 0 = 6572 us

loop counter = (469, 469, 234, 234, 469, 234, 237, 235, 234, 466, 234, 234, 234, 234, 234, 234, 234, 234, 469, 234, 234, 234, )

time 0 = 3881 us

loop counter = (405, 405, 202, 202, 405, 202, 205, 203, 202, 402, 202, 202, 202, 202, 202, 202, 202, 202, 405, 202, 202, 202, )

time 0 = 3161 us

loop counter = (249, 249, 124, 124, 249, 124, 127, 125, 124, 246, 124, 124, 124, 124, 124, 124, 124, 124, 249, 124, 124, 124, )

time 0 = 1781 us

loop counter = (519, 519, 259, 259, 519, 259, 262, 260, 259, 516, 259, 259, 259, 259, 259, 259, 259, 259, 519, 259, 259, 259, )

time 0 = 4559 us

loop counter = (621, 621, 310, 310, 621, 310, 313, 311, 310, 618, 310, 310, 310, 310, 310, 310, 310, 310, 621, 310, 310, 310, )

time 0 = 5817 us

loop counter = (667, 667, 333, 333, 667, 333, 336, 334, 333, 664, 333, 333, 333, 333, 333, 333, 333, 333, 667, 333, 333, 333, )

time 0 = 7167 us

loop counter = (223, 223, 111, 111, 223, 111, 114, 112, 111, 220, 111, 111, 111, 111, 111, 111, 111, 111, 223, 111, 111, 111, )

time 0 = 1423 us

loop counter = (435, 435, 217, 217, 435, 217, 220, 218, 217, 432, 217, 217, 217, 217, 217, 217, 217, 217, 435, 217, 217, 217, )

time 0 = 4496 us

loop counter = (533, 533, 266, 266, 533, 266, 269, 267, 266, 530, 266, 266, 266, 266, 266, 266, 266, 266, 533, 266, 266, 266, )

time 0 = 4739 us

loop counter = (665, 665, 332, 332, 665, 332, 335, 333, 332, 662, 332, 332, 332, 332, 332, 332, 332, 332, 665, 332, 332, 332, )

time 0 = 9643 us

loop counter = (209, 209, 104, 104, 209, 104, 107, 105, 104, 206, 104, 104, 104, 104, 104, 104, 104, 104, 209, 104, 104, 104, )

time 0 = 2340 us

loop counter = (661, 661, 330, 330, 661, 330, 333, 331, 330, 658, 330, 330, 330, 330, 330, 330, 330, 330, 661, 330, 330, 330, )

time 0 = 7163 us

loop counter = (413, 413, 206, 206, 413, 206, 209, 207, 206, 410, 206, 206, 206, 206, 206, 206, 206, 206, 413, 206, 206, 206, )

time 0 = 3337 us

loop counter = (223, 223, 111, 111, 223, 111, 114, 112, 111, 220, 111, 111, 111, 111, 111, 111, 111, 111, 223, 111, 111, 111, )

time 0 = 1297 us

loop counter = (301, 301, 150, 150, 301, 150, 153, 151, 150, 298, 150, 150, 150, 150, 150, 150, 150, 150, 301, 150, 150, 150, )

time 0 = 1685 us

loop counter = (751, 751, 375, 375, 751, 375, 378, 376, 375, 748, 375, 375, 375, 375, 375, 375, 375, 375, 751, 375, 375, 375, )

time 0 = 9664 us

loop counter = (805, 805, 402, 402, 805, 402, 405, 403, 402, 802, 402, 402, 402, 402, 402, 402, 402, 402, 805, 402, 402, 402, )

time 0 = 10668 us

loop counter = (475, 475, 237, 237, 475, 237, 240, 238, 237, 472, 237, 237, 237, 237, 237, 237, 237, 237, 475, 237, 237, 237, )

time 0 = 3974 us

loop counter = (987, 987, 493, 493, 987, 493, 496, 494, 493, 984, 493, 493, 493, 493, 493, 493, 493, 493, 987, 493, 493, 493, )

time 0 = 12635 us

loop counter = (983, 983, 491, 491, 983, 491, 494, 492, 491, 980, 491, 491, 491, 491, 491, 491, 491, 491, 983, 491, 491, 491, )

time 0 = 22922 us

loop counter = (639, 639, 319, 319, 639, 319, 322, 320, 319, 636, 319, 319, 319, 319, 319, 319, 319, 319, 639, 319, 319, 319, )

time 0 = 6355 us

loop counter = (209, 209, 104, 104, 209, 104, 107, 105, 104, 206, 104, 104, 104, 104, 104, 104, 104, 104, 209, 104, 104, 104, )

time 0 = 2421 us

loop counter = (309, 309, 154, 154, 309, 154, 157, 155, 154, 306, 154, 154, 154, 154, 154, 154, 154, 154, 309, 154, 154, 154, )

time 0 = 2150 us

loop counter = (413, 413, 206, 206, 413, 206, 209, 207, 206, 410, 206, 206, 206, 206, 206, 206, 206, 206, 413, 206, 206, 206, )

time 0 = 3170 us

loop counter = (685, 685, 342, 342, 685, 342, 345, 343, 342, 682, 342, 342, 342, 342, 342, 342, 342, 342, 685, 342, 342, 342, )

time 0 = 7407 us

loop counter = (205, 205, 102, 102, 205, 102, 105, 103, 102, 202, 102, 102, 102, 102, 102, 102, 102, 102, 205, 102, 102, 102, )

time 0 = 1162 us

loop counter = (393, 393, 196, 196, 393, 196, 199, 197, 196, 390, 196, 196, 196, 196, 196, 196, 196, 196, 393, 196, 196, 196, )

time 0 = 2492 us

loop counter = (919, 919, 459, 459, 919, 459, 462, 460, 459, 916, 459, 459, 459, 459, 459, 459, 459, 459, 919, 459, 459, 459, )

time 0 = 11262 us

loop counter = (881, 881, 440, 440, 881, 440, 443, 441, 440, 878, 440, 440, 440, 440, 440, 440, 440, 440, 881, 440, 440, 440, )

time 0 = 12381 us

loop counter = (917, 917, 458, 458, 917, 458, 461, 459, 458, 914, 458, 458, 458, 458, 458, 458, 458, 458, 917, 458, 458, 458, )

time 0 = 12468 us

loop counter = (831, 831, 415, 415, 831, 415, 418, 416, 415, 828, 415, 415, 415, 415, 415, 415, 415, 415, 831, 415, 415, 415, )

time 0 = 11029 us

loop counter = (249, 249, 124, 124, 249, 124, 127, 125, 124, 246, 124, 124, 124, 124, 124, 124, 124, 124, 249, 124, 124, 124, )

time 0 = 1867 us

loop counter = (223, 223, 111, 111, 223, 111, 114, 112, 111, 220, 111, 111, 111, 111, 111, 111, 111, 111, 223, 111, 111, 111, )

time 0 = 1392 us

loop counter = (551, 551, 275, 275, 551, 275, 278, 276, 275, 548, 275, 275, 275, 275, 275, 275, 275, 275, 551, 275, 275, 275, )

time 0 = 5189 us

loop counter = (805, 805, 402, 402, 805, 402, 405, 403, 402, 802, 402, 402, 402, 402, 402, 402, 402, 402, 805, 402, 402, 402, )

time 0 = 14366 us

loop counter = (1037, 1037, 518, 518, 1037, 518, 521, 519, 518, 1034, 518, 518, 518, 518, 518, 518, 518, 518, 1037, 518, 518, 518, )

time 0 = 14339 us

loop counter = (535, 535, 267, 267, 535, 267, 270, 268, 267, 532, 267, 267, 267, 267, 267, 267, 267, 267, 535, 267, 267, 267, )

time 0 = 5244 us

loop counter = (603, 603, 301, 301, 603, 301, 304, 302, 301, 600, 301, 301, 301, 301, 301, 301, 301, 301, 603, 301, 301, 301, )

time 0 = 5138 us

loop counter = (443, 443, 221, 221, 443, 221, 224, 222, 221, 440, 221, 221, 221, 221, 221, 221, 221, 221, 443, 221, 221, 221, )

time 0 = 3793 us

loop counter = (279, 279, 139, 139, 279, 139, 142, 140, 139, 276, 139, 139, 139, 139, 139, 139, 139, 139, 279, 139, 139, 139, )

time 0 = 1861 us

loop counter = (389, 389, 194, 194, 389, 194, 197, 195, 194, 386, 194, 194, 194, 194, 194, 194, 194, 194, 389, 194, 194, 194, )

time 0 = 2987 us

loop counter = (631, 631, 315, 315, 631, 315, 318, 316, 315, 628, 315, 315, 315, 315, 315, 315, 315, 315, 631, 315, 315, 315, )

time 0 = 7640 us

loop counter = (419, 419, 209, 209, 419, 209, 212, 210, 209, 416, 209, 209, 209, 209, 209, 209, 209, 209, 419, 209, 209, 209, )

time 0 = 4300 us

loop counter = (381, 381, 190, 190, 381, 190, 193, 191, 190, 378, 190, 190, 190, 190, 190, 190, 190, 190, 381, 190, 190, 190, )

time 0 = 2666 us

loop counter = (945, 945, 472, 472, 945, 472, 475, 473, 472, 942, 472, 472, 472, 472, 472, 472, 472, 472, 945, 472, 472, 472, )

time 0 = 12028 us

loop counter = (375, 375, 187, 187, 375, 187, 190, 188, 187, 372, 187, 187, 187, 187, 187, 187, 187, 187, 375, 187, 187, 187, )

time 0 = 2236 us

loop counter = (435, 435, 217, 217, 435, 217, 220, 218, 217, 432, 217, 217, 217, 217, 217, 217, 217, 217, 435, 217, 217, 217, )

time 0 = 4215 us

loop counter = (709, 709, 354, 354, 709, 354, 357, 355, 354, 706, 354, 354, 354, 354, 354, 354, 354, 354, 709, 354, 354, 354, )

time 0 = 7208 us

loop counter = (531, 531, 265, 265, 531, 265, 268, 266, 265, 528, 265, 265, 265, 265, 265, 265, 265, 265, 531, 265, 265, 265, )

time 0 = 7013 us

loop counter = (201, 201, 100, 100, 201, 100, 103, 101, 100, 198, 100, 100, 100, 100, 100, 100, 100, 100, 201, 100, 100, 100, )

time 0 = 1139 us

loop counter = (685, 685, 342, 342, 685, 342, 345, 343, 342, 682, 342, 342, 342, 342, 342, 342, 342, 342, 685, 342, 342, 342, )

time 0 = 7598 us

loop counter = (637, 637, 318, 318, 637, 318, 321, 319, 318, 634, 318, 318, 318, 318, 318, 318, 318, 318, 637, 318, 318, 318, )

time 0 = 6436 us

loop counter = (717, 717, 358, 358, 717, 358, 361, 359, 358, 714, 358, 358, 358, 358, 358, 358, 358, 358, 717, 358, 358, 358, )

time 0 = 7731 us

loop counter = (687, 687, 343, 343, 687, 343, 346, 344, 343, 684, 343, 343, 343, 343, 343, 343, 343, 343, 687, 343, 343, 343, )

time 0 = 7752 us

loop counter = (273, 273, 136, 136, 273, 136, 139, 137, 136, 270, 136, 136, 136, 136, 136, 136, 136, 136, 273, 136, 136, 136, )

time 0 = 1506 us

loop counter = (505, 505, 252, 252, 505, 252, 255, 253, 252, 502, 252, 252, 252, 252, 252, 252, 252, 252, 505, 252, 252, 252, )

time 0 = 4679 us

loop counter = (475, 475, 237, 237, 475, 237, 240, 238, 237, 472, 237, 237, 237, 237, 237, 237, 237, 237, 475, 237, 237, 237, )

time 0 = 3919 us

loop counter = (579, 579, 289, 289, 579, 289, 292, 290, 289, 576, 289, 289, 289, 289, 289, 289, 289, 289, 579, 289, 289, 289, )

time 0 = 5394 us

loop counter = (401, 401, 200, 200, 401, 200, 203, 201, 200, 398, 200, 200, 200, 200, 200, 200, 200, 200, 401, 200, 200, 200, )

time 0 = 2467 us

loop counter = (225, 225, 112, 112, 225, 112, 115, 113, 112, 222, 112, 112, 112, 112, 112, 112, 112, 112, 225, 112, 112, 112, )

time 0 = 1467 us

loop counter = (285, 285, 142, 142, 285, 142, 145, 143, 142, 282, 142, 142, 142, 142, 142, 142, 142, 142, 285, 142, 142, 142, )

time 0 = 1594 us

loop counter = (357, 357, 178, 178, 357, 178, 181, 179, 178, 354, 178, 178, 178, 178, 178, 178, 178, 178, 357, 178, 178, 178, )

time 0 = 2835 us

loop counter = (795, 795, 397, 397, 795, 397, 400, 398, 397, 792, 397, 397, 397, 397, 397, 397, 397, 397, 795, 397, 397, 397, )

time 0 = 16003 us

loop counter = (263, 263, 131, 131, 263, 131, 134, 132, 131, 260, 131, 131, 131, 131, 131, 131, 131, 131, 263, 131, 131, 131, )

time 0 = 1816 us

loop counter = (411, 411, 205, 205, 411, 205, 208, 206, 205, 408, 205, 205, 205, 205, 205, 205, 205, 205, 411, 205, 205, 205, )

time 0 = 3359 us

loop counter = (393, 393, 196, 196, 393, 196, 199, 197, 196, 390, 196, 196, 196, 196, 196, 196, 196, 196, 393, 196, 196, 196, )

time 0 = 3214 us

loop counter = (567, 567, 283, 283, 567, 283, 286, 284, 283, 564, 283, 283, 283, 283, 283, 283, 283, 283, 567, 283, 283, 283, )

time 0 = 5310 us

loop counter = (185, 185, 92, 92, 185, 92, 95, 93, 92, 182, 92, 92, 92, 92, 92, 92, 92, 92, 185, 92, 92, 92, )

time 0 = 1057 us

loop counter = (843, 843, 421, 421, 843, 421, 424, 422, 421, 840, 421, 421, 421, 421, 421, 421, 421, 421, 843, 421, 421, 421, )

time 0 = 10587 us

loop counter = (405, 405, 202, 202, 405, 202, 205, 203, 202, 402, 202, 202, 202, 202, 202, 202, 202, 202, 405, 202, 202, 202, )

time 0 = 3023 us

loop counter = (985, 985, 492, 492, 985, 492, 495, 493, 492, 982, 492, 492, 492, 492, 492, 492, 492, 492, 985, 492, 492, 492, )

time 0 = 14341 us

loop counter = (859, 859, 429, 429, 859, 429, 432, 430, 429, 856, 429, 429, 429, 429, 429, 429, 429, 429, 859, 429, 429, 429, )

time 0 = 10389 us

loop counter = (659, 659, 329, 329, 659, 329, 332, 330, 329, 656, 329, 329, 329, 329, 329, 329, 329, 329, 659, 329, 329, 329, )

time 0 = 6334 us

loop counter = (737, 737, 368, 368, 737, 368, 371, 369, 368, 734, 368, 368, 368, 368, 368, 368, 368, 368, 737, 368, 368, 368, )

time 0 = 8534 us

loop counter = (819, 819, 409, 409, 819, 409, 412, 410, 409, 816, 409, 409, 409, 409, 409, 409, 409, 409, 819, 409, 409, 409, )

time 0 = 10060 us

loop counter = (697, 697, 348, 348, 697, 348, 351, 349, 348, 694, 348, 348, 348, 348, 348, 348, 348, 348, 697, 348, 348, 348, )

time 0 = 8149 us

loop counter = (221, 221, 110, 110, 221, 110, 113, 111, 110, 218, 110, 110, 110, 110, 110, 110, 110, 110, 221, 110, 110, 110, )

time 0 = 1408 us

loop counter = (737, 737, 368, 368, 737, 368, 371, 369, 368, 734, 368, 368, 368, 368, 368, 368, 368, 368, 737, 368, 368, 368, )

time 0 = 7277 us

loop counter = (311, 311, 155, 155, 311, 155, 158, 156, 155, 308, 155, 155, 155, 155, 155, 155, 155, 155, 311, 155, 155, 155, )

time 0 = 1964 us

loop counter = (927, 927, 463, 463, 927, 463, 466, 464, 463, 924, 463, 463, 463, 463, 463, 463, 463, 463, 927, 463, 463, 463, )

time 0 = 11885 us

loop counter = (223, 223, 111, 111, 223, 111, 114, 112, 111, 220, 111, 111, 111, 111, 111, 111, 111, 111, 223, 111, 111, 111, )

time 0 = 1312 us

loop counter = (771, 771, 385, 385, 771, 385, 388, 386, 385, 768, 385, 385, 385, 385, 385, 385, 385, 385, 771, 385, 385, 385, )

time 0 = 10250 us

loop counter = (627, 627, 313, 313, 627, 313, 316, 314, 313, 624, 313, 313, 313, 313, 313, 313, 313, 313, 627, 313, 313, 313, )

time 0 = 7109 us

loop counter = (369, 369, 184, 184, 369, 184, 187, 185, 184, 366, 184, 184, 184, 184, 184, 184, 184, 184, 369, 184, 184, 184, )

time 0 = 2684 us

loop counter = (901, 901, 450, 450, 901, 450, 453, 451, 450, 898, 450, 450, 450, 450, 450, 450, 450, 450, 901, 450, 450, 450, )

time 0 = 11972 us

loop counter = (907, 907, 453, 453, 907, 453, 456, 454, 453, 904, 453, 453, 453, 453, 453, 453, 453, 453, 907, 453, 453, 453, )

time 0 = 12255 us

loop counter = (659, 659, 329, 329, 659, 329, 332, 330, 329, 656, 329, 329, 329, 329, 329, 329, 329, 329, 659, 329, 329, 329, )

time 0 = 7170 us

loop counter = (821, 821, 410, 410, 821, 410, 413, 411, 410, 818, 410, 410, 410, 410, 410, 410, 410, 410, 821, 410, 410, 410, )

time 0 = 9937 us

loop counter = (279, 279, 139, 139, 279, 139, 142, 140, 139, 276, 139, 139, 139, 139, 139, 139, 139, 139, 279, 139, 139, 139, )

time 0 = 1509 us

loop counter = (315, 315, 157, 157, 315, 157, 160, 158, 157, 312, 157, 157, 157, 157, 157, 157, 157, 157, 315, 157, 157, 157, )

time 0 = 2260 us

loop counter = (425, 425, 212, 212, 425, 212, 215, 213, 212, 422, 212, 212, 212, 212, 212, 212, 212, 212, 425, 212, 212, 212, )

time 0 = 3298 us

loop counter = (517, 517, 258, 258, 517, 258, 261, 259, 258, 514, 258, 258, 258, 258, 258, 258, 258, 258, 517, 258, 258, 258, )

time 0 = 4783 us

loop counter = (317, 317, 158, 158, 317, 158, 161, 159, 158, 314, 158, 158, 158, 158, 158, 158, 158, 158, 317, 158, 158, 158, )

time 0 = 2074 us

loop counter = (463, 463, 231, 231, 463, 231, 234, 232, 231, 460, 231, 231, 231, 231, 231, 231, 231, 231, 463, 231, 231, 231, )

time 0 = 4420 us

loop counter = (409, 409, 204, 204, 409, 204, 207, 205, 204, 406, 204, 204, 204, 204, 204, 204, 204, 204, 409, 204, 204, 204, )

time 0 = 4414 us

loop counter = (633, 633, 316, 316, 633, 316, 319, 317, 316, 630, 316, 316, 316, 316, 316, 316, 316, 316, 633, 316, 316, 316, )

time 0 = 7242 us

loop counter = (779, 779, 389, 389, 779, 389, 392, 390, 389, 776, 389, 389, 389, 389, 389, 389, 389, 389, 779, 389, 389, 389, )

time 0 = 9843 us

loop counter = (185, 185, 92, 92, 185, 92, 95, 93, 92, 182, 92, 92, 92, 92, 92, 92, 92, 92, 185, 92, 92, 92, )

time 0 = 1069 us

loop counter = (275, 275, 137, 137, 275, 137, 140, 138, 137, 272, 137, 137, 137, 137, 137, 137, 137, 137, 275, 137, 137, 137, )

time 0 = 1542 us

loop counter = (211, 211, 105, 105, 211, 105, 108, 106, 105, 208, 105, 105, 105, 105, 105, 105, 105, 105, 211, 105, 105, 105, )

time 0 = 1335 us

loop counter = (525, 525, 262, 262, 525, 262, 265, 263, 262, 522, 262, 262, 262, 262, 262, 262, 262, 262, 525, 262, 262, 262, )

time 0 = 5378 us

loop counter = (205, 205, 102, 102, 205, 102, 105, 103, 102, 202, 102, 102, 102, 102, 102, 102, 102, 102, 205, 102, 102, 102, )

time 0 = 1157 us

loop counter = (729, 729, 364, 364, 729, 364, 367, 365, 364, 726, 364, 364, 364, 364, 364, 364, 364, 364, 729, 364, 364, 364, )

time 0 = 9304 us

loop counter = (783, 783, 391, 391, 783, 391, 394, 392, 391, 780, 391, 391, 391, 391, 391, 391, 391, 391, 783, 391, 391, 391, )

time 0 = 10358 us

loop counter = (673, 673, 336, 336, 673, 336, 339, 337, 336, 670, 336, 336, 336, 336, 336, 336, 336, 336, 673, 336, 336, 336, )

time 0 = 8571 us

loop counter = (763, 763, 381, 381, 763, 381, 384, 382, 381, 760, 381, 381, 381, 381, 381, 381, 381, 381, 763, 381, 381, 381, )

time 0 = 8661 us

loop counter = (843, 843, 421, 421, 843, 421, 424, 422, 421, 840, 421, 421, 421, 421, 421, 421, 421, 421, 843, 421, 421, 421, )

time 0 = 13655 us

loop counter = (703, 703, 351, 351, 703, 351, 354, 352, 351, 700, 351, 351, 351, 351, 351, 351, 351, 351, 703, 351, 351, 351, )

time 0 = 10952 us

loop counter = (835, 835, 417, 417, 835, 417, 420, 418, 417, 832, 417, 417, 417, 417, 417, 417, 417, 417, 835, 417, 417, 417, )

time 0 = 11004 us

loop counter = (325, 325, 162, 162, 325, 162, 165, 163, 162, 322, 162, 162, 162, 162, 162, 162, 162, 162, 325, 162, 162, 162, )

time 0 = 2082 us

loop counter = (209, 209, 104, 104, 209, 104, 107, 105, 104, 206, 104, 104, 104, 104, 104, 104, 104, 104, 209, 104, 104, 104, )

time 0 = 2290 us

loop counter = (225, 225, 112, 112, 225, 112, 115, 113, 112, 222, 112, 112, 112, 112, 112, 112, 112, 112, 225, 112, 112, 112, )

time 0 = 1461 us

loop counter = (1017, 1017, 508, 508, 1017, 508, 511, 509, 508, 1014, 508, 508, 508, 508, 508, 508, 508, 508, 1017, 508, 508, 508, )

time 0 = 14854 us

loop counter = (777, 777, 388, 388, 777, 388, 391, 389, 388, 774, 388, 388, 388, 388, 388, 388, 388, 388, 777, 388, 388, 388, )

time 0 = 15153 us

loop counter = (499, 499, 249, 249, 499, 249, 252, 250, 249, 496, 249, 249, 249, 249, 249, 249, 249, 249, 499, 249, 249, 249, )

time 0 = 5055 us

loop counter = (595, 595, 297, 297, 595, 297, 300, 298, 297, 592, 297, 297, 297, 297, 297, 297, 297, 297, 595, 297, 297, 297, )

time 0 = 5817 us

loop counter = (185, 185, 92, 92, 185, 92, 95, 93, 92, 182, 92, 92, 92, 92, 92, 92, 92, 92, 185, 92, 92, 92, )

time 0 = 1054 us

loop counter = (919, 919, 459, 459, 919, 459, 462, 460, 459, 916, 459, 459, 459, 459, 459, 459, 459, 459, 919, 459, 459, 459, )

time 0 = 12339 us

loop counter = (837, 837, 418, 418, 837, 418, 421, 419, 418, 834, 418, 418, 418, 418, 418, 418, 418, 418, 837, 418, 418, 418, )

time 0 = 10263 us

loop counter = (185, 185, 92, 92, 185, 92, 95, 93, 92, 182, 92, 92, 92, 92, 92, 92, 92, 92, 185, 92, 92, 92, )

time 0 = 1387 us

loop counter = (477, 477, 238, 238, 477, 238, 241, 239, 238, 474, 238, 238, 238, 238, 238, 238, 238, 238, 477, 238, 238, 238, )

time 0 = 3899 us

loop counter = (761, 761, 380, 380, 761, 380, 383, 381, 380, 758, 380, 380, 380, 380, 380, 380, 380, 380, 761, 380, 380, 380, )

time 0 = 8944 us

loop counter = (867, 867, 433, 433, 867, 433, 436, 434, 433, 864, 433, 433, 433, 433, 433, 433, 433, 433, 867, 433, 433, 433, )

time 0 = 11641 us

loop counter = (933, 933, 466, 466, 933, 466, 469, 467, 466, 930, 466, 466, 466, 466, 466, 466, 466, 466, 933, 466, 466, 466, )

time 0 = 11645 us

loop counter = (577, 577, 288, 288, 577, 288, 291, 289, 288, 574, 288, 288, 288, 288, 288, 288, 288, 288, 577, 288, 288, 288, )

time 0 = 6058 us

loop counter = (511, 511, 255, 255, 511, 255, 258, 256, 255, 508, 255, 255, 255, 255, 255, 255, 255, 255, 511, 255, 255, 255, )

time 0 = 3924 us

loop counter = (417, 417, 208, 208, 417, 208, 211, 209, 208, 414, 208, 208, 208, 208, 208, 208, 208, 208, 417, 208, 208, 208, )

time 0 = 3303 us

loop counter = (693, 693, 346, 346, 693, 346, 349, 347, 346, 690, 346, 346, 346, 346, 346, 346, 346, 346, 693, 346, 346, 346, )

time 0 = 7222 us

loop counter = (933, 933, 466, 466, 933, 466, 469, 467, 466, 930, 466, 466, 466, 466, 466, 466, 466, 466, 933, 466, 466, 466, )

time 0 = 12446 us

loop counter = (883, 883, 441, 441, 883, 441, 444, 442, 441, 880, 441, 441, 441, 441, 441, 441, 441, 441, 883, 441, 441, 441, )

time 0 = 11344 us

loop counter = (305, 305, 152, 152, 305, 152, 155, 153, 152, 302, 152, 152, 152, 152, 152, 152, 152, 152, 305, 152, 152, 152, )

time 0 = 2017 us

loop counter = (461, 461, 230, 230, 461, 230, 233, 231, 230, 458, 230, 230, 230, 230, 230, 230, 230, 230, 461, 230, 230, 230, )

time 0 = 3817 us

loop counter = (607, 607, 303, 303, 607, 303, 306, 304, 303, 604, 303, 303, 303, 303, 303, 303, 303, 303, 607, 303, 303, 303, )

time 0 = 7442 us

loop counter = (807, 807, 403, 403, 807, 403, 406, 404, 403, 804, 403, 403, 403, 403, 403, 403, 403, 403, 807, 403, 403, 403, )

time 0 = 11219 us

loop counter = (911, 911, 455, 455, 911, 455, 458, 456, 455, 908, 455, 455, 455, 455, 455, 455, 455, 455, 911, 455, 455, 455, )

time 0 = 12316 us

loop counter = (445, 445, 222, 222, 445, 222, 225, 223, 222, 442, 222, 222, 222, 222, 222, 222, 222, 222, 445, 222, 222, 222, )

time 0 = 3818 us

loop counter = (185, 185, 92, 92, 185, 92, 95, 93, 92, 182, 92, 92, 92, 92, 92, 92, 92, 92, 185, 92, 92, 92, )

time 0 = 1472 us

loop counter = (743, 743, 371, 371, 743, 371, 374, 372, 371, 740, 371, 371, 371, 371, 371, 371, 371, 371, 743, 371, 371, 371, )

time 0 = 9883 us

loop counter = (247, 247, 123, 123, 247, 123, 126, 124, 123, 244, 123, 123, 123, 123, 123, 123, 123, 123, 247, 123, 123, 123, )

time 0 = 1706 us

loop counter = (687, 687, 343, 343, 687, 343, 346, 344, 343, 684, 343, 343, 343, 343, 343, 343, 343, 343, 687, 343, 343, 343, )

time 0 = 8802 us

loop counter = (511, 511, 255, 255, 511, 255, 258, 256, 255, 508, 255, 255, 255, 255, 255, 255, 255, 255, 511, 255, 255, 255, )

time 0 = 3926 us

loop counter = (371, 371, 185, 185, 371, 185, 188, 186, 185, 368, 185, 185, 185, 185, 185, 185, 185, 185, 371, 185, 185, 185, )

time 0 = 2676 us

loop counter = (443, 443, 221, 221, 443, 221, 224, 222, 221, 440, 221, 221, 221, 221, 221, 221, 221, 221, 443, 221, 221, 221, )

time 0 = 3628 us

loop counter = (549, 549, 274, 274, 549, 274, 277, 275, 274, 546, 274, 274, 274, 274, 274, 274, 274, 274, 549, 274, 274, 274, )

time 0 = 5333 us

loop counter = (815, 815, 407, 407, 815, 407, 410, 408, 407, 812, 407, 407, 407, 407, 407, 407, 407, 407, 815, 407, 407, 407, )

time 0 = 10187 us

loop counter = (517, 517, 258, 258, 517, 258, 261, 259, 258, 514, 258, 258, 258, 258, 258, 258, 258, 258, 517, 258, 258, 258, )

time 0 = 4780 us

loop counter = (775, 775, 387, 387, 775, 387, 390, 388, 387, 772, 387, 387, 387, 387, 387, 387, 387, 387, 775, 387, 387, 387, )

time 0 = 13078 us

loop counter = (423, 423, 211, 211, 423, 211, 214, 212, 211, 420, 211, 211, 211, 211, 211, 211, 211, 211, 423, 211, 211, 211, )

time 0 = 3261 us

loop counter = (639, 639, 319, 319, 639, 319, 322, 320, 319, 636, 319, 319, 319, 319, 319, 319, 319, 319, 639, 319, 319, 319, )

time 0 = 6874 us

loop counter = (781, 781, 390, 390, 781, 390, 393, 391, 390, 778, 390, 390, 390, 390, 390, 390, 390, 390, 781, 390, 390, 390, )

time 0 = 8160 us

loop counter = (1029, 1029, 514, 514, 1029, 514, 517, 515, 514, 1026, 514, 514, 514, 514, 514, 514, 514, 514, 1029, 514, 514, 514, )

time 0 = 14002 us

loop counter = (577, 577, 288, 288, 577, 288, 291, 289, 288, 574, 288, 288, 288, 288, 288, 288, 288, 288, 577, 288, 288, 288, )

time 0 = 5677 us

loop counter = (209, 209, 104, 104, 209, 104, 107, 105, 104, 206, 104, 104, 104, 104, 104, 104, 104, 104, 209, 104, 104, 104, )

time 0 = 2339 us

loop counter = (391, 391, 195, 195, 391, 195, 198, 196, 195, 388, 195, 195, 195, 195, 195, 195, 195, 195, 391, 195, 195, 195, )

time 0 = 2727 us

loop counter = (351, 351, 175, 175, 351, 175, 178, 176, 175, 348, 175, 175, 175, 175, 175, 175, 175, 175, 351, 175, 175, 175, )

time 0 = 3071 us

loop counter = (601, 601, 300, 300, 601, 300, 303, 301, 300, 598, 300, 300, 300, 300, 300, 300, 300, 300, 601, 300, 300, 300, )

time 0 = 6322 us

loop counter = (425, 425, 212, 212, 425, 212, 215, 213, 212, 422, 212, 212, 212, 212, 212, 212, 212, 212, 425, 212, 212, 212, )

time 0 = 3808 us

loop counter = (485, 485, 242, 242, 485, 242, 245, 243, 242, 482, 242, 242, 242, 242, 242, 242, 242, 242, 485, 242, 242, 242, )

time 0 = 4412 us

loop counter = (549, 549, 274, 274, 549, 274, 277, 275, 274, 546, 274, 274, 274, 274, 274, 274, 274, 274, 549, 274, 274, 274, )

time 0 = 5102 us

loop counter = (491, 491, 245, 245, 491, 245, 248, 246, 245, 488, 245, 245, 245, 245, 245, 245, 245, 245, 491, 245, 245, 245, )

time 0 = 4432 us

loop counter = (979, 979, 489, 489, 979, 489, 492, 490, 489, 976, 489, 489, 489, 489, 489, 489, 489, 489, 979, 489, 489, 489, )

time 0 = 13833 us

loop counter = (423, 423, 211, 211, 423, 211, 214, 212, 211, 420, 211, 211, 211, 211, 211, 211, 211, 211, 423, 211, 211, 211, )

time 0 = 3511 us

loop counter = (501, 501, 250, 250, 501, 250, 253, 251, 250, 498, 250, 250, 250, 250, 250, 250, 250, 250, 501, 250, 250, 250, )

time 0 = 3659 us

loop counter = (743, 743, 371, 371, 743, 371, 374, 372, 371, 740, 371, 371, 371, 371, 371, 371, 371, 371, 743, 371, 371, 371, )

time 0 = 9030 us

loop counter = (225, 225, 112, 112, 225, 112, 115, 113, 112, 222, 112, 112, 112, 112, 112, 112, 112, 112, 225, 112, 112, 112, )

time 0 = 1464 us

loop counter = (671, 671, 335, 335, 671, 335, 338, 336, 335, 668, 335, 335, 335, 335, 335, 335, 335, 335, 671, 335, 335, 335, )

time 0 = 7004 us

loop counter = (937, 937, 468, 468, 937, 468, 471, 469, 468, 934, 468, 468, 468, 468, 468, 468, 468, 468, 937, 468, 468, 468, )

time 0 = 13365 us

loop counter = (773, 773, 386, 386, 773, 386, 389, 387, 386, 770, 386, 386, 386, 386, 386, 386, 386, 386, 773, 386, 386, 386, )

time 0 = 8295 us

loop counter = (209, 209, 104, 104, 209, 104, 107, 105, 104, 206, 104, 104, 104, 104, 104, 104, 104, 104, 209, 104, 104, 104, )

time 0 = 2351 us

loop counter = (631, 631, 315, 315, 631, 315, 318, 316, 315, 628, 315, 315, 315, 315, 315, 315, 315, 315, 631, 315, 315, 315, )

time 0 = 6661 us

loop counter = (499, 499, 249, 249, 499, 249, 252, 250, 249, 496, 249, 249, 249, 249, 249, 249, 249, 249, 499, 249, 249, 249, )

time 0 = 3970 us

loop counter = (503, 503, 251, 251, 503, 251, 254, 252, 251, 500, 251, 251, 251, 251, 251, 251, 251, 251, 503, 251, 251, 251, )

time 0 = 3742 us

loop counter = (309, 309, 154, 154, 309, 154, 157, 155, 154, 306, 154, 154, 154, 154, 154, 154, 154, 154, 309, 154, 154, 154, )

time 0 = 2160 us

loop counter = (723, 723, 361, 361, 723, 361, 364, 362, 361, 720, 361, 361, 361, 361, 361, 361, 361, 361, 723, 361, 361, 361, )

time 0 = 9972 us

loop counter = (541, 541, 270, 270, 541, 270, 273, 271, 270, 538, 270, 270, 270, 270, 270, 270, 270, 270, 541, 270, 270, 270, )

time 0 = 5069 us

loop counter = (437, 437, 218, 218, 437, 218, 221, 219, 218, 434, 218, 218, 218, 218, 218, 218, 218, 218, 437, 218, 218, 218, )

time 0 = 3803 us

loop counter = (513, 513, 256, 256, 513, 256, 259, 257, 256, 510, 256, 256, 256, 256, 256, 256, 256, 256, 513, 256, 256, 256, )

time 0 = 4918 us

loop counter = (607, 607, 303, 303, 607, 303, 306, 304, 303, 604, 303, 303, 303, 303, 303, 303, 303, 303, 607, 303, 303, 303, )

time 0 = 7277 us

loop counter = (727, 727, 363, 363, 727, 363, 366, 364, 363, 724, 363, 363, 363, 363, 363, 363, 363, 363, 727, 363, 363, 363, )

time 0 = 8263 us

loop counter = (669, 669, 334, 334, 669, 334, 337, 335, 334, 666, 334, 334, 334, 334, 334, 334, 334, 334, 669, 334, 334, 334, )

time 0 = 7516 us

loop counter = (273, 273, 136, 136, 273, 136, 139, 137, 136, 270, 136, 136, 136, 136, 136, 136, 136, 136, 273, 136, 136, 136, )

time 0 = 1825 us

loop counter = (677, 677, 338, 338, 677, 338, 341, 339, 338, 674, 338, 338, 338, 338, 338, 338, 338, 338, 677, 338, 338, 338, )

time 0 = 7118 us

loop counter = (849, 849, 424, 424, 849, 424, 427, 425, 424, 846, 424, 424, 424, 424, 424, 424, 424, 424, 849, 424, 424, 424, )

time 0 = 10737 us

loop counter = (557, 557, 278, 278, 557, 278, 281, 279, 278, 554, 278, 278, 278, 278, 278, 278, 278, 278, 557, 278, 278, 278, )

time 0 = 4969 us

loop counter = (375, 375, 187, 187, 375, 187, 190, 188, 187, 372, 187, 187, 187, 187, 187, 187, 187, 187, 375, 187, 187, 187, )

time 0 = 2845 us

loop counter = (281, 281, 140, 140, 281, 140, 143, 141, 140, 278, 140, 140, 140, 140, 140, 140, 140, 140, 281, 140, 140, 140, )

time 0 = 2064 us

loop counter = (185, 185, 92, 92, 185, 92, 95, 93, 92, 182, 92, 92, 92, 92, 92, 92, 92, 92, 185, 92, 92, 92, )

time 0 = 1058 us

loop counter = (557, 557, 278, 278, 557, 278, 281, 279, 278, 554, 278, 278, 278, 278, 278, 278, 278, 278, 557, 278, 278, 278, )

time 0 = 5507 us

loop counter = (465, 465, 232, 232, 465, 232, 235, 233, 232, 462, 232, 232, 232, 232, 232, 232, 232, 232, 465, 232, 232, 232, )

time 0 = 3318 us

loop counter = (223, 223, 111, 111, 223, 111, 114, 112, 111, 220, 111, 111, 111, 111, 111, 111, 111, 111, 223, 111, 111, 111, )

time 0 = 1420 us

loop counter = (909, 909, 454, 454, 909, 454, 457, 455, 454, 906, 454, 454, 454, 454, 454, 454, 454, 454, 909, 454, 454, 454, )

time 0 = 11454 us

loop counter = (685, 685, 342, 342, 685, 342, 345, 343, 342, 682, 342, 342, 342, 342, 342, 342, 342, 342, 685, 342, 342, 342, )

time 0 = 7855 us

loop counter = (587, 587, 293, 293, 587, 293, 296, 294, 293, 584, 293, 293, 293, 293, 293, 293, 293, 293, 587, 293, 293, 293, )

time 0 = 6564 us

loop counter = (831, 831, 415, 415, 831, 415, 418, 416, 415, 828, 415, 415, 415, 415, 415, 415, 415, 415, 831, 415, 415, 415, )

time 0 = 11272 us

loop counter = (225, 225, 112, 112, 225, 112, 115, 113, 112, 222, 112, 112, 112, 112, 112, 112, 112, 112, 225, 112, 112, 112, )

time 0 = 1461 us

loop counter = (969, 969, 484, 484, 969, 484, 487, 485, 484, 966, 484, 484, 484, 484, 484, 484, 484, 484, 969, 484, 484, 484, )

time 0 = 14008 us

loop counter = (295, 295, 147, 147, 295, 147, 150, 148, 147, 292, 147, 147, 147, 147, 147, 147, 147, 147, 295, 147, 147, 147, )

time 0 = 1732 us

loop counter = (795, 795, 397, 397, 795, 397, 400, 398, 397, 792, 397, 397, 397, 397, 397, 397, 397, 397, 795, 397, 397, 397, )

time 0 = 10482 us

loop counter = (709, 709, 354, 354, 709, 354, 357, 355, 354, 706, 354, 354, 354, 354, 354, 354, 354, 354, 709, 354, 354, 354, )

time 0 = 8463 us

loop counter = (651, 651, 325, 325, 651, 325, 328, 326, 325, 648, 325, 325, 325, 325, 325, 325, 325, 325, 651, 325, 325, 325, )

time 0 = 6939 us

loop counter = (579, 579, 289, 289, 579, 289, 292, 290, 289, 576, 289, 289, 289, 289, 289, 289, 289, 289, 579, 289, 289, 289, )

time 0 = 5480 us

loop counter = (647, 647, 323, 323, 647, 323, 326, 324, 323, 644, 323, 323, 323, 323, 323, 323, 323, 323, 647, 323, 323, 323, )

time 0 = 6643 us

loop counter = (637, 637, 318, 318, 637, 318, 321, 319, 318, 634, 318, 318, 318, 318, 318, 318, 318, 318, 637, 318, 318, 318, )

time 0 = 9100 us

loop counter = (265, 265, 132, 132, 265, 132, 135, 133, 132, 262, 132, 132, 132, 132, 132, 132, 132, 132, 265, 132, 132, 132, )

time 0 = 1969 us

loop counter = (387, 387, 193, 193, 387, 193, 196, 194, 193, 384, 193, 193, 193, 193, 193, 193, 193, 193, 387, 193, 193, 193, )

time 0 = 2879 us

loop counter = (909, 909, 454, 454, 909, 454, 457, 455, 454, 906, 454, 454, 454, 454, 454, 454, 454, 454, 909, 454, 454, 454, )

time 0 = 12625 us

loop counter = (401, 401, 200, 200, 401, 200, 203, 201, 200, 398, 200, 200, 200, 200, 200, 200, 200, 200, 401, 200, 200, 200, )

time 0 = 3222 us

loop counter = (737, 737, 368, 368, 737, 368, 371, 369, 368, 734, 368, 368, 368, 368, 368, 368, 368, 368, 737, 368, 368, 368, )

time 0 = 9196 us

loop counter = (865, 865, 432, 432, 865, 432, 435, 433, 432, 862, 432, 432, 432, 432, 432, 432, 432, 432, 865, 432, 432, 432, )

time 0 = 12657 us

loop counter = (185, 185, 92, 92, 185, 92, 95, 93, 92, 182, 92, 92, 92, 92, 92, 92, 92, 92, 185, 92, 92, 92, )

time 0 = 1056 us

loop counter = (173, 173, 86, 86, 173, 86, 89, 87, 86, 170, 86, 86, 86, 86, 86, 86, 86, 86, 173, 86, 86, 86, )

time 0 = 1015 us

loop counter = (869, 869, 434, 434, 869, 434, 437, 435, 434, 866, 434, 434, 434, 434, 434, 434, 434, 434, 869, 434, 434, 434, )

time 0 = 12447 us

loop counter = (201, 201, 100, 100, 201, 100, 103, 101, 100, 198, 100, 100, 100, 100, 100, 100, 100, 100, 201, 100, 100, 100, )

time 0 = 1138 us

loop counter = (817, 817, 408, 408, 817, 408, 411, 409, 408, 814, 408, 408, 408, 408, 408, 408, 408, 408, 817, 408, 408, 408, )

time 0 = 10539 us

loop counter = (509, 509, 254, 254, 509, 254, 257, 255, 254, 506, 254, 254, 254, 254, 254, 254, 254, 254, 509, 254, 254, 254, )

time 0 = 4520 us

loop counter = (643, 643, 321, 321, 643, 321, 324, 322, 321, 640, 321, 321, 321, 321, 321, 321, 321, 321, 643, 321, 321, 321, )

time 0 = 6858 us

loop counter = (607, 607, 303, 303, 607, 303, 306, 304, 303, 604, 303, 303, 303, 303, 303, 303, 303, 303, 607, 303, 303, 303, )

time 0 = 7384 us

loop counter = (745, 745, 372, 372, 745, 372, 375, 373, 372, 742, 372, 372, 372, 372, 372, 372, 372, 372, 745, 372, 372, 372, )

time 0 = 14172 us

loop counter = (415, 415, 207, 207, 415, 207, 210, 208, 207, 412, 207, 207, 207, 207, 207, 207, 207, 207, 415, 207, 207, 207, )

time 0 = 3333 us

loop counter = (833, 833, 416, 416, 833, 416, 419, 417, 416, 830, 416, 416, 416, 416, 416, 416, 416, 416, 833, 416, 416, 416, )

time 0 = 10797 us

loop counter = (585, 585, 292, 292, 585, 292, 295, 293, 292, 582, 292, 292, 292, 292, 292, 292, 292, 292, 585, 292, 292, 292, )

time 0 = 5568 us

loop counter = (903, 903, 451, 451, 903, 451, 454, 452, 451, 900, 451, 451, 451, 451, 451, 451, 451, 451, 903, 451, 451, 451, )

time 0 = 14229 us

loop counter = (741, 741, 370, 370, 741, 370, 373, 371, 370, 738, 370, 370, 370, 370, 370, 370, 370, 370, 741, 370, 370, 370, )

time 0 = 8600 us

loop counter = (745, 745, 372, 372, 745, 372, 375, 373, 372, 742, 372, 372, 372, 372, 372, 372, 372, 372, 745, 372, 372, 372, )

time 0 = 9518 us

loop counter = (807, 807, 403, 403, 807, 403, 406, 404, 403, 804, 403, 403, 403, 403, 403, 403, 403, 403, 807, 403, 403, 403, )

time 0 = 11300 us

loop counter = (313, 313, 156, 156, 313, 156, 159, 157, 156, 310, 156, 156, 156, 156, 156, 156, 156, 156, 313, 156, 156, 156, )

time 0 = 2113 us

loop counter = (873, 873, 436, 436, 873, 436, 439, 437, 436, 870, 436, 436, 436, 436, 436, 436, 436, 436, 873, 436, 436, 436, )

time 0 = 11177 us

loop counter = (311, 311, 155, 155, 311, 155, 158, 156, 155, 308, 155, 155, 155, 155, 155, 155, 155, 155, 311, 155, 155, 155, )

time 0 = 1958 us

loop counter = (761, 761, 380, 380, 761, 380, 383, 381, 380, 758, 380, 380, 380, 380, 380, 380, 380, 380, 761, 380, 380, 380, )

time 0 = 7767 us

loop counter = (907, 907, 453, 453, 907, 453, 456, 454, 453, 904, 453, 453, 453, 453, 453, 453, 453, 453, 907, 453, 453, 453, )

time 0 = 13411 us

loop counter = (611, 611, 305, 305, 611, 305, 308, 306, 305, 608, 305, 305, 305, 305, 305, 305, 305, 305, 611, 305, 305, 305, )

time 0 = 7626 us

loop counter = (289, 289, 144, 144, 289, 144, 147, 145, 144, 286, 144, 144, 144, 144, 144, 144, 144, 144, 289, 144, 144, 144, )

time 0 = 1899 us

