loop counter = (0, 0, 0, 0, 0, 0, 0, 0, 0, 0, 0, 0, 0, 0, 0, 0, 0, 0, 0, 0, 0, 0, 0, 1, 0, 561, 0, 71703, 1147248, 4588992, 1434060, 1434060, 1434060, 1434060, 0, 0, 0, 0, 0, 0, 0, 16, 64, 20, 20, 20, 20, )
7e2c6d55 153fd605 d87f9459 1910f3ae 796a9a96
time 0 = 41901 us
loop counter = (0, 0, 0, 0, 0, 0, 0, 0, 0, 0, 0, 0, 0, 0, 0, 0, 0, 0, 0, 0, 0, 0, 0, 1, 0, 557, 0, 71243, 1139888, 4559552, 1424860, 1424860, 1424860, 1424860, 0, 0, 0, 0, 0, 0, 0, 16, 64, 20, 20, 20, 20, )
e80fd72e d0f40dca a31d464f c0090d8d 059212a3
time 0 = 41458 us
loop counter = (0, 0, 0, 0, 0, 0, 0, 0, 0, 0, 0, 0, 0, 0, 0, 0, 0, 0, 0, 0, 0, 0, 0, 1, 0, 224, 0, 28577, 457232, 1828928, 571540, 571540, 571540, 571540, 0, 0, 0, 0, 0, 0, 0, 16, 64, 20, 20, 20, 20, )
0878b309 61d2cad4 95b9a7d9 fbb300e0 87e0f848
time 0 = 16642 us
loop counter = (0, 0, 0, 0, 0, 0, 0, 0, 0, 0, 0, 0, 0, 0, 0, 0, 0, 0, 0, 0, 0, 0, 0, 1, 0, 485, 0, 62020, 992320, 3969280, 1240400, 1240400, 1240400, 1240400, 0, 0, 0, 0, 0, 0, 0, 16, 64, 20, 20, 20, 20, )
a23ada7d 882aa15f bf5914d4 cd28225d b2c91d57
time 0 = 36114 us
loop counter = (0, 0, 0, 0, 0, 0, 0, 0, 0, 0, 0, 0, 0, 0, 0, 0, 0, 0, 0, 0, 0, 0, 0, 1, 0, 179, 0, 22794, 364704, 1458816, 455880, 455880, 455880, 455880, 0, 0, 0, 0, 0, 0, 0, 16, 64, 20, 20, 20, 20, )
4aa6efb3 e8895a19 09207736 85bcd1a8 5ed30f6f
time 0 = 13283 us
loop counter = (0, 0, 0, 0, 0, 0, 0, 0, 0, 0, 0, 0, 0, 0, 0, 0, 0, 0, 0, 0, 0, 0, 0, 1, 0, 35, 0, 4363, 69808, 279232, 87260, 87260, 87260, 87260, 0, 0, 0, 0, 0, 0, 0, 16, 64, 20, 20, 20, 20, )
b19056fd 2c5cf9d3 24317be7 30b8904b 754cb1d5
time 0 = 2559 us
loop counter = (0, 0, 0, 0, 0, 0, 0, 0, 0, 0, 0, 0, 0, 0, 0, 0, 0, 0, 0, 0, 0, 0, 0, 1, 0, 103, 0, 13068, 209088, 836352, 261360, 261360, 261360, 261360, 0, 0, 0, 0, 0, 0, 0, 16, 64, 20, 20, 20, 20, )
902f56e8 cef89ebb 3ab87489 961c2a06 29c6c353
time 0 = 7626 us
loop counter = (0, 0, 0, 0, 0, 0, 0, 0, 0, 0, 0, 0, 0, 0, 0, 0, 0, 0, 0, 0, 0, 0, 0, 1, 0, 28, 0, 3551, 56816, 227264, 71020, 71020, 71020, 71020, 0, 0, 0, 0, 0, 0, 0, 16, 64, 20, 20, 20, 20, )
976604df b6676963 5004563b cc434deb 26950c7c
time 0 = 2115 us
loop counter = (0, 0, 0, 0, 0, 0, 0, 0, 0, 0, 0, 0, 0, 0, 0, 0, 0, 0, 0, 0, 0, 0, 0, 1, 0, 64, 0, 8105, 129680, 518720, 162100, 162100, 162100, 162100, 0, 0, 0, 0, 0, 0, 0, 16, 64, 20, 20, 20, 20, )
7e5bc357 0451319c 7c1c94a4 43e6e12e 6897a457
time 0 = 4719 us
loop counter = (0, 0, 0, 0, 0, 0, 0, 0, 0, 0, 0, 0, 0, 0, 0, 0, 0, 0, 0, 0, 0, 0, 0, 1, 0, 4, 0, 465, 7440, 29760, 9300, 9300, 9300, 9300, 0, 0, 0, 0, 0, 0, 0, 16, 64, 20, 20, 20, 20, )
1e62c19e 9e47cc37 64ebdac0 4b28e89b ef79c4d3
time 0 = 311 us
loop counter = (0, 0, 0, 0, 0, 0, 0, 0, 0, 0, 0, 0, 0, 0, 0, 0, 0, 0, 0, 0, 0, 0, 0, 1, 0, 543, 0, 69387, 1110192, 4440768, 1387740, 1387740, 1387740, 1387740, 0, 0, 0, 0, 0, 0, 0, 16, 64, 20, 20, 20, 20, )
5b9ec56d 9db9086a a1f37d7d 1ec76446 0fbf1709
time 0 = 41269 us
loop counter = (0, 0, 0, 0, 0, 0, 0, 0, 0, 0, 0, 0, 0, 0, 0, 0, 0, 0, 0, 0, 0, 0, 0, 1, 0, 258, 0, 32897, 526352, 2105408, 657940, 657940, 657940, 657940, 0, 0, 0, 0, 0, 0, 0, 16, 64, 20, 20, 20, 20, )
c91e44c7 a6f2149f 3052da21 0df93bcf 1ba561c0
time 0 = 19136 us
loop counter = (0, 0, 0, 0, 0, 0, 0, 0, 0, 0, 0, 0, 0, 0, 0, 0, 0, 0, 0, 0, 0, 0, 0, 1, 0, 523, 0, 66885, 1070160, 4280640, 1337700, 1337700, 1337700, 1337700, 0, 0, 0, 0, 0, 0, 0, 16, 64, 20, 20, 20, 20, )
069594d4 56a2682d fd0287a2 8fc3d28a eae330be
time 0 = 39026 us
loop counter = (0, 0, 0, 0, 0, 0, 0, 0, 0, 0, 0, 0, 0, 0, 0, 0, 0, 0, 0, 0, 0, 0, 0, 1, 0, 198, 0, 25280, 404480, 1617920, 505600, 505600, 505600, 505600, 0, 0, 0, 0, 0, 0, 0, 16, 64, 20, 20, 20, 20, )
936a7151 a49a4d77 249be2e3 eb8f6423 f7938f01
time 0 = 14766 us
loop counter = (0, 0, 0, 0, 0, 0, 0, 0, 0, 0, 0, 0, 0, 0, 0, 0, 0, 0, 0, 0, 0, 0, 0, 1, 0, 310, 0, 39658, 634528, 2538112, 793160, 793160, 793160, 793160, 0, 0, 0, 0, 0, 0, 0, 16, 64, 20, 20, 20, 20, )
2aefc02b 12d4e531 e8a13718 f1a876cf d61ab669
time 0 = 23503 us
loop counter = (0, 0, 0, 0, 0, 0, 0, 0, 0, 0, 0, 0, 0, 0, 0, 0, 0, 0, 0, 0, 0, 0, 0, 1, 0, 172, 0, 22008, 352128, 1408512, 440160, 440160, 440160, 440160, 0, 0, 0, 0, 0, 0, 0, 16, 64, 20, 20, 20, 20, )
5c56004c 62ed01c6 ee713c43 a3ff1082 f18940d0
time 0 = 12790 us
loop counter = (0, 0, 0, 0, 0, 0, 0, 0, 0, 0, 0, 0, 0, 0, 0, 0, 0, 0, 0, 0, 0, 0, 0, 1, 0, 403, 0, 51511, 824176, 3296704, 1030220, 1030220, 1030220, 1030220, 0, 0, 0, 0, 0, 0, 0, 16, 64, 20, 20, 20, 20, )
3dbc21fc 22f8658a 6475c5b2 2e9062c6 f7d7a563
time 0 = 30018 us
loop counter = (0, 0, 0, 0, 0, 0, 0, 0, 0, 0, 0, 0, 0, 0, 0, 0, 0, 0, 0, 0, 0, 0, 0, 1, 0, 440, 0, 56255, 900080, 3600320, 1125100, 1125100, 1125100, 1125100, 0, 0, 0, 0, 0, 0, 0, 16, 64, 20, 20, 20, 20, )
9decacbf 455f6f3d 059eade6 23224e29 8fc42a6b
time 0 = 32767 us
loop counter = (0, 0, 0, 0, 0, 0, 0, 0, 0, 0, 0, 0, 0, 0, 0, 0, 0, 0, 0, 0, 0, 0, 0, 1, 0, 50, 0, 6322, 101152, 404608, 126440, 126440, 126440, 126440, 0, 0, 0, 0, 0, 0, 0, 16, 64, 20, 20, 20, 20, )
42c611bd 35b58adf c53a7c1e ab941b25 90c2b4c3
time 0 = 3697 us
loop counter = (0, 0, 0, 0, 0, 0, 0, 0, 0, 0, 0, 0, 0, 0, 0, 0, 0, 0, 0, 0, 0, 0, 0, 1, 0, 341, 0, 43596, 697536, 2790144, 871920, 871920, 871920, 871920, 1, 16, 64, 20, 20, 20, 20, 16, 64, 20, 20, 20, 20, )
38f3ae1f 6aaac069 b2a7e3e3 64ad69af a4ad62a2
time 0 = 25479 us
loop counter = (0, 0, 0, 0, 0, 0, 0, 0, 0, 0, 0, 0, 0, 0, 0, 0, 0, 0, 0, 0, 0, 0, 0, 1, 0, 374, 0, 47837, 765392, 3061568, 956740, 956740, 956740, 956740, 0, 0, 0, 0, 0, 0, 0, 16, 64, 20, 20, 20, 20, )
a2bc5f7c 7ff7a873 3a891f95 eca955f8 c7c299a3
time 0 = 27958 us
loop counter = (0, 0, 0, 0, 0, 0, 0, 0, 0, 0, 0, 0, 0, 0, 0, 0, 0, 0, 0, 0, 0, 0, 0, 1, 0, 449, 0, 57433, 918928, 3675712, 1148660, 1148660, 1148660, 1148660, 0, 0, 0, 0, 0, 0, 0, 16, 64, 20, 20, 20, 20, )
eb6a3b98 0327cd48 9512b89b 71525466 e5f35ba8
time 0 = 33541 us
loop counter = (0, 0, 0, 0, 0, 0, 0, 0, 0, 0, 0, 0, 0, 0, 0, 0, 0, 0, 0, 0, 0, 0, 0, 1, 0, 109, 0, 13884, 222144, 888576, 277680, 277680, 277680, 277680, 0, 0, 0, 0, 0, 0, 0, 16, 64, 20, 20, 20, 20, )
0c2044d1 530764d3 d8381046 42ec1559 575cf51a
time 0 = 8087 us
loop counter = (0, 0, 0, 0, 0, 0, 0, 0, 0, 0, 0, 0, 0, 0, 0, 0, 0, 0, 0, 0, 0, 0, 0, 1, 0, 390, 0, 49874, 797984, 3191936, 997480, 997480, 997480, 997480, 0, 0, 0, 0, 0, 0, 0, 16, 64, 20, 20, 20, 20, )
3cc773b0 ca78f8ad 1039221e 28cb2e0c 4099d142
time 0 = 29008 us
loop counter = (0, 0, 0, 0, 0, 0, 0, 0, 0, 0, 0, 0, 0, 0, 0, 0, 0, 0, 0, 0, 0, 0, 0, 1, 0, 364, 0, 46516, 744256, 2977024, 930320, 930320, 930320, 930320, 0, 0, 0, 0, 0, 0, 0, 16, 64, 20, 20, 20, 20, )
71aefe43 fe1ce3c4 c601cbee 07e83ef5 1e6d0353
time 0 = 27178 us
loop counter = (0, 0, 0, 0, 0, 0, 0, 0, 0, 0, 0, 0, 0, 0, 0, 0, 0, 0, 0, 0, 0, 0, 0, 1, 0, 552, 0, 70557, 1128912, 4515648, 1411140, 1411140, 1411140, 1411140, 0, 0, 0, 0, 0, 0, 0, 16, 64, 20, 20, 20, 20, )
e82ee3ba 14069ed9 3f1a8599 9c5ad93b 951b8cd4
time 0 = 40932 us
loop counter = (0, 0, 0, 0, 0, 0, 0, 0, 0, 0, 0, 0, 0, 0, 0, 0, 0, 0, 0, 0, 0, 0, 0, 1, 0, 316, 0, 40440, 647040, 2588160, 808800, 808800, 808800, 808800, 0, 0, 0, 0, 0, 0, 0, 16, 64, 20, 20, 20, 20, )
4142284e a3ae8b79 28079dce e6850c9b 163331ad
time 0 = 23601 us
loop counter = (0, 0, 0, 0, 0, 0, 0, 0, 0, 0, 0, 0, 0, 0, 0, 0, 0, 0, 0, 0, 0, 0, 0, 1, 0, 313, 0, 40048, 640768, 2563072, 800960, 800960, 800960, 800960, 1, 16, 64, 20, 20, 20, 20, 16, 64, 20, 20, 20, 20, )
d8bb77d2 162c443d a200a2b3 f1073c07 42408dc7
time 0 = 23268 us
loop counter = (0, 0, 0, 0, 0, 0, 0, 0, 0, 0, 0, 0, 0, 0, 0, 0, 0, 0, 0, 0, 0, 0, 0, 1, 0, 96, 0, 12276, 196416, 785664, 245520, 245520, 245520, 245520, 0, 0, 0, 0, 0, 0, 0, 16, 64, 20, 20, 20, 20, )
53edae96 abcc5067 f0505ea7 5bec0eb9 4e02e559
time 0 = 7163 us
loop counter = (0, 0, 0, 0, 0, 0, 0, 0, 0, 0, 0, 0, 0, 0, 0, 0, 0, 0, 0, 0, 0, 0, 0, 1, 0, 395, 0, 50557, 808912, 3235648, 1011140, 1011140, 1011140, 1011140, 0, 0, 0, 0, 0, 0, 0, 16, 64, 20, 20, 20, 20, )
ce48a1d0 938cbfce 762273cc c320d5e2 699555db
time 0 = 29410 us
loop counter = (0, 0, 0, 0, 0, 0, 0, 0, 0, 0, 0, 0, 0, 0, 0, 0, 0, 0, 0, 0, 0, 0, 0, 1, 0, 380, 0, 48620, 777920, 3111680, 972400, 972400, 972400, 972400, 0, 0, 0, 0, 0, 0, 0, 16, 64, 20, 20, 20, 20, )
6c570475 f16133dd 2f9c27bb 2994c3c8 60ede784
time 0 = 28315 us
loop counter = (0, 0, 0, 0, 0, 0, 0, 0, 0, 0, 0, 0, 0, 0, 0, 0, 0, 0, 0, 0, 0, 0, 0, 1, 0, 24, 0, 3044, 48704, 194816, 60880, 60880, 60880, 60880, 0, 0, 0, 0, 0, 0, 0, 16, 64, 20, 20, 20, 20, )
97b9dc39 48c67fde c43bf4ee fb77d4cf 1070b35a
time 0 = 1796 us
loop counter = (0, 0, 0, 0, 0, 0, 0, 0, 0, 0, 0, 0, 0, 0, 0, 0, 0, 0, 0, 0, 0, 0, 0, 1, 0, 230, 0, 29393, 470288, 1881152, 587860, 587860, 587860, 587860, 0, 0, 0, 0, 0, 0, 0, 16, 64, 20, 20, 20, 20, )
a0a0629a 70b86a8a 92d2bbaa 82e15a60 51efebea
time 0 = 17114 us
loop counter = (0, 0, 0, 0, 0, 0, 0, 0, 0, 0, 0, 0, 0, 0, 0, 0, 0, 0, 0, 0, 0, 0, 0, 1, 0, 183, 0, 23385, 374160, 1496640, 467700, 467700, 467700, 467700, 0, 0, 0, 0, 0, 0, 0, 16, 64, 20, 20, 20, 20, )
a345001b 1433b5d6 d9700247 cfdd03ff 6b39d1ac
time 0 = 13686 us
loop counter = (0, 0, 0, 0, 0, 0, 0, 0, 0, 0, 0, 0, 0, 0, 0, 0, 0, 0, 0, 0, 0, 0, 0, 1, 0, 25, 0, 3137, 50192, 200768, 62740, 62740, 62740, 62740, 0, 0, 0, 0, 0, 0, 0, 16, 64, 20, 20, 20, 20, )
e5341f7a e6d98f0e 9848022f 2c48fca7 6435e01a
time 0 = 1851 us
loop counter = (0, 0, 0, 0, 0, 0, 0, 0, 0, 0, 0, 0, 0, 0, 0, 0, 0, 0, 0, 0, 0, 0, 0, 1, 0, 71, 0, 8968, 143488, 573952, 179360, 179360, 179360, 179360, 1, 16, 64, 20, 20, 20, 20, 16, 64, 20, 20, 20, 20, )
d1ed0886 8df20a10 28c7c77c f35a71e2 c6906c26
time 0 = 5247 us
loop counter = (0, 0, 0, 0, 0, 0, 0, 0, 0, 0, 0, 0, 0, 0, 0, 0, 0, 0, 0, 0, 0, 0, 0, 1, 0, 95, 0, 12064, 193024, 772096, 241280, 241280, 241280, 241280, 0, 0, 0, 0, 0, 0, 0, 16, 64, 20, 20, 20, 20, )
e2f6bb8e 8dae23b4 50e45390 89b0ff47 c3038ac0
time 0 = 7035 us
loop counter = (0, 0, 0, 0, 0, 0, 0, 0, 0, 0, 0, 0, 0, 0, 0, 0, 0, 0, 0, 0, 0, 0, 0, 1, 0, 178, 0, 22690, 363040, 1452160, 453800, 453800, 453800, 453800, 1, 16, 64, 20, 20, 20, 20, 16, 64, 20, 20, 20, 20, )
77109e3d 851d1e34 8ace7fb9 b1d68a06 aca7de14
time 0 = 13159 us
loop counter = (0, 0, 0, 0, 0, 0, 0, 0, 0, 0, 0, 0, 0, 0, 0, 0, 0, 0, 0, 0, 0, 0, 0, 1, 0, 492, 0, 62899, 1006384, 4025536, 1257980, 1257980, 1257980, 1257980, 0, 0, 0, 0, 0, 0, 0, 16, 64, 20, 20, 20, 20, )
e222372d 20ee9315 9c447ae6 dfb73d34 c09ba482
time 0 = 36703 us
loop counter = (0, 0, 0, 0, 0, 0, 0, 0, 0, 0, 0, 0, 0, 0, 0, 0, 0, 0, 0, 0, 0, 0, 0, 1, 0, 194, 0, 24820, 397120, 1588480, 496400, 496400, 496400, 496400, 0, 0, 0, 0, 0, 0, 0, 16, 64, 20, 20, 20, 20, )
9fba7ea5 5fc10f5e a5bc4204 57c34526 bb62cc49
time 0 = 14443 us
loop counter = (0, 0, 0, 0, 0, 0, 0, 0, 0, 0, 0, 0, 0, 0, 0, 0, 0, 0, 0, 0, 0, 0, 0, 1, 0, 199, 0, 25353, 405648, 1622592, 507060, 507060, 507060, 507060, 0, 0, 0, 0, 0, 0, 0, 16, 64, 20, 20, 20, 20, )
f4e78ec5 760b7ffa 01b94f20 e7e5337c e3478c92
time 0 = 14624 us
loop counter = (0, 0, 0, 0, 0, 0, 0, 0, 0, 0, 0, 0, 0, 0, 0, 0, 0, 0, 0, 0, 0, 0, 0, 1, 0, 373, 0, 47627, 762032, 3048128, 952540, 952540, 952540, 952540, 0, 0, 0, 0, 0, 0, 0, 16, 64, 20, 20, 20, 20, )
e013a402 be3c8ef1 4069344f 753f3b6e 53817576
time 0 = 27399 us
loop counter = (0, 0, 0, 0, 0, 0, 0, 0, 0, 0, 0, 0, 0, 0, 0, 0, 0, 0, 0, 0, 0, 0, 0, 1, 0, 510, 0, 65267, 1044272, 4177088, 1305340, 1305340, 1305340, 1305340, 0, 0, 0, 0, 0, 0, 0, 16, 64, 20, 20, 20, 20, )
479dde0f 7c549ed9 5534713a 278cab6b 8b7c483d
time 0 = 38066 us
loop counter = (0, 0, 0, 0, 0, 0, 0, 0, 0, 0, 0, 0, 0, 0, 0, 0, 0, 0, 0, 0, 0, 0, 0, 1, 0, 270, 0, 34518, 552288, 2209152, 690360, 690360, 690360, 690360, 1, 16, 64, 20, 20, 20, 20, 16, 64, 20, 20, 20, 20, )
b943dc2a 2f4a2471 54bc3082 14830ad9 df3389a6
time 0 = 20107 us
loop counter = (0, 0, 0, 0, 0, 0, 0, 0, 0, 0, 0, 0, 0, 0, 0, 0, 0, 0, 0, 0, 0, 0, 0, 1, 0, 172, 0, 21971, 351536, 1406144, 439420, 439420, 439420, 439420, 0, 0, 0, 0, 0, 0, 0, 16, 64, 20, 20, 20, 20, )
365b8c0b f08c0dc2 6231cf48 96164b16 b98bba0c
time 0 = 12819 us
loop counter = (0, 0, 0, 0, 0, 0, 0, 0, 0, 0, 0, 0, 0, 0, 0, 0, 0, 0, 0, 0, 0, 0, 0, 1, 0, 539, 0, 68947, 1103152, 4412608, 1378940, 1378940, 1378940, 1378940, 0, 0, 0, 0, 0, 0, 0, 16, 64, 20, 20, 20, 20, )
a8ae43b5 dbe0bc48 ef8b78df 03aa52ae 97c0c5fa
time 0 = 40089 us
loop counter = (0, 0, 0, 0, 0, 0, 0, 0, 0, 0, 0, 0, 0, 0, 0, 0, 0, 0, 0, 0, 0, 0, 0, 1, 0, 453, 0, 57907, 926512, 3706048, 1158140, 1158140, 1158140, 1158140, 0, 0, 0, 0, 0, 0, 0, 16, 64, 20, 20, 20, 20, )
0daf6049 5a603e74 a6614a72 f6f36651 b4f9c51e
time 0 = 33893 us
loop counter = (0, 0, 0, 0, 0, 0, 0, 0, 0, 0, 0, 0, 0, 0, 0, 0, 0, 0, 0, 0, 0, 0, 0, 1, 0, 486, 0, 62126, 994016, 3976064, 1242520, 1242520, 1242520, 1242520, 0, 0, 0, 0, 0, 0, 0, 16, 64, 20, 20, 20, 20, )
d461039f c3ac361a 4feabc5a b3f3157a 72757f75
time 0 = 36281 us
loop counter = (0, 0, 0, 0, 0, 0, 0, 0, 0, 0, 0, 0, 0, 0, 0, 0, 0, 0, 0, 0, 0, 0, 0, 1, 0, 86, 0, 10962, 175392, 701568, 219240, 219240, 219240, 219240, 0, 0, 0, 0, 0, 0, 0, 16, 64, 20, 20, 20, 20, )
0ed90092 84cffa7a 5beaaa59 4f0fbd70 48a59207
time 0 = 6415 us
loop counter = (0, 0, 0, 0, 0, 0, 0, 0, 0, 0, 0, 0, 0, 0, 0, 0, 0, 0, 0, 0, 0, 0, 0, 1, 0, 28, 0, 3542, 56672, 226688, 70840, 70840, 70840, 70840, 0, 0, 0, 0, 0, 0, 0, 16, 64, 20, 20, 20, 20, )
68ea869d 4d908992 3d42ac61 4b8ee236 6fbb7410
time 0 = 2097 us
loop counter = (0, 0, 0, 0, 0, 0, 0, 0, 0, 0, 0, 0, 0, 0, 0, 0, 0, 0, 0, 0, 0, 0, 0, 1, 0, 544, 0, 69542, 1112672, 4450688, 1390840, 1390840, 1390840, 1390840, 0, 0, 0, 0, 0, 0, 0, 16, 64, 20, 20, 20, 20, )
c68344ba 46820984 c99729f2 2da8faa6 d878116f
time 0 = 40535 us
loop counter = (0, 0, 0, 0, 0, 0, 0, 0, 0, 0, 0, 0, 0, 0, 0, 0, 0, 0, 0, 0, 0, 0, 0, 1, 0, 283, 0, 36206, 579296, 2317184, 724120, 724120, 724120, 724120, 0, 0, 0, 0, 0, 0, 0, 16, 64, 20, 20, 20, 20, )
98eb66d1 c5287023 b957b551 861d5a50 c97ef2a5
time 0 = 21076 us
loop counter = (0, 0, 0, 0, 0, 0, 0, 0, 0, 0, 0, 0, 0, 0, 0, 0, 0, 0, 0, 0, 0, 0, 0, 1, 0, 441, 0, 56396, 902336, 3609344, 1127920, 1127920, 1127920, 1127920, 0, 0, 0, 0, 0, 0, 0, 16, 64, 20, 20, 20, 20, )
64f25c59 f386a95f e637c03e bd354979 ca9814ff
time 0 = 32894 us
loop counter = (0, 0, 0, 0, 0, 0, 0, 0, 0, 0, 0, 0, 0, 0, 0, 0, 0, 0, 0, 0, 0, 0, 0, 1, 0, 487, 0, 62328, 997248, 3988992, 1246560, 1246560, 1246560, 1246560, 0, 0, 0, 0, 0, 0, 0, 16, 64, 20, 20, 20, 20, )
69b6297a 181c0571 bb881628 59bc14d2 1bc769e6
time 0 = 36299 us
loop counter = (0, 0, 0, 0, 0, 0, 0, 0, 0, 0, 0, 0, 0, 0, 0, 0, 0, 0, 0, 0, 0, 0, 0, 1, 0, 391, 0, 49981, 799696, 3198784, 999620, 999620, 999620, 999620, 1, 16, 64, 20, 20, 20, 20, 16, 64, 20, 20, 20, 20, )
66a8c6ac 5108ac5c 16708af1 7f7babea 4b4a0d2a
time 0 = 29145 us
loop counter = (0, 0, 0, 0, 0, 0, 0, 0, 0, 0, 0, 0, 0, 0, 0, 0, 0, 0, 0, 0, 0, 0, 0, 1, 0, 54, 0, 6866, 109856, 439424, 137320, 137320, 137320, 137320, 0, 0, 0, 0, 0, 0, 0, 16, 64, 20, 20, 20, 20, )
2fe39154 f7c4306d 9dfd6690 63057f7f 365b745b
time 0 = 4033 us
loop counter = (0, 0, 0, 0, 0, 0, 0, 0, 0, 0, 0, 0, 0, 0, 0, 0, 0, 0, 0, 0, 0, 0, 0, 1, 0, 345, 0, 44093, 705488, 2821952, 881860, 881860, 881860, 881860, 0, 0, 0, 0, 0, 0, 0, 16, 64, 20, 20, 20, 20, )
9e89f279 d2c10dbe 25a76c24 504c3d63 5487902e
time 0 = 26179 us
loop counter = (0, 0, 0, 0, 0, 0, 0, 0, 0, 0, 0, 0, 0, 0, 0, 0, 0, 0, 0, 0, 0, 0, 0, 1, 0, 533, 0, 68169, 1090704, 4362816, 1363380, 1363380, 1363380, 1363380, 0, 0, 0, 0, 0, 0, 0, 16, 64, 20, 20, 20, 20, )
184707f0 5ddd4c24 5c303438 ebe6e0f4 cba121a1
time 0 = 42735 us
loop counter = (0, 0, 0, 0, 0, 0, 0, 0, 0, 0, 0, 0, 0, 0, 0, 0, 0, 0, 0, 0, 0, 0, 0, 1, 0, 530, 0, 67771, 1084336, 4337344, 1355420, 1355420, 1355420, 1355420, 1, 16, 64, 20, 20, 20, 20, 16, 64, 20, 20, 20, 20, )
071a7f5c 1c239e01 896aa6b5 b900cc59 319d5dd3
time 0 = 40209 us
loop counter = (0, 0, 0, 0, 0, 0, 0, 0, 0, 0, 0, 0, 0, 0, 0, 0, 0, 0, 0, 0, 0, 0, 0, 1, 0, 273, 0, 34819, 557104, 2228416, 696380, 696380, 696380, 696380, 0, 0, 0, 0, 0, 0, 0, 16, 64, 20, 20, 20, 20, )
dc56317d ba40675b cadbbe02 6c70e322 5ee47c36
time 0 = 20721 us
loop counter = (0, 0, 0, 0, 0, 0, 0, 0, 0, 0, 0, 0, 0, 0, 0, 0, 0, 0, 0, 0, 0, 0, 0, 1, 0, 340, 0, 43429, 694864, 2779456, 868580, 868580, 868580, 868580, 0, 0, 0, 0, 0, 0, 0, 16, 64, 20, 20, 20, 20, )
191b58b2 6f48d0d3 c4e2c879 1e2981a4 756102a6
time 0 = 25727 us
loop counter = (0, 0, 0, 0, 0, 0, 0, 0, 0, 0, 0, 0, 0, 0, 0, 0, 0, 0, 0, 0, 0, 0, 0, 1, 0, 295, 0, 37637, 602192, 2408768, 752740, 752740, 752740, 752740, 0, 0, 0, 0, 0, 0, 0, 16, 64, 20, 20, 20, 20, )
b8afa6c9 fcb61122 5f3417e7 91a2c210 69ef74ec
time 0 = 22372 us
loop counter = (0, 0, 0, 0, 0, 0, 0, 0, 0, 0, 0, 0, 0, 0, 0, 0, 0, 0, 0, 0, 0, 0, 0, 1, 0, 387, 0, 49529, 792464, 3169856, 990580, 990580, 990580, 990580, 0, 0, 0, 0, 0, 0, 0, 16, 64, 20, 20, 20, 20, )
94605011 acf74c24 d8f4a7f6 cef1595c d459a67b
time 0 = 29314 us
loop counter = (0, 0, 0, 0, 0, 0, 0, 0, 0, 0, 0, 0, 0, 0, 0, 0, 0, 0, 0, 0, 0, 0, 0, 1, 0, 203, 0, 25936, 414976, 1659904, 518720, 518720, 518720, 518720, 0, 0, 0, 0, 0, 0, 0, 16, 64, 20, 20, 20, 20, )
0d4f913b 767373aa 8b16b379 e1b09fff 520fad35
time 0 = 15459 us
loop counter = (0, 0, 0, 0, 0, 0, 0, 0, 0, 0, 0, 0, 0, 0, 0, 0, 0, 0, 0, 0, 0, 0, 0, 1, 0, 267, 0, 34074, 545184, 2180736, 681480, 681480, 681480, 681480, 1, 16, 64, 20, 20, 20, 20, 16, 64, 20, 20, 20, 20, )
ceec9953 a75d606c 04919305 5ca3d3c7 db55539d
time 0 = 20263 us
loop counter = (0, 0, 0, 0, 0, 0, 0, 0, 0, 0, 0, 0, 0, 0, 0, 0, 0, 0, 0, 0, 0, 0, 0, 1, 0, 521, 0, 66629, 1066064, 4264256, 1332580, 1332580, 1332580, 1332580, 1, 16, 64, 20, 20, 20, 20, 16, 64, 20, 20, 20, 20, )
1e6fba74 855f68a3 edc5e9bf fada72a6 d4144917
time 0 = 39460 us
loop counter = (0, 0, 0, 0, 0, 0, 0, 0, 0, 0, 0, 0, 0, 0, 0, 0, 0, 0, 0, 0, 0, 0, 0, 1, 0, 359, 0, 45882, 734112, 2936448, 917640, 917640, 917640, 917640, 1, 16, 64, 20, 20, 20, 20, 16, 64, 20, 20, 20, 20, )
60e1c233 bacbdefa 6f1f7358 9c61332f 047d5ad6
time 0 = 27360 us
loop counter = (0, 0, 0, 0, 0, 0, 0, 0, 0, 0, 0, 0, 0, 0, 0, 0, 0, 0, 0, 0, 0, 0, 0, 1, 0, 127, 0, 16193, 259088, 1036352, 323860, 323860, 323860, 323860, 0, 0, 0, 0, 0, 0, 0, 16, 64, 20, 20, 20, 20, )
e5d59077 c0c63d2e 811eddb8 30f6d440 c8dfb68b
time 0 = 9783 us
loop counter = (0, 0, 0, 0, 0, 0, 0, 0, 0, 0, 0, 0, 0, 0, 0, 0, 0, 0, 0, 0, 0, 0, 0, 1, 0, 375, 0, 47986, 767776, 3071104, 959720, 959720, 959720, 959720, 0, 0, 0, 0, 0, 0, 0, 16, 64, 20, 20, 20, 20, )
c48ea10d 50804ebf e3212859 892e0c20 230d422d
time 0 = 28754 us
loop counter = (0, 0, 0, 0, 0, 0, 0, 0, 0, 0, 0, 0, 0, 0, 0, 0, 0, 0, 0, 0, 0, 0, 0, 1, 0, 256, 0, 32694, 523104, 2092416, 653880, 653880, 653880, 653880, 0, 0, 0, 0, 0, 0, 0, 16, 64, 20, 20, 20, 20, )
d86d7ad0 0aa646a2 bd2df01e f0baffe2 032f2227
time 0 = 19414 us
loop counter = (0, 0, 0, 0, 0, 0, 0, 0, 0, 0, 0, 0, 0, 0, 0, 0, 0, 0, 0, 0, 0, 0, 0, 1, 0, 90, 0, 11505, 184080, 736320, 230100, 230100, 230100, 230100, 0, 0, 0, 0, 0, 0, 0, 16, 64, 20, 20, 20, 20, )
ff8c8665 0dee6c3f 60acb063 c96ca2d3 c0738cb2
time 0 = 6968 us
loop counter = (0, 0, 0, 0, 0, 0, 0, 0, 0, 0, 0, 0, 0, 0, 0, 0, 0, 0, 0, 0, 0, 0, 0, 1, 0, 165, 0, 21061, 336976, 1347904, 421220, 421220, 421220, 421220, 0, 0, 0, 0, 0, 0, 0, 16, 64, 20, 20, 20, 20, )
744be391 e95b29f4 3dddd73b 8a9abc3a bb8e0cfa
time 0 = 12460 us
loop counter = (0, 0, 0, 0, 0, 0, 0, 0, 0, 0, 0, 0, 0, 0, 0, 0, 0, 0, 0, 0, 0, 0, 0, 1, 0, 584, 0, 74731, 1195696, 4782784, 1494620, 1494620, 1494620, 1494620, 1, 16, 64, 20, 20, 20, 20, 16, 64, 20, 20, 20, 20, )
bca0e5ae 53c121c3 ff743a02 b5cd3792 48eed664
time 0 = 44343 us
loop counter = (0, 0, 0, 0, 0, 0, 0, 0, 0, 0, 0, 0, 0, 0, 0, 0, 0, 0, 0, 0, 0, 0, 0, 1, 0, 110, 0, 13994, 223904, 895616, 279880, 279880, 279880, 279880, 0, 0, 0, 0, 0, 0, 0, 16, 64, 20, 20, 20, 20, )
02bbd518 98c9b8ef 4d227edd 4565d85e 5c53e0a7
time 0 = 8327 us
loop counter = (0, 0, 0, 0, 0, 0, 0, 0, 0, 0, 0, 0, 0, 0, 0, 0, 0, 0, 0, 0, 0, 0, 0, 1, 0, 451, 0, 57677, 922832, 3691328, 1153540, 1153540, 1153540, 1153540, 0, 0, 0, 0, 0, 0, 0, 16, 64, 20, 20, 20, 20, )
0e46cf80 5ccc5fdb 3732061a 86dd1376 d6049cf0
time 0 = 34250 us
loop counter = (0, 0, 0, 0, 0, 0, 0, 0, 0, 0, 0, 0, 0, 0, 0, 0, 0, 0, 0, 0, 0, 0, 0, 1, 0, 14, 0, 1735, 27760, 111040, 34700, 34700, 34700, 34700, 0, 0, 0, 0, 0, 0, 0, 16, 64, 20, 20, 20, 20, )
c12db57b 1c1ef511 fb37a9dd 4743e17f 5fe349d4
time 0 = 1145 us
loop counter = (0, 0, 0, 0, 0, 0, 0, 0, 0, 0, 0, 0, 0, 0, 0, 0, 0, 0, 0, 0, 0, 0, 0, 1, 0, 152, 0, 19339, 309424, 1237696, 386780, 386780, 386780, 386780, 0, 0, 0, 0, 0, 0, 0, 16, 64, 20, 20, 20, 20, )
22907e5c 21238dc4 1758427b 4b725aa1 93b980e5
time 0 = 11250 us
loop counter = (0, 0, 0, 0, 0, 0, 0, 0, 0, 0, 0, 0, 0, 0, 0, 0, 0, 0, 0, 0, 0, 0, 0, 1, 0, 156, 0, 19966, 319456, 1277824, 399320, 399320, 399320, 399320, 0, 0, 0, 0, 0, 0, 0, 16, 64, 20, 20, 20, 20, )
d321a801 a3066e9a a52bb755 e52328d0 672aec37
time 0 = 11653 us
loop counter = (0, 0, 0, 0, 0, 0, 0, 0, 0, 0, 0, 0, 0, 0, 0, 0, 0, 0, 0, 0, 0, 0, 0, 1, 0, 424, 0, 54250, 868000, 3472000, 1085000, 1085000, 1085000, 1085000, 0, 0, 0, 0, 0, 0, 0, 16, 64, 20, 20, 20, 20, )
123e6876 5b249b4c 95a95ecb 89598cb6 737a89d8
time 0 = 31599 us
loop counter = (0, 0, 0, 0, 0, 0, 0, 0, 0, 0, 0, 0, 0, 0, 0, 0, 0, 0, 0, 0, 0, 0, 0, 1, 0, 394, 0, 50414, 806624, 3226496, 1008280, 1008280, 1008280, 1008280, 0, 0, 0, 0, 0, 0, 0, 16, 64, 20, 20, 20, 20, )
9323a311 d3319cc2 0944279b 7f63008b 2d9e8353
time 0 = 28870 us
loop counter = (0, 0, 0, 0, 0, 0, 0, 0, 0, 0, 0, 0, 0, 0, 0, 0, 0, 0, 0, 0, 0, 0, 0, 1, 0, 244, 0, 31221, 499536, 1998144, 624420, 624420, 624420, 624420, 0, 0, 0, 0, 0, 0, 0, 16, 64, 20, 20, 20, 20, )
7233919f b6556294 73f10870 d39e396c baf3944e
time 0 = 18229 us
loop counter = (0, 0, 0, 0, 0, 0, 0, 0, 0, 0, 0, 0, 0, 0, 0, 0, 0, 0, 0, 0, 0, 0, 0, 1, 0, 62, 0, 7909, 126544, 506176, 158180, 158180, 158180, 158180, 0, 0, 0, 0, 0, 0, 0, 16, 64, 20, 20, 20, 20, )
17278eef 625c654a 68301779 0a542eab 6f23ff8c
time 0 = 4621 us
loop counter = (0, 0, 0, 0, 0, 0, 0, 0, 0, 0, 0, 0, 0, 0, 0, 0, 0, 0, 0, 0, 0, 0, 0, 1, 0, 233, 0, 29819, 477104, 1908416, 596380, 596380, 596380, 596380, 1, 16, 64, 20, 20, 20, 20, 16, 64, 20, 20, 20, 20, )
db0b2c9e e9d6d711 ab7b3fa3 b1c455d2 b7beaeed
time 0 = 17400 us
loop counter = (0, 0, 0, 0, 0, 0, 0, 0, 0, 0, 0, 0, 0, 0, 0, 0, 0, 0, 0, 0, 0, 0, 0, 1, 0, 479, 0, 61305, 980880, 3923520, 1226100, 1226100, 1226100, 1226100, 0, 0, 0, 0, 0, 0, 0, 16, 64, 20, 20, 20, 20, )
fafd1b7f 441201b8 08d909da 640be1b4 e746596b
time 0 = 35719 us
loop counter = (0, 0, 0, 0, 0, 0, 0, 0, 0, 0, 0, 0, 0, 0, 0, 0, 0, 0, 0, 0, 0, 0, 0, 1, 0, 61, 0, 7807, 124912, 499648, 156140, 156140, 156140, 156140, 0, 0, 0, 0, 0, 0, 0, 16, 64, 20, 20, 20, 20, )
52524f9a 88ede196 fb6ea5c2 c4b6462a b150e667
time 0 = 4561 us
loop counter = (0, 0, 0, 0, 0, 0, 0, 0, 0, 0, 0, 0, 0, 0, 0, 0, 0, 0, 0, 0, 0, 0, 0, 1, 0, 454, 0, 58021, 928336, 3713344, 1160420, 1160420, 1160420, 1160420, 0, 0, 0, 0, 0, 0, 0, 16, 64, 20, 20, 20, 20, )
42ab7a9b c60b263d 6a6919fd e2eab926 aa829158
time 0 = 34466 us
loop counter = (0, 0, 0, 0, 0, 0, 0, 0, 0, 0, 0, 0, 0, 0, 0, 0, 0, 0, 0, 0, 0, 0, 0, 1, 0, 266, 0, 33978, 543648, 2174592, 679560, 679560, 679560, 679560, 0, 0, 0, 0, 0, 0, 0, 16, 64, 20, 20, 20, 20, )
1c3ba193 78470fe2 fc7df0fd 7529488b 2f04bfca
time 0 = 19910 us
loop counter = (0, 0, 0, 0, 0, 0, 0, 0, 0, 0, 0, 0, 0, 0, 0, 0, 0, 0, 0, 0, 0, 0, 0, 1, 0, 449, 0, 57409, 918544, 3674176, 1148180, 1148180, 1148180, 1148180, 0, 0, 0, 0, 0, 0, 0, 16, 64, 20, 20, 20, 20, )
751d3d62 c575c076 966d95f8 6909b6af 5d686fa9
time 0 = 34001 us
loop counter = (0, 0, 0, 0, 0, 0, 0, 0, 0, 0, 0, 0, 0, 0, 0, 0, 0, 0, 0, 0, 0, 0, 0, 1, 0, 169, 0, 21513, 344208, 1376832, 430260, 430260, 430260, 430260, 0, 0, 0, 0, 0, 0, 0, 16, 64, 20, 20, 20, 20, )
388c7aee aa8ac0e8 ec77d0f2 ab3aa04b 1f18e887
time 0 = 12725 us
loop counter = (0, 0, 0, 0, 0, 0, 0, 0, 0, 0, 0, 0, 0, 0, 0, 0, 0, 0, 0, 0, 0, 0, 0, 1, 0, 438, 0, 55968, 895488, 3581952, 1119360, 1119360, 1119360, 1119360, 0, 0, 0, 0, 0, 0, 0, 16, 64, 20, 20, 20, 20, )
4a1b01d3 26509dfb 2d060656 b9608470 9facf4db
time 0 = 33303 us
loop counter = (0, 0, 0, 0, 0, 0, 0, 0, 0, 0, 0, 0, 0, 0, 0, 0, 0, 0, 0, 0, 0, 0, 0, 1, 0, 143, 0, 18199, 291184, 1164736, 363980, 363980, 363980, 363980, 0, 0, 0, 0, 0, 0, 0, 16, 64, 20, 20, 20, 20, )
aea46fed 0c0364a8 fa04f9a3 bd3c36f3 5320420b
time 0 = 10795 us
loop counter = (0, 0, 0, 0, 0, 0, 0, 0, 0, 0, 0, 0, 0, 0, 0, 0, 0, 0, 0, 0, 0, 0, 0, 1, 0, 150, 0, 19103, 305648, 1222592, 382060, 382060, 382060, 382060, 0, 0, 0, 0, 0, 0, 0, 16, 64, 20, 20, 20, 20, )
e472262c 93b87cc4 208761d7 2f94e245 33810cbc
time 0 = 11233 us
loop counter = (0, 0, 0, 0, 0, 0, 0, 0, 0, 0, 0, 0, 0, 0, 0, 0, 0, 0, 0, 0, 0, 0, 0, 1, 0, 63, 0, 7959, 127344, 509376, 159180, 159180, 159180, 159180, 0, 0, 0, 0, 0, 0, 0, 16, 64, 20, 20, 20, 20, )
66900a8b 884b787b ebf48f6f fa777b6c 24a34dbd
time 0 = 4851 us
loop counter = (0, 0, 0, 0, 0, 0, 0, 0, 0, 0, 0, 0, 0, 0, 0, 0, 0, 0, 0, 0, 0, 0, 0, 1, 0, 61, 0, 7739, 123824, 495296, 154780, 154780, 154780, 154780, 0, 0, 0, 0, 0, 0, 0, 16, 64, 20, 20, 20, 20, )
aa01e869 13645f65 952eb595 8a9b704d d04f112c
time 0 = 4613 us
loop counter = (0, 0, 0, 0, 0, 0, 0, 0, 0, 0, 0, 0, 0, 0, 0, 0, 0, 0, 0, 0, 0, 0, 0, 1, 0, 432, 0, 55283, 884528, 3538112, 1105660, 1105660, 1105660, 1105660, 0, 0, 0, 0, 0, 0, 0, 16, 64, 20, 20, 20, 20, )
e8e0a673 6edcf36a 31b3f9c0 8ee1382b 06c9c2e1
time 0 = 32799 us
loop counter = (0, 0, 0, 0, 0, 0, 0, 0, 0, 0, 0, 0, 0, 0, 0, 0, 0, 0, 0, 0, 0, 0, 0, 1, 0, 112, 0, 14322, 229152, 916608, 286440, 286440, 286440, 286440, 0, 0, 0, 0, 0, 0, 0, 16, 64, 20, 20, 20, 20, )
19dd1a1c 1282025c 5a66eb17 77fcf9b4 7cc23258
time 0 = 8605 us
loop counter = (0, 0, 0, 0, 0, 0, 0, 0, 0, 0, 0, 0, 0, 0, 0, 0, 0, 0, 0, 0, 0, 0, 0, 1, 0, 390, 0, 49888, 798208, 3192832, 997760, 997760, 997760, 997760, 0, 0, 0, 0, 0, 0, 0, 16, 64, 20, 20, 20, 20, )
600980e9 318c9f03 595644a6 66073e96 6c6e57b9
time 0 = 29749 us
loop counter = (0, 0, 0, 0, 0, 0, 0, 0, 0, 0, 0, 0, 0, 0, 0, 0, 0, 0, 0, 0, 0, 0, 0, 1, 0, 223, 0, 28539, 456624, 1826496, 570780, 570780, 570780, 570780, 1, 16, 64, 20, 20, 20, 20, 16, 64, 20, 20, 20, 20, )
881b6ef5 15a328cc a148fe30 3586a734 e65e31c4
time 0 = 16906 us
loop counter = (0, 0, 0, 0, 0, 0, 0, 0, 0, 0, 0, 0, 0, 0, 0, 0, 0, 0, 0, 0, 0, 0, 0, 1, 0, 316, 0, 40359, 645744, 2582976, 807180, 807180, 807180, 807180, 0, 0, 0, 0, 0, 0, 0, 16, 64, 20, 20, 20, 20, )
1a494ec3 f1b69ff8 415fcf41 6d089b6b 096feb9c
time 0 = 24075 us
loop counter = (0, 0, 0, 0, 0, 0, 0, 0, 0, 0, 0, 0, 0, 0, 0, 0, 0, 0, 0, 0, 0, 0, 0, 1, 0, 305, 0, 38946, 623136, 2492544, 778920, 778920, 778920, 778920, 0, 0, 0, 0, 0, 0, 0, 16, 64, 20, 20, 20, 20, )
46633c43 dc3181c8 748b9da3 058ab01b bbdd9d36
time 0 = 23267 us
